timestamp,open,high,low,close,adjusted_close,volume,dividend_amount,split_coefficient
2020-12-11,40.6,40.99,40.12,40.22,40.22,151938,0.0000,1.0
2020-12-10,40.28,40.97,40.07,40.83,40.83,264797,0.0000,1.0
2020-12-09,41.0,41.79,40.39,40.65,40.65,398943,0.0000,1.0
2020-12-08,39.0,40.61,39.0,40.54,40.54,458910,0.0000,1.0
2020-12-07,39.59,39.92,39.245,39.47,39.47,304835,0.0000,1.0
2020-12-04,38.94,39.62,38.94,39.62,39.62,291674,0.0000,1.0
2020-12-03,38.53,39.46,38.18,38.92,38.92,194718,0.0000,1.0
2020-12-02,39.14,39.19,38.35,38.44,38.44,289986,0.0000,1.0
2020-12-01,39.1,39.44,38.285,38.95,38.95,301724,0.0000,1.0
2020-11-30,39.63,39.65,38.42,38.5,38.5,252567,0.0000,1.0
2020-11-27,40.18,40.18,39.38,39.96,39.96,103101,0.0000,1.0
2020-11-25,40.81,41.08,39.97,40.26,40.26,353209,0.0000,1.0
2020-11-24,39.76,41.17,39.13,41.11,41.11,350493,0.0000,1.0
2020-11-23,38.73,39.39,38.36,39.18,39.18,213944,0.0000,1.0
2020-11-20,38.08,38.51,37.65,38.25,38.25,395523,0.0000,1.0
2020-11-19,38.18,38.36,37.53,38.25,38.25,204697,0.0000,1.0
2020-11-18,38.91,39.15,38.37,38.38,38.38,192098,0.0000,1.0
2020-11-17,39.36,39.73,38.4,38.8,38.8,334719,0.0000,1.0
2020-11-16,39.46,40.12,38.98,39.67,39.67,464644,0.0000,1.0
2020-11-13,37.92,38.66,37.68,38.49,38.49,226090,0.0000,1.0
2020-11-12,38.64,38.81,37.34,37.56,37.56,303409,0.0000,1.0
2020-11-11,41.06,41.06,38.4345,39.0,39.0,344547,0.0000,1.0
2020-11-10,40.2,41.32,39.8424,40.94,40.94,541794,0.0000,1.0
2020-11-09,38.39,40.6,38.39,39.82,39.82,507350,0.0000,1.0
2020-11-06,37.4,37.45,36.485,36.82,36.82,216215,0.0000,1.0
2020-11-05,36.02,37.23,36.02,37.22,37.22,287672,0.0000,1.0
2020-11-04,35.99,36.82,35.49,35.84,35.84,235463,0.0000,1.0
2020-11-03,36.19,36.67,35.96,36.47,36.47,338473,0.0000,1.0
2020-11-02,35.21,35.76,35.0,35.44,35.44,251785,0.0000,1.0
2020-10-30,35.2,35.43,34.28,34.72,34.72,613718,0.0000,1.0
2020-10-29,34.98,35.99,34.615,35.41,35.41,296114,0.0000,1.0
2020-10-28,35.78,36.16,35.06,35.19,35.19,298599,0.0000,1.0
2020-10-27,35.94,36.71,35.1,36.39,36.39,371966,0.0000,1.0
2020-10-26,35.26,35.93,35.005,35.9,35.9,484028,0.0000,1.0
2020-10-23,35.05,35.75,34.925,35.67,35.67,391511,0.0000,1.0
2020-10-22,33.84,34.97,33.61,34.95,34.95,364605,0.0000,1.0
2020-10-21,33.99,34.11,33.51,33.73,33.73,165351,0.0000,1.0
2020-10-20,34.12,34.7,33.86,34.13,34.13,181707,0.0000,1.0
2020-10-19,34.75,34.97,33.76,33.88,33.88,298214,0.0000,1.0
2020-10-16,34.84,35.24,34.51,34.73,34.73,322373,0.0000,1.0
2020-10-15,35.76,35.82,34.91,34.98,34.98,400459,0.0000,1.0
2020-10-14,37.16,37.7599,36.26,36.29,36.29,193521,0.0000,1.0
2020-10-13,36.8,37.25,36.58,37.12,37.12,230219,0.0000,1.0
2020-10-12,36.91,37.31,36.78,37.15,37.15,313557,0.0000,1.0
2020-10-09,37.6,37.69,36.73,37.01,37.01,277338,0.0000,1.0
2020-10-08,37.59,37.9,37.14,37.48,37.48,316021,0.0000,1.0
2020-10-07,37.19,37.46,36.745,37.39,37.39,604193,0.0000,1.0
2020-10-06,36.97,37.775,36.62,36.92,36.92,740770,0.0000,1.0
2020-10-05,36.9,37.1,36.58,36.83,36.83,377443,0.0000,1.0
2020-10-02,36.08,37.04,36.08,36.7,36.7,349125,0.0000,1.0
2020-10-01,36.72,37.05,36.35,36.74,36.74,280633,0.0000,1.0
2020-09-30,36.95,37.47,36.36,36.66,36.66,419991,0.1850,1.0
2020-09-29,37.47,37.58,36.41,36.92,36.7346234224,359479,0.0000,1.0
2020-09-28,37.28,37.86,37.1,37.46,37.2719120641,497350,0.0000,1.0
2020-09-25,36.42,37.26,36.42,36.85,36.6649748948,507329,0.0000,1.0
2020-09-24,36.24,37.24,35.96,36.74,36.5555272086,340897,0.0000,1.0
2020-09-23,37.5,37.69,36.16,36.18,35.9983389877,517120,0.0000,1.0
2020-09-22,37.06,37.75,36.69,37.5,37.3117112227,339380,0.0000,1.0
2020-09-21,37.64,37.76,36.15,37.09,36.9037698467,438035,0.0000,1.0
2020-09-18,38.67,39.35,38.09,38.57,38.3763387162,1071879,0.0000,1.0
2020-09-17,37.2,39.12,36.86,38.43,38.237041661,507833,0.0000,1.0
2020-09-16,37.01,37.9,36.96,37.53,37.3415605917,362872,0.0000,1.0
2020-09-15,36.7,37.1,36.46,37.06,36.8739204777,277915,0.0000,1.0
2020-09-14,36.45,37.145,36.1,36.71,36.5256778396,284941,0.0000,1.0
2020-09-11,37.73,37.73,36.1,36.14,35.958539829,463142,0.0000,1.0
2020-09-10,38.9,38.9,37.09,37.78,37.5903053332,458760,0.0000,1.0
2020-09-09,37.78,39.5,36.9735,38.53,38.3365395576,718507,0.0000,1.0
2020-09-08,37.91,37.91,36.61,36.65,36.4659791016,313742,0.0000,1.0
2020-09-04,38.5,38.83,37.84,38.33,38.1375437644,274837,0.0000,1.0
2020-09-03,38.47,39.62,37.61,37.76,37.5704057538,242635,0.0000,1.0
2020-09-02,38.15,38.89,37.99,38.67,38.4758366128,138281,0.0000,1.0
2020-09-01,38.0,38.23,37.6,38.19,37.9982467092,197176,0.0000,1.0
2020-08-31,38.28,38.5,37.82,38.14,37.9484977609,322492,0.0000,1.0
2020-08-28,38.15,38.42,37.81,38.33,38.1375437644,193723,0.0000,1.0
2020-08-27,37.58,38.09,37.3365,37.88,37.6898032297,218424,0.0000,1.0
2020-08-26,37.46,37.67,36.9,37.33,37.1425647985,202763,0.0000,1.0
2020-08-25,38.24,38.25,37.33,37.55,37.361460171,195055,0.0000,1.0
2020-08-24,37.58,38.03,37.06,37.99,37.799250916,453782,0.0000,1.0
2020-08-21,37.06,37.49,36.01,37.22,37.0331171122,710311,0.0000,1.0
2020-08-20,36.18,37.305,36.066,37.16,36.9734183743,287686,0.0000,1.0
2020-08-19,37.17,37.29,36.405,36.61,36.426179943,271664,0.0000,1.0
2020-08-18,37.02,37.29,36.77,37.11,36.923669426,245747,0.0000,1.0
2020-08-17,38.02,38.02,37.225,37.29,37.1027656398,250182,0.0000,1.0
2020-08-14,38.02,38.48,37.72,37.84,37.6500040711,248519,0.0000,1.0
2020-08-13,38.45,39.08,38.08,38.41,38.2171420817,233255,0.0000,1.0
2020-08-12,39.79,39.85,38.39,38.59,38.3962382956,328366,0.0000,1.0
2020-08-11,39.81,40.21,38.89,39.08,38.8837779889,398437,0.0000,1.0
2020-08-10,38.82,39.85,38.69,39.25,39.0529244131,455219,0.0000,1.0
2020-08-07,37.67,38.8,37.67,38.77,38.5753345094,244844,0.0000,1.0
2020-08-06,37.13,37.91,37.13,37.88,37.6898032297,247082,0.0000,1.0
2020-08-05,36.53,37.34,36.19,37.31,37.1226652192,450343,0.0000,1.0
2020-08-04,35.63,36.4937,35.53,35.99,35.8092929841,242030,0.0000,1.0
2020-08-03,36.32,36.77,35.75,35.81,35.6301967703,367159,0.0000,1.0
2020-07-31,34.95,35.95,34.78,35.9,35.7197448772,1278067,0.0000,1.0
2020-07-30,35.34,35.77,34.8,35.2,35.023259601,264314,0.0000,1.0
2020-07-29,35.22,35.895,35.17,35.84,35.6600461392,416947,0.0000,1.0
2020-07-28,35.24,35.79,35.19,35.27,35.0929081286,391399,0.0000,1.0
2020-07-27,34.25,35.49,34.1,35.46,35.2819541322,566028,0.0000,1.0
2020-07-24,35.25,35.27,34.31,34.34,34.1675776903,324529,0.0000,1.0
2020-07-23,35.48,36.09,34.95,35.14,34.9635608631,451806,0.0000,1.0
2020-07-22,35.57,35.98,35.15,35.59,35.4113013977,344645,0.0000,1.0
2020-07-21,35.37,36.35,35.3,35.8,35.6202469806,309600,0.0000,1.0
2020-07-20,35.6,35.82,34.99,35.18,35.0033600217,375852,0.0000,1.0
2020-07-17,35.16,36.28,35.0,36.09,35.9087908807,523439,0.0000,1.0
2020-07-16,35.57,36.3,34.79,35.01,34.8342135975,422600,0.0000,1.0
2020-07-15,34.71,36.09,34.44,35.84,35.6600461392,363628,0.0000,1.0
2020-07-14,33.66,34.39,33.21,33.9,33.7297869453,293903,0.0000,1.0
2020-07-13,33.23,34.32,32.72,33.71,33.5407409418,561186,0.0000,1.0
2020-07-10,32.05,33.31,31.98,33.03,32.8641552449,399497,0.0000,1.0
2020-07-09,32.89,32.93,31.36,31.98,31.8194273307,495865,0.0000,1.0
2020-07-08,33.81,33.89,32.54,32.99,32.8243560863,392918,0.0000,1.0
2020-07-07,35.21,35.25,33.8,33.82,33.650188628,502123,0.0000,1.0
2020-07-06,36.06,36.06,35.04,35.57,35.3914018184,306741,0.0000,1.0
2020-07-02,36.5,36.7,35.26,35.39,35.2123056046,370726,0.0000,1.0
2020-07-01,36.18,36.72,35.69,35.94,35.7595440358,452158,0.1850,1.0
2020-06-30,36.36,36.8,36.02,36.3,35.9327736609,415514,0.0000,1.0
2020-06-29,35.5,36.95,35.43,36.49,36.1208515396,495890,0.0000,1.0
2020-06-26,35.64,35.68,34.88,34.97,34.6162285103,721058,0.0000,1.0
2020-06-25,35.48,36.1,35.02,35.73,35.3685400249,410704,0.0000,1.0
2020-06-24,37.67,38.0,35.51,35.57,35.2101586534,748192,0.0000,1.0
2020-06-23,39.51,39.57,37.63,38.01,37.6254745689,773611,0.0000,1.0
2020-06-22,37.88,39.26,37.47,38.99,38.5955604694,589802,0.0000,1.0
2020-06-19,39.43,40.78,37.82,38.29,37.902641969,1330642,0.0000,1.0
2020-06-18,35.4,39.45,35.01,39.03,38.6351558123,2574523,0.0000,1.0
2020-06-17,34.1,34.36,32.44,32.53,32.2009125948,841191,0.0000,1.0
2020-06-16,33.8,34.75,32.76,34.12,33.7748274741,592628,0.0000,1.0
2020-06-15,30.68,32.61,30.41,32.43,32.1019242376,308540,0.0000,1.0
2020-06-12,32.76,33.09,30.83,31.62,31.3001185443,421350,0.0000,1.0
2020-06-11,32.3,32.76,31.32,31.46,31.1417371728,375437,0.0000,1.0
2020-06-10,35.38,35.5,33.7,33.74,33.3986717168,393311,0.0000,1.0
2020-06-09,36.2,36.28,34.91,35.56,35.2002598177,346698,0.0000,1.0
2020-06-08,36.72,37.22,36.4,36.75,36.3782212683,392412,0.0000,1.0
2020-06-05,35.79,36.74,35.66,36.54,36.1703457182,547678,0.0000,1.0
2020-06-04,32.95,34.89,32.59,34.4,34.0519948743,459103,0.0000,1.0
2020-06-03,32.78,33.46,32.29,33.34,33.002718288,591926,0.0000,1.0
2020-06-02,32.63,32.85,32.03,32.16,31.8346556731,401438,0.0000,1.0
2020-06-01,31.0,33.12,30.97,32.23,31.9039475232,968278,0.0000,1.0
2020-05-29,33.13,33.42,30.47,30.73,30.4191221653,608562,0.0000,1.0
2020-05-28,33.87,34.12,33.25,33.48,33.1413019881,310586,0.0000,1.0
2020-05-27,34.33,34.44,32.73,33.5,33.1610996595,484262,0.0000,1.0
2020-05-26,33.73,34.57,33.65,34.16,33.814422817,343918,0.0000,1.0
2020-05-22,32.67,32.74,32.04,32.58,32.2504067733,201119,0.0000,1.0
2020-05-21,32.6,33.45,32.57,32.57,32.2405079376,270190,0.0000,1.0
2020-05-20,32.52,33.03,32.15,32.68,32.3493951305,258942,0.0000,1.0
2020-05-19,32.33,32.79,31.79,31.87,31.5475894373,263956,0.0000,1.0
2020-05-18,32.71,32.9,31.65,32.58,32.2504067733,415837,0.0000,1.0
2020-05-15,30.28,31.6,29.76,31.57,31.2506243657,609470,0.0000,1.0
2020-05-14,29.08,30.51,28.21,30.42,30.112258258,469533,0.0000,1.0
2020-05-13,31.69,31.74,29.39,29.66,29.3599467433,460205,0.0000,1.0
2020-05-12,33.83,33.83,32.06,32.07,31.7455661517,325248,0.0000,1.0
2020-05-11,33.03,33.83,32.15,33.7,33.3590763739,446198,0.0000,1.0
2020-05-08,32.3,33.57,32.03,33.5,33.1610996595,381004,0.0000,1.0
2020-05-07,31.58,31.87,31.4,31.58,31.2605232014,363926,0.0000,1.0
2020-05-06,32.04,32.71,30.98,31.06,30.745783744,294788,0.0000,1.0
2020-05-05,33.09,33.27,32.19,32.21,31.8841498517,329590,0.0000,1.0
2020-05-04,32.72,33.01,31.96,32.36,32.0326323875,551227,0.0000,1.0
2020-05-01,33.71,34.14,32.7,33.24,32.9037299308,418608,0.0000,1.0
2020-04-30,35.0,35.74,34.26,34.49,34.1410843957,1435543,0.0000,1.0
2020-04-29,35.07,36.5,34.8,35.95,35.5863144107,482165,0.0000,1.0
2020-04-28,33.8,34.48,33.35,34.09,33.745130967,421578,0.0000,1.0
2020-04-27,31.91,33.54,31.77,33.04,32.7057532164,337498,0.0000,1.0
2020-04-24,31.33,31.99,30.78,31.6,31.2803208729,479728,0.0000,1.0
2020-04-23,30.72,31.64,30.72,31.15,30.8348732655,409042,0.0000,1.0
2020-04-22,30.79,31.17,30.21,30.78,30.4686163439,336901,0.0000,1.0
2020-04-21,29.95,30.88,29.63,30.13,29.8251920221,360599,0.0000,1.0
2020-04-20,32.24,32.85,30.59,30.69,30.3795268224,543262,0.0000,1.0
2020-04-17,32.52,33.35,31.63,32.88,32.5473718449,767102,0.0000,1.0
2020-04-16,30.56,31.68,30.14,31.54,31.2209278585,722412,0.0000,1.0
2020-04-15,29.8,31.31,29.58,30.55,30.2409431223,933768,0.0000,1.0
2020-04-14,29.5,31.05,29.1,30.98,30.6665930583,808522,0.0000,1.0
2020-04-13,28.37,28.81,27.83,28.69,28.3997596786,446370,0.0000,1.0
2020-04-09,28.4,29.85,27.86,28.93,28.6373317358,555914,0.0000,1.0
2020-04-08,26.22,28.24,25.99,27.85,27.5682574781,511894,0.0000,1.0
2020-04-07,26.5,28.17,26.18,26.32,26.0537356131,930746,0.0000,1.0
2020-04-06,23.83,26.02,23.65,25.97,25.7072763629,622914,0.0000,1.0
2020-04-03,23.86,24.36,22.28,22.78,22.5495477685,384317,0.0000,1.0
2020-04-02,22.91,24.28,22.8,24.24,23.9947777835,468539,0.0000,1.0
2020-04-01,23.99,24.12,22.76,23.36,23.1236802402,530062,0.1850,1.0
2020-03-31,24.36,25.17,23.85,24.36,23.9240964388,853939,0.0000,1.0
2020-03-30,22.21,24.22,21.6,24.17,23.7374963434,602345,0.0000,1.0
2020-03-27,21.21,23.62,21.0,21.99,21.5965057754,1455738,0.0000,1.0
2020-03-26,21.0,22.45,20.73,22.05,21.6554321213,1031781,0.0000,1.0
2020-03-25,21.02,22.26,20.11,21.01,20.6340421256,1208873,0.0000,1.0
2020-03-24,21.7,22.71,19.79,21.02,20.6438631832,1118439,0.0000,1.0
2020-03-23,21.25,22.6,20.13,20.45,20.0840628971,581785,0.0000,1.0
2020-03-20,24.09,24.09,20.84,21.05,20.6733263562,979947,0.0000,1.0
2020-03-19,24.63,26.02,21.86,24.06,23.6294647092,630189,0.0000,1.0
2020-03-18,26.55,28.05,24.64,24.72,24.2776545142,789707,0.0000,1.0
2020-03-17,27.0,29.21,26.68,28.22,27.7150246922,785426,0.0000,1.0
2020-03-16,24.04,27.63,24.0,26.42,25.947234315,648398,0.0000,1.0
2020-03-13,25.7,27.29,24.66,27.28,26.791845273,613393,0.0000,1.0
2020-03-12,27.0,27.0,24.16,24.17,23.7374963434,608413,0.0000,1.0
2020-03-11,31.03,31.23,28.78,29.41,28.8837305527,344353,0.0000,1.0
2020-03-10,32.5,32.5,30.55,31.92,31.3488160232,365578,0.0000,1.0
2020-03-09,31.4,32.68,28.0,31.54,30.9756158325,363782,0.0000,1.0
2020-03-06,33.83,34.92,32.87,33.9,33.2933854382,520482,0.0000,1.0
2020-03-05,35.5,36.42,33.95,35.06,34.4326281258,737514,0.0000,1.0
2020-03-04,34.5,35.27,34.29,35.12,34.4915544717,500947,0.0000,1.0
2020-03-03,34.92,35.95,33.7,33.94,33.3326696688,481554,0.0000,1.0
2020-03-02,33.0,34.77,32.6,34.72,34.0987121656,690964,0.0000,1.0
2020-02-28,34.24,34.94,32.38,32.92,32.3309217884,585576,0.0000,1.0
2020-02-27,35.22,36.43,34.64,35.31,34.678154567,537032,0.0000,1.0
2020-02-26,35.92,36.49,35.34,35.84,35.1986706226,330520,0.0000,1.0
2020-02-25,37.26,37.26,35.7,35.73,35.0906389884,235075,0.0000,1.0
2020-02-24,37.08,37.5,36.8,37.27,36.6030818667,256974,0.0000,1.0
2020-02-21,38.9,39.1,38.42,38.42,37.7325034966,828806,0.0000,1.0
2020-02-20,38.57,39.21,38.43,38.99,38.2923037828,267541,0.0000,1.0
2020-02-19,38.72,39.1,38.68,38.82,38.1253458027,209426,0.0000,1.0
2020-02-18,38.81,39.0,38.24,38.7,38.0074931109,186239,0.0000,1.0
2020-02-14,39.2,39.3,38.74,38.87,38.1744510909,199218,0.0000,1.0
2020-02-13,38.97,39.3,38.51,39.12,38.4199775322,171679,0.0000,1.0
2020-02-12,39.35,39.35,38.71,39.19,38.4887249358,222061,0.0000,1.0
2020-02-11,38.74,39.19,38.74,38.98,38.2824827251,158499,0.0000,1.0
2020-02-10,38.31,38.57,38.03,38.54,37.8503561884,241637,0.0000,1.0
2020-02-07,39.38,39.4,38.39,38.42,37.7325034966,162509,0.0000,1.0
2020-02-06,40.74,40.74,39.42,39.52,38.8128198383,216918,0.0000,1.0
2020-02-05,40.05,40.705,40.05,40.55,39.8243887764,222573,0.0000,1.0
2020-02-04,39.4,40.18,39.38,39.85,39.1369147408,258566,0.0000,1.0
2020-02-03,38.34,38.89,38.18,38.73,38.0369562838,419416,0.0000,1.0
2020-01-31,38.64,38.9,37.96,38.14,37.4575138824,1083222,0.0000,1.0
2020-01-30,38.7,39.05,38.26,38.88,38.1842721486,170503,0.0000,1.0
2020-01-29,39.18,39.43,38.88,39.02,38.3217669557,265701,0.0000,1.0
2020-01-28,39.22,39.65,39.1,39.12,38.4199775322,192106,0.0000,1.0
2020-01-27,38.36,39.48,38.36,39.05,38.3512301287,490758,0.0000,1.0
2020-01-24,39.37,39.45,38.66,39.04,38.341409071,218739,0.0000,1.0
2020-01-23,39.59,39.59,38.99,39.3,38.59675657,317312,0.0000,1.0
2020-01-22,39.77,40.06,39.68,39.76,39.0485252219,246299,0.0000,1.0
2020-01-21,39.64,39.87,39.38,39.45,38.7440724347,329709,0.0000,1.0
2020-01-17,40.53,40.55,39.43,39.79,39.0779883949,334878,0.0000,1.0
2020-01-16,39.52,40.5,39.51,40.41,39.6868939693,341892,0.0000,1.0
2020-01-15,39.18,39.67,39.09,39.28,38.5771144546,251986,0.0000,1.0
2020-01-14,39.01,39.53,38.72,39.3,38.59675657,287597,0.0000,1.0
2020-01-13,38.63,39.24,38.63,39.22,38.5181881087,261459,0.0000,1.0
2020-01-10,38.7,38.87,38.46,38.66,37.9682088803,205344,0.0000,1.0
2020-01-09,38.55,38.92,38.42,38.72,38.0271352262,225062,0.0000,1.0
2020-01-08,37.87,38.67,37.85,38.4,37.7128613813,326732,0.0000,1.0
2020-01-07,38.37,38.37,37.67,37.99,37.3101980176,198401,0.0000,1.0
2020-01-06,37.83,38.36,37.67,38.31,37.6244718625,339665,0.0000,1.0
2020-01-03,37.89,38.39,37.89,38.32,37.6342929201,299511,0.0000,1.0
2020-01-02,37.89,38.48,37.84,38.42,37.7325034966,358587,0.0000,1.0
2019-12-31,38.12,38.32,37.54,37.71,37.0352084034,285355,0.1850,1.0
2019-12-30,38.5,38.58,38.2,38.37,37.4994312294,226209,0.0000,1.0
2019-12-27,38.76,38.78,38.39,38.5,37.626481687,241733,0.0000,1.0
2019-12-26,38.21,38.66,37.95,38.62,37.7437590326,357479,0.0000,1.0
2019-12-24,37.69,38.28,37.4,38.2,37.3332883232,166650,0.0000,1.0
2019-12-23,38.64,38.65,37.45,37.74,36.8837251654,519962,0.0000,1.0
2019-12-20,39.05,39.74,38.58,38.7,37.8219439296,1423851,0.0000,1.0
2019-12-19,35.54,39.19,35.04,38.96,38.0760448449,1099887,0.0000,1.0
2019-12-18,37.26,37.65,36.25,37.61,36.7566747078,733004,0.0000,1.0
2019-12-17,37.55,37.67,36.85,37.08,36.2386997651,463820,0.0000,1.0
2019-12-16,37.52,37.93,37.38,37.48,36.6296242501,443653,0.0000,1.0
2019-12-13,37.88,37.97,36.87,37.09,36.2484728772,355037,0.0000,1.0
2019-12-12,38.16,38.52,37.83,37.95,37.0889605201,263648,0.0000,1.0
2019-12-11,38.13,38.39,38.01,38.13,37.2648765384,185874,0.0000,1.0
2019-12-10,38.23,38.37,37.91,38.07,37.2062378656,197232,0.0000,1.0
2019-12-09,38.04,38.34,37.96,38.16,37.2941958747,322062,0.0000,1.0
2019-12-06,38.07,38.63,38.03,38.14,37.2746496505,281670,0.0000,1.0
2019-12-05,37.65,37.93,37.45,37.66,36.8055402684,239984,0.0000,1.0
2019-12-04,37.82,38.41,37.53,37.56,36.7078091471,239344,0.0000,1.0
2019-12-03,37.38,37.62,37.04,37.62,36.7664478199,160156,0.0000,1.0
2019-12-02,38.12,38.26,37.64,37.72,36.8641789412,257236,0.0000,1.0
2019-11-29,38.72,38.72,37.97,37.99,37.1280529686,117787,0.0000,1.0
2019-11-27,38.96,39.13,38.72,38.84,37.9587674993,121381,0.0000,1.0
2019-11-26,38.3,38.89,38.28,38.74,37.8610363781,214370,0.0000,1.0
2019-11-25,37.93,38.49,37.64,38.32,37.4505656688,327189,0.0000,1.0
2019-11-22,37.92,38.0,37.43,37.64,36.7859940442,208324,0.0000,1.0
2019-11-21,38.77,38.78,37.83,37.91,37.0498680716,168527,0.0000,1.0
2019-11-20,38.48,39.18,38.48,38.61,37.7339859204,251662,0.0000,1.0
2019-11-19,38.5,38.95,38.33,38.76,37.8805826023,215589,0.0000,1.0
2019-11-18,37.82,38.5,37.69,38.39,37.5189774536,162438,0.0000,1.0
2019-11-15,38.58,38.58,37.75,37.89,37.0303218473,199144,0.0000,1.0
2019-11-14,37.94,38.43,37.69,38.31,37.4407925566,138933,0.0000,1.0
2019-11-13,37.94,38.15,37.71,37.99,37.1280529686,225494,0.0000,1.0
2019-11-12,37.74,38.71,37.59,38.31,37.4407925566,190572,0.0000,1.0
2019-11-11,37.57,37.86,37.25,37.68,36.8250864927,161664,0.0000,1.0
2019-11-08,37.4,37.89,37.19,37.81,36.9521369503,224697,0.0000,1.0
2019-11-07,37.53,37.93,36.3,37.42,36.5709855774,217925,0.0000,1.0
2019-11-06,37.26,37.35,36.89,37.15,36.30711155,253394,0.0000,1.0
2019-11-05,36.93,37.34,36.74,37.33,36.4830275682,266369,0.0000,1.0
2019-11-04,36.82,37.12,36.51,36.78,35.9455064013,274280,0.0000,1.0
2019-11-01,36.73,36.85,35.77,36.46,35.6327668132,284073,0.0000,1.0
2019-10-31,36.81,36.94,36.03,36.46,35.6327668132,1027969,0.0000,1.0
2019-10-30,37.32,37.32,36.75,37.05,36.2093804287,260146,0.0000,1.0
2019-10-29,37.56,38.16,37.33,37.37,36.5221200167,374163,0.0000,1.0
2019-10-28,37.46,37.92,37.46,37.71,36.854405829,273135,0.0000,1.0
2019-10-25,36.74,37.48,36.5,37.4,36.5514393531,331473,0.0000,1.0
2019-10-24,37.44,37.44,36.38,36.83,35.9943719619,240763,0.0000,1.0
2019-10-23,37.97,38.11,37.21,37.37,36.5221200167,252864,0.0000,1.0
2019-10-22,37.61,38.14,37.5,37.94,37.0791874079,283401,0.0000,1.0
2019-10-21,37.92,38.16,37.48,37.68,36.8250864927,221103,0.0000,1.0
2019-10-18,36.82,37.62,36.82,37.51,36.6589435865,230850,0.0000,1.0
2019-10-17,36.96,37.22,36.64,37.0,36.1605148681,307790,0.0000,1.0
2019-10-16,36.52,36.93,36.39,36.79,35.9552795134,271248,0.0000,1.0
2019-10-15,36.97,37.15,36.43,36.69,35.8575483921,317320,0.0000,1.0
2019-10-14,35.87,36.59,35.87,36.46,35.6327668132,258242,0.0000,1.0
2019-10-11,35.54,36.97,35.48,36.12,35.3004810009,506381,0.0000,1.0
2019-10-10,34.43,35.03,34.37,35.0,34.2058924428,232735,0.0000,1.0
2019-10-09,34.59,34.77,34.21,34.38,33.5999594909,254336,0.0000,1.0
2019-10-08,34.13,34.56,33.93,34.3,33.5217745939,234238,0.0000,1.0
2019-10-07,34.63,34.87,34.42,34.51,33.7270099486,320397,0.0000,1.0
2019-10-04,34.22,34.8,34.04,34.79,34.0006570881,279906,0.0000,1.0
2019-10-03,33.9,34.19,33.46,34.11,33.3360854635,265449,0.0000,1.0
2019-10-02,35.2,35.2,33.94,34.05,33.2774467907,388128,0.1800,1.0
2019-10-01,36.55,36.85,35.74,35.82,34.823200235,309521,0.0000,1.0
2019-09-30,36.41,36.8,36.22,36.32,35.3092862238,318526,0.0000,1.0
2019-09-27,36.91,37.0,36.08,36.36,35.3481731029,618470,0.0000,1.0
2019-09-26,36.4,36.82,36.34,36.73,35.7078767346,251759,0.0000,1.0
2019-09-25,36.05,36.67,35.98,36.51,35.4939988995,337422,0.0000,1.0
2019-09-24,36.26,36.49,35.74,35.88,34.8815305537,245867,0.0000,1.0
2019-09-23,35.71,36.56,35.71,36.23,35.2217907458,235320,0.0000,1.0
2019-09-20,36.28,36.64,35.77,35.96,34.9593043119,695716,0.0000,1.0
2019-09-19,36.4,36.79,36.16,36.26,35.2509559051,272286,0.0000,1.0
2019-09-18,36.4,36.71,35.92,36.22,35.212069026,264236,0.0000,1.0
2019-09-17,36.49,36.97,36.37,36.49,35.47455546,182512,0.0000,1.0
2019-09-16,36.1,36.86,36.02,36.65,35.6301029764,187692,0.0000,1.0
2019-09-13,36.84,37.5,36.24,36.3,35.2898427842,468566,0.0000,1.0
2019-09-12,36.36,37.11,36.27,36.85,35.8245373719,387980,0.0000,1.0
2019-09-11,36.13,36.58,35.81,36.55,35.5328857786,283731,0.0000,1.0
2019-09-10,34.85,36.27,34.62,36.04,35.0370780701,384043,0.0000,1.0
2019-09-09,35.32,35.32,33.78,34.94,33.9676888948,440944,0.0000,1.0
2019-09-06,38.6,38.91,35.27,35.34,34.3565576858,515511,0.0000,1.0
2019-09-05,37.09,37.84,37.09,37.37,36.3300668002,471982,0.0000,1.0
2019-09-04,37.0,37.15,36.34,36.65,35.6301029764,597864,0.0000,1.0
2019-09-03,37.01,37.14,36.45,36.59,35.5717726577,506686,0.0000,1.0
2019-08-30,37.48,37.62,36.96,37.26,36.2231278826,222532,0.0000,1.0
2019-08-29,37.09,37.4,36.77,37.15,36.1161889651,381788,0.0000,1.0
2019-08-28,36.44,36.79,35.98,36.58,35.5620509379,325000,0.0000,1.0
2019-08-27,37.57,37.62,36.61,36.63,35.6106595368,253964,0.0000,1.0
2019-08-26,37.34,37.34,36.7,37.23,36.1939627233,845139,0.0000,1.0
2019-08-23,38.22,38.47,36.72,36.84,35.8148156521,282062,0.0000,1.0
2019-08-22,38.86,39.16,38.39,38.46,37.3897342557,221806,0.0000,1.0
2019-08-21,38.5,38.87,38.38,38.68,37.6036120907,161498,0.0000,1.0
2019-08-20,38.82,38.82,38.09,38.12,37.0591957833,404005,0.0000,1.0
2019-08-19,38.97,39.22,38.68,38.93,37.8466550851,234411,0.0000,1.0
2019-08-16,38.18,38.85,38.17,38.53,37.4577862941,212047,0.0000,1.0
2019-08-15,38.36,38.36,37.56,38.05,36.9911437449,320524,0.0000,1.0
2019-08-14,39.25,39.3,38.18,38.4,37.331403937,258039,0.0000,1.0
2019-08-13,39.65,41.01,39.65,39.91,38.7993836231,233324,0.0000,1.0
2019-08-12,40.35,40.36,39.65,39.78,38.673001266,200626,0.0000,1.0
2019-08-09,40.94,41.02,40.37,40.59,39.4604605678,189119,0.0000,1.0
2019-08-08,40.35,41.15,40.26,41.11,39.9659899961,183610,0.0000,1.0
2019-08-07,39.75,40.12,39.42,40.07,38.9549311395,224105,0.0000,1.0
2019-08-06,39.64,40.32,39.64,40.21,39.0910352164,353538,0.0000,1.0
2019-08-05,39.74,40.29,38.95,39.5,38.4007931123,405839,0.0000,1.0
2019-08-02,40.95,40.97,40.42,40.69,39.5576777656,193900,0.0000,1.0
2019-08-01,42.1,42.67,40.93,41.09,39.9465465566,384232,0.0000,1.0
2019-07-31,42.33,42.58,41.42,42.09,40.9187185341,1595643,0.0000,1.0
2019-07-30,41.51,42.46,41.09,42.25,41.0742660505,310630,0.0000,1.0
2019-07-29,42.0,42.22,41.56,41.75,40.5881800617,362320,0.0000,1.0
2019-07-26,41.5,42.18,41.27,42.01,40.8409447759,254778,0.0000,1.0
2019-07-25,41.5,41.9,41.25,41.43,40.2770850289,401327,0.0000,1.0
2019-07-24,41.28,41.7,40.78,41.58,40.4229108256,306609,0.0000,1.0
2019-07-23,41.23,41.49,40.85,41.42,40.2673633092,215433,0.0000,1.0
2019-07-22,41.47,41.64,40.95,41.05,39.9076596775,238580,0.0000,1.0
2019-07-19,41.86,42.21,41.35,41.36,40.2090329905,287011,0.0000,1.0
2019-07-18,41.54,41.98,41.16,41.93,40.7631710177,343607,0.0000,1.0
2019-07-17,41.22,41.65,40.99,41.17,40.0243203148,304409,0.0000,1.0
2019-07-16,41.49,41.63,41.19,41.34,40.189589551,395840,0.0000,1.0
2019-07-15,41.32,41.83,41.07,41.5,40.3451370674,342759,0.0000,1.0
2019-07-12,40.84,41.39,40.8,41.19,40.0437637543,271878,0.0000,1.0
2019-07-11,40.65,40.9,40.12,40.81,39.6743384029,193380,0.0000,1.0
2019-07-10,40.62,40.93,40.43,40.59,39.4604605678,167278,0.0000,1.0
2019-07-09,40.46,40.63,40.21,40.41,39.2854696119,156125,0.0000,1.0
2019-07-08,40.57,40.88,40.57,40.68,39.5479560458,263250,0.0000,1.0
2019-07-05,40.05,40.78,39.92,40.73,39.5965646447,260450,0.0000,1.0
2019-07-03,39.89,40.36,39.65,40.22,39.1007569361,222666,0.1800,1.0
2019-07-02,40.28,40.33,39.6,39.88,38.5974798667,220884,0.0000,1.0
2019-07-01,40.47,40.56,39.94,40.33,39.0330080999,373301,0.0000,1.0
2019-06-28,39.72,40.48,39.72,40.0,38.7136207288,697604,0.0000,1.0
2019-06-27,39.11,39.68,38.91,39.64,38.3651981423,302277,0.0000,1.0
2019-06-26,39.14,39.28,38.68,38.93,37.6780313743,306965,0.0000,1.0
2019-06-25,38.99,39.21,38.61,38.99,37.7361018054,318219,0.0000,1.0
2019-06-24,39.47,39.55,38.77,38.87,37.6199609432,365967,0.0000,1.0
2019-06-21,39.78,40.29,39.42,39.42,38.1522732283,404423,0.0000,1.0
2019-06-20,40.0,40.24,39.78,40.0,38.7136207288,283832,0.0000,1.0
2019-06-19,39.88,40.06,39.64,40.0,38.7136207288,263271,0.0000,1.0
2019-06-18,40.39,40.63,39.77,39.88,38.5974798667,212302,0.0000,1.0
2019-06-17,39.99,40.33,39.89,40.0,38.7136207288,407991,0.0000,1.0
2019-06-14,39.75,40.4,39.57,39.76,38.4813390045,324191,0.0000,1.0
2019-06-13,40.0,40.16,39.78,39.81,38.5297310304,482807,0.0000,1.0
2019-06-12,39.47,40.29,39.22,39.83,38.5490878407,469541,0.0000,1.0
2019-06-11,39.82,39.83,38.98,39.62,38.3458413319,436745,0.0000,1.0
2019-06-10,39.46,39.54,38.9955,39.47,38.2006652542,665001,0.0000,1.0
2019-06-07,39.74,39.99,39.0,39.36,38.0942027972,532023,0.0000,1.0
2019-06-06,39.0,41.34,38.05,39.78,38.5006958148,1020217,0.0000,1.0
2019-06-05,37.48,37.65,36.7,37.28,36.0810945193,584943,0.0000,1.0
2019-06-04,36.69,37.71,36.445,37.6,36.3908034851,415278,0.0000,1.0
2019-06-03,36.29,36.79,36.05,36.33,35.161646027,327475,0.0000,1.0
2019-05-31,36.15,36.38,35.84,36.25,35.0842187855,260223,0.0000,1.0
2019-05-30,36.56,36.92,36.23,36.61,35.4326413721,198768,0.0000,1.0
2019-05-29,36.38,36.59,36.09,36.53,35.3552141306,229419,0.0000,1.0
2019-05-28,37.1,37.22,36.51,36.57,35.3939277513,346500,0.0000,1.0
2019-05-24,37.12,37.4,36.7,37.1,35.906883226,184393,0.0000,1.0
2019-05-23,37.63,37.7,36.62,36.92,35.7326719327,246203,0.0000,1.0
2019-05-22,37.82,38.07,37.74,38.05,36.8263317183,145785,0.0000,1.0
2019-05-21,37.76,38.06,37.57,37.87,36.652120425,307552,0.0000,1.0
2019-05-20,37.56,38.02,37.41,37.47,36.2649842177,211534,0.0000,1.0
2019-05-17,38.04,38.45,37.85,37.86,36.6424420198,181404,0.0000,1.0
2019-05-16,38.01,38.6,37.99,38.34,37.1070054686,153549,0.0000,1.0
2019-05-15,37.5,38.2,37.5,38.01,36.7876180976,225294,0.0000,1.0
2019-05-14,37.4,38.18,37.38,37.85,36.6327636147,162243,0.0000,1.0
2019-05-13,37.6,37.6,37.04,37.29,36.0907729245,210978,0.0000,1.0
2019-05-10,38.04,38.36,37.39,38.32,37.0876486582,218783,0.0000,1.0
2019-05-09,37.68,38.31,37.32,38.18,36.9521509857,229165,0.0000,1.0
2019-05-08,38.06,38.34,37.81,37.93,36.7101908561,211622,0.0000,1.0
2019-05-07,38.07,38.33,37.54,37.96,36.7392260717,237138,0.0000,1.0
2019-05-06,37.65,38.58,37.65,38.41,37.1747543049,201408,0.0000,1.0
2019-05-03,37.61,38.39,37.6,38.36,37.126362279,191857,0.0000,1.0
2019-05-02,36.55,37.47,36.52,37.42,36.2165921918,226035,0.0000,1.0
2019-05-01,38.08,38.08,36.48,36.63,35.4519981824,725329,0.0000,1.0
2019-04-30,37.94,38.05,37.29,37.97,36.7489044768,850288,0.0000,1.0
2019-04-29,37.32,37.89,37.12,37.85,36.6327636147,211130,0.0000,1.0
2019-04-26,37.06,37.51,36.77,37.28,36.0810945193,257291,0.0000,1.0
2019-04-25,37.45,37.45,36.82,37.06,35.8681696053,233220,0.0000,1.0
2019-04-24,37.85,37.92,37.48,37.71,36.4972659421,219930,0.0000,1.0
2019-04-23,37.52,38.17,37.45,37.93,36.7101908561,294142,0.0000,1.0
2019-04-22,37.28,37.58,37.22,37.5,36.2940194333,202422,0.0000,1.0
2019-04-18,36.87,37.44,36.76,37.37,36.1682001659,281869,0.0000,1.0
2019-04-17,37.4,37.8,36.82,36.91,35.7229935275,352448,0.0000,1.0
2019-04-16,37.72,37.7711,37.04,37.16,35.9649536571,397194,0.0000,1.0
2019-04-15,37.5,37.67,37.34,37.49,36.2843410281,194742,0.0000,1.0
2019-04-12,37.28,37.44,36.9,37.42,36.2165921918,227164,0.0000,1.0
2019-04-11,37.03,37.27,36.93,37.0,35.8100991742,270407,0.0000,1.0
2019-04-10,36.61,37.26,36.55,37.01,35.8197775794,428389,0.0000,1.0
2019-04-09,37.02,37.02,36.49,36.49,35.3165005099,234952,0.0000,1.0
2019-04-08,36.88,37.13,36.67,37.06,35.8681696053,535761,0.0000,1.0
2019-04-05,36.47,37.19,36.14,37.12,35.9262400364,425250,0.0000,1.0
2019-04-04,37.04,37.47,36.56,36.83,35.6455662861,368641,0.0000,1.0
2019-04-03,37.38,37.43,36.59,36.97,35.7810639586,382430,0.1800,1.0
2019-04-02,37.03,37.4,36.81,37.38,36.0025887153,325856,0.0000,1.0
2019-04-01,36.47,37.07,36.17,36.99,35.6269597801,390781,0.0000,1.0
2019-03-29,36.0,36.63,35.9,36.35,35.0105430658,422854,0.0000,1.0
2019-03-28,35.45,36.06,35.3,35.93,34.6060195971,490762,0.0000,1.0
2019-03-27,34.71,35.48,34.55,35.37,34.0666549722,368578,0.0000,1.0
2019-03-26,34.72,35.07,34.52,34.87,33.5850794142,361704,0.0000,1.0
2019-03-25,33.92,34.64,33.66,34.52,33.2479765236,405517,0.0000,1.0
2019-03-22,34.66,34.66,33.6,33.88,32.6315598094,816480,0.0000,1.0
2019-03-21,34.46,35.22,34.46,34.96,33.6717630146,629288,0.0000,1.0
2019-03-20,34.91,35.07,34.21,34.57,33.2961340794,481677,0.0000,1.0
2019-03-19,34.78,35.17,34.54,34.73,33.450238258,443946,0.0000,1.0
2019-03-18,34.48,34.81,34.18,34.66,33.3828176798,455502,0.0000,1.0
2019-03-15,33.94,34.66,33.74,34.42,33.151661412,1080753,0.0000,1.0
2019-03-14,33.86,34.18,33.56,33.91,32.6604543429,332054,0.0000,1.0
2019-03-13,33.44,33.94,33.13,33.85,32.6026652759,346509,0.0000,1.0
2019-03-12,33.59,33.89,33.2,33.27,32.0440376286,474236,0.0000,1.0
2019-03-11,32.71,33.52,31.9,33.5,32.2655623853,573323,0.0000,1.0
2019-03-08,33.31,33.33,32.05,32.69,31.4854099814,1436875,0.0000,1.0
2019-03-07,36.37,36.37,31.81,33.57,32.3329829634,1694407,0.0000,1.0
2019-03-06,36.09,36.65,35.9,36.55,35.203173289,797936,0.0000,1.0
2019-03-05,35.65,36.65,35.65,36.02,34.6927031976,489706,0.0000,1.0
2019-03-04,36.14,36.63,35.61,35.66,34.3459687958,532942,0.0000,1.0
2019-03-01,36.02,36.31,35.3,36.01,34.6830716864,483406,0.0000,1.0
2019-02-28,35.75,35.9,35.53,35.66,34.3459687958,695862,0.0000,1.0
2019-02-27,36.03,36.09,35.57,35.73,34.4133893739,285276,0.0000,1.0
2019-02-26,36.5,36.69,36.03,36.06,34.7312292422,369641,0.0000,1.0
2019-02-25,37.05,37.34,36.53,36.55,35.203173289,422218,0.0000,1.0
2019-02-22,36.77,37.15,36.63,36.98,35.6173282689,424606,0.0000,1.0
2019-02-21,36.72,36.8,36.3,36.68,35.3283829341,282108,0.0000,1.0
2019-02-20,36.32,36.84,36.13,36.72,35.3669089788,400302,0.0000,1.0
2019-02-19,36.05,36.535,36.05,36.35,35.0105430658,315311,0.0000,1.0
2019-02-15,36.26,36.42,36.0,36.2,34.8660703984,342022,0.0000,1.0
2019-02-14,36.35,36.4,35.85,35.96,34.6349141306,349119,0.0000,1.0
2019-02-13,36.32,36.41,35.84,36.02,34.6927031976,304239,0.0000,1.0
2019-02-12,35.37,36.45,35.35,36.15,34.8179128426,401970,0.0000,1.0
2019-02-11,34.78,35.3,34.67,35.25,33.9510768383,310371,0.0000,1.0
2019-02-08,34.53,34.75,34.3,34.61,33.334660124,234523,0.0000,1.0
2019-02-07,34.48,34.85,34.26,34.68,33.4020807022,388099,0.0000,1.0
2019-02-06,35.05,35.26,34.47,34.68,33.4020807022,320228,0.0000,1.0
2019-02-05,34.66,35.26,34.39,35.08,33.7873411486,471881,0.0000,1.0
2019-02-04,33.96,34.5,33.9,34.5,33.2287135013,295605,0.0000,1.0
2019-02-01,34.36,34.53,33.75,34.11,32.8530845661,473061,0.0000,1.0
2019-01-31,33.53,34.44,33.27,34.19,32.9301366553,2440901,0.0000,1.0
2019-01-30,33.54,33.54,32.74,33.51,32.2751938965,621447,0.0000,1.0
2019-01-29,33.86,33.99,33.19,33.35,32.1210897179,521525,0.0000,1.0
2019-01-28,33.67,33.86,33.15,33.86,32.6122967871,636845,0.0000,1.0
2019-01-25,34.05,34.41,34.01,34.01,32.7567694545,708043,0.0000,1.0
2019-01-24,34.65,34.65,33.62,33.96,32.7086118987,469626,0.0000,1.0
2019-01-23,35.29,35.59,34.3,34.57,33.2961340794,961038,0.0000,1.0
2019-01-22,35.8,36.26,35.09,35.23,33.9318138159,490440,0.0000,1.0
2019-01-18,35.16,36.24,35.12,35.98,34.6541771529,558448,0.0000,1.0
2019-01-17,34.85,35.27,34.53,34.96,33.6717630146,398071,0.0000,1.0
2019-01-16,34.35,35.09,34.28,34.97,33.6813945258,373726,0.0000,1.0
2019-01-15,34.01,34.72,33.6,34.55,33.2768710571,486585,0.0000,1.0
2019-01-14,34.0,34.62,33.7,34.11,32.8530845661,659292,0.0000,1.0
2019-01-11,34.1,34.78,33.51,34.28,33.0168202558,901347,0.0000,1.0
2019-01-10,34.88,35.26,34.37,35.19,33.8932877713,494061,0.0000,1.0
2019-01-09,35.19,35.25,34.29,34.92,33.63323697,1051098,0.0000,1.0
2019-01-08,34.03,35.89,33.86,34.98,33.691026037,1673293,0.0000,1.0
2019-01-07,32.12,33.63,31.58,33.48,32.246299363,881417,0.0000,1.0
2019-01-04,31.29,32.01,31.05,32.01,30.8304672225,1242814,0.0000,1.0
2019-01-03,31.22,31.81,30.79,30.95,29.8095270396,720586,0.0000,1.0
2019-01-02,31.51,31.63,30.66,31.28,30.1273669078,1039294,0.1800,1.0
2018-12-31,31.34,32.14,31.25,32.11,30.7498331663,978418,0.0000,1.0
2018-12-28,31.04,31.64,30.6678,31.09,29.7730399607,999813,0.0000,1.0
2018-12-27,30.68,31.1,29.97,30.81,29.5049006494,744205,0.0000,1.0
2018-12-26,29.12,31.16,28.67,31.1,29.7826163647,668424,0.0000,1.0
2018-12-24,29.9,30.34,28.72,28.78,27.5608906423,381639,0.0000,1.0
2018-12-21,31.04,31.23,29.98,30.19,28.9111636029,1371033,0.0000,1.0
2018-12-20,30.43,31.49,29.98,31.07,29.7538871528,1288100,0.0000,1.0
2018-12-19,26.5,32.43,26.43,30.78,29.4761714375,3126942,0.0000,1.0
2018-12-18,26.24,27.24,26.21,27.06,25.9137491585,949905,0.0000,1.0
2018-12-17,25.96,26.78,25.64,25.94,24.8411919132,967928,0.0000,1.0
2018-12-14,26.04,26.42,25.66,25.9,24.8028862973,684524,0.0000,1.0
2018-12-13,27.36,27.39,26.21,26.31,25.1955188603,463892,0.0000,1.0
2018-12-12,27.41,27.63,27.03,27.29,26.1340064499,455952,0.0000,1.0
2018-12-11,27.84,28.06,26.65,27.01,25.8658671386,619091,0.0000,1.0
2018-12-10,28.23,28.39,27.36,27.57,26.4021457612,347334,0.0000,1.0
2018-12-07,29.18,29.56,28.09,28.2,27.0054592117,345512,0.0000,1.0
2018-12-06,29.28,29.46,28.39,29.11,27.8769119735,684088,0.0000,1.0
2018-12-04,30.99,31.3,29.63,29.65,28.3940377882,559580,0.0000,1.0
2018-12-03,32.06,32.17,30.51,31.02,29.7060051329,399421,0.0000,1.0
2018-11-30,31.2,31.8,31.07,31.68,30.3380477953,388419,0.0000,1.0
2018-11-29,30.66,31.91,30.66,31.32,29.9932972522,680574,0.0000,1.0
2018-11-28,30.33,30.99,29.89,30.66,29.3612545898,1371153,0.0000,1.0
2018-11-27,30.14,30.3,29.59,30.17,28.892010795,474755,0.0000,1.0
2018-11-26,30.51,30.74,29.98,30.44,29.1505737023,393554,0.0000,1.0
2018-11-23,30.12,30.7,30.12,30.23,28.9494692188,131301,0.0000,1.0
2018-11-21,30.17,30.71,29.89,30.33,29.0452332586,275328,0.0000,1.0
2018-11-20,31.02,31.08,29.9,30.0,28.7292119274,325684,0.0000,1.0
2018-11-19,31.33,31.58,30.67,31.32,29.9932972522,331271,0.0000,1.0
2018-11-16,30.75,31.56,30.53,31.47,30.1369433118,535196,0.0000,1.0
2018-11-15,29.98,31.18,29.75,30.96,29.648546709,332055,0.0000,1.0
2018-11-14,30.37,30.57,29.72,30.18,28.9015871989,465545,0.0000,1.0
2018-11-13,30.72,30.86,29.85,30.07,28.7962467552,506282,0.0000,1.0
2018-11-12,31.9,31.91,30.55,30.62,29.3229489739,511626,0.0000,1.0
2018-11-09,32.47,32.63,31.7,31.91,30.5583050867,377940,0.0000,1.0
2018-11-08,32.66,32.94,32.28,32.54,31.1616185372,214958,0.0000,1.0
2018-11-07,32.1,32.8,31.58,32.7,31.3148410008,283672,0.0000,1.0
2018-11-06,31.6,31.97,31.4,31.95,30.5966107026,369895,0.0000,1.0
2018-11-05,32.09,32.45,31.56,31.59,30.2518601595,614302,0.0000,1.0
2018-11-02,31.94,32.16,31.47,32.01,30.6540691265,342401,0.0000,1.0
2018-11-01,30.8,31.99,30.63,31.78,30.4338118351,589016,0.0000,1.0
2018-10-31,31.38,31.43,30.7,30.75,29.4474422255,1620635,0.0000,1.0
2018-10-30,30.35,31.09,30.3,31.06,29.7443107488,427321,0.0000,1.0
2018-10-29,30.87,31.37,29.91,30.3,29.0165040466,676376,0.0000,1.0
2018-10-26,29.78,30.72,29.48,30.52,29.2271849341,704392,0.0000,1.0
2018-10-25,29.87,30.44,29.73,30.15,28.872857987,514101,0.0000,1.0
2018-10-24,30.72,30.75,29.61,29.74,28.480225424,599895,0.0000,1.0
2018-10-23,31.25,31.3,30.64,30.76,29.4570186295,371137,0.0000,1.0
2018-10-22,31.91,32.05,31.38,31.6,30.2614365635,263674,0.0000,1.0
2018-10-19,31.84,32.35,31.69,31.8,30.452964643,400178,0.0000,1.0
2018-10-18,32.43,32.64,31.53,31.86,30.5104230669,450419,0.0000,1.0
2018-10-17,32.29,32.76,31.96,32.58,31.1999241531,330688,0.0000,1.0
2018-10-16,31.51,32.51,31.02,32.45,31.0754309014,399398,0.0000,1.0
2018-10-15,30.39,31.54,30.34,31.3,29.9741444442,644532,0.0000,1.0
2018-10-12,31.57,31.68,30.2,30.52,29.2271849341,593955,0.0000,1.0
2018-10-11,32.16,32.3,31.09,31.21,29.8879568084,633712,0.0000,1.0
2018-10-10,32.59,33.01,32.35,32.37,30.9988196696,1020003,0.0000,1.0
2018-10-09,32.09,32.79,31.94,32.65,31.2669589809,697655,0.0000,1.0
2018-10-08,31.83,32.13,31.71,32.11,30.7498331663,701879,0.0000,1.0
2018-10-05,31.56,31.91,31.39,31.85,30.5008466629,449877,0.0000,1.0
2018-10-04,31.74,31.74,31.28,31.59,30.2518601595,476199,0.0000,1.0
2018-10-03,32.34,32.45,31.79,31.89,30.5391522788,544033,0.1750,1.0
2018-10-02,32.13,32.87,31.99,32.43,30.8867833588,812510,0.0000,1.0
2018-10-01,32.44,32.59,32.08,32.12,30.5915350443,1077770,0.0000,1.0
2018-09-28,32.2,32.44,32.07,32.25,30.7153488536,407206,0.0000,1.0
2018-09-27,32.72,33.02,32.27,32.3,30.7629695495,376693,0.0000,1.0
2018-09-26,33.56,33.69,32.72,32.72,31.162983395,489762,0.0000,1.0
2018-09-25,33.19,33.49,33.06,33.43,31.8391972768,329125,0.0000,1.0
2018-09-24,33.8,33.8,32.98,33.2,31.6201420757,335371,0.0000,1.0
2018-09-21,33.87,34.06,33.58,33.76,32.1534938697,797537,0.0000,1.0
2018-09-20,33.88,34.26,33.69,33.88,32.2677835399,360440,0.0000,1.0
2018-09-19,34.86,35.01,33.62,33.73,32.1249214522,942328,0.0000,1.0
2018-09-18,34.62,35.16,34.6,34.99,33.3249629888,610498,0.0000,1.0
2018-09-17,34.59,34.74,34.32,34.51,32.8678043082,422311,0.0000,1.0
2018-09-14,34.36,34.79,34.0,34.69,33.0392388134,680376,0.0000,1.0
2018-09-13,34.79,34.95,34.37,34.41,32.7725629164,379888,0.0000,1.0
2018-09-12,34.0,34.78,33.57,34.7,33.0487629526,458302,0.0000,1.0
2018-09-11,33.8,33.955,33.11,33.94,32.3249283749,689720,0.0000,1.0
2018-09-10,33.8,34.65,33.8,33.97,32.3535007925,1062854,0.0000,1.0
2018-09-07,32.95,35.06,31.7,33.75,32.1439697305,2923802,0.0000,1.0
2018-09-06,31.94,32.06,31.54,31.54,30.0391349719,580393,0.0000,1.0
2018-09-05,31.34,32.06,31.25,31.92,30.4010522607,481038,0.0000,1.0
2018-09-04,31.58,31.65,31.16,31.4,29.9057970234,521457,0.0000,1.0
2018-08-31,31.54,31.76,31.37,31.72,30.2105694771,327686,0.0000,1.0
2018-08-30,31.66,31.96,31.41,31.62,30.1153280853,365978,0.0000,1.0
2018-08-29,31.09,31.65,30.99,31.58,30.0772315286,372441,0.0000,1.0
2018-08-28,30.71,31.2,30.71,31.01,29.5343555954,570959,0.0000,1.0
2018-08-27,30.61,30.98,30.54,30.64,29.1819624457,351662,0.0000,1.0
2018-08-24,30.27,30.55,30.05,30.5,29.0486244972,599342,0.0000,1.0
2018-08-23,31.75,32.31,29.9,30.35,28.9057624095,1587145,0.0000,1.0
2018-08-22,32.91,33.2,32.71,32.98,31.4106110137,375957,0.0000,1.0
2018-08-21,32.56,33.44,32.39,32.95,31.3820385962,574329,0.0000,1.0
2018-08-20,31.9,32.4,31.88,32.29,30.7534454103,544904,0.0000,1.0
2018-08-17,31.5,31.86,31.37,31.85,30.3343832864,159947,0.0000,1.0
2018-08-16,31.32,31.58,31.29,31.47,29.9724659976,380367,0.0000,1.0
2018-08-15,31.14,31.34,30.87,31.15,29.6676935439,596137,0.0000,1.0
2018-08-14,30.85,31.4,30.71,31.19,29.7057901006,570559,0.0000,1.0
2018-08-13,30.87,30.87,30.58,30.75,29.2867279767,410684,0.0000,1.0
2018-08-10,31.01,31.02,30.7,30.88,29.410541786,607120,0.0000,1.0
2018-08-09,31.42,31.58,31.15,31.17,29.6867418222,548090,0.0000,1.0
2018-08-08,31.5,31.51,31.26,31.38,29.886748745,369143,0.0000,1.0
2018-08-07,31.53,31.77,31.33,31.44,29.9438935801,505454,0.0000,1.0
2018-08-06,31.11,31.55,30.91,31.4,29.9057970234,370418,0.0000,1.0
2018-08-03,31.11,31.32,30.98,31.12,29.6391211263,406654,0.0000,1.0
2018-08-02,30.98,31.12,30.71,31.12,29.6391211263,278344,0.0000,1.0
2018-08-01,31.22,31.75,31.0,31.12,29.6391211263,714881,0.0000,1.0
2018-07-31,31.0,31.22,30.73,31.2,29.7153142398,2277464,0.0000,1.0
2018-07-30,30.83,31.08,30.79,30.86,29.3914935077,477744,0.0000,1.0
2018-07-27,30.85,31.13,30.73,30.82,29.353396951,530128,0.0000,1.0
2018-07-26,30.49,31.11,30.32,30.8,29.3343486726,781593,0.0000,1.0
2018-07-25,29.85,30.38,29.81,30.38,28.9343348271,494309,0.0000,1.0
2018-07-24,29.94,30.21,29.65,29.87,28.4486037289,376832,0.0000,1.0
2018-07-23,29.94,30.0,29.67,29.84,28.4200313114,378793,0.0000,1.0
2018-07-20,30.08,30.12,29.77,29.94,28.5152727032,469757,0.0000,1.0
2018-07-19,29.54,30.12,29.31,30.02,28.5914658166,456221,0.0000,1.0
2018-07-18,29.29,29.69,29.09,29.63,28.2200243886,398954,0.0000,1.0
2018-07-17,30.03,30.12,29.24,29.34,27.9438243524,944777,0.0000,1.0
2018-07-16,31.39,31.4,29.99,30.15,28.7152796259,1154925,0.0000,1.0
2018-07-13,31.0,31.68,31.0,31.38,29.886748745,657763,0.0000,1.0
2018-07-12,30.89,31.06,30.57,31.05,29.5724521521,810088,0.0000,1.0
2018-07-11,30.78,30.97,30.47,30.77,29.3057762551,354659,0.0000,1.0
2018-07-10,30.74,31.03,30.6,30.89,29.4200659252,852572,0.0000,1.0
2018-07-09,30.22,30.74,30.13,30.72,29.2581555592,383697,0.0000,1.0
2018-07-06,30.02,30.31,29.86,30.07,28.6390865125,554174,0.0000,1.0
2018-07-05,29.76,30.07,29.46,30.02,28.5914658166,804756,0.0000,1.0
2018-07-03,29.35,29.87,29.28,29.56,28.1533554143,287286,0.1750,1.0
2018-07-02,28.99,29.56,28.68,29.56,27.9876638994,1319197,0.0000,1.0
2018-06-29,29.28,29.72,29.16,29.18,27.6278766097,439304,0.0000,1.0
2018-06-28,29.65,29.76,29.22,29.31,27.7509617351,376673,0.0000,1.0
2018-06-27,30.18,30.35,29.67,29.67,28.0918128516,465126,0.0000,1.0
2018-06-26,30.12,30.33,29.63,30.23,28.6220256995,549290,0.0000,1.0
2018-06-25,30.32,30.35,29.84,30.13,28.5273448338,592858,0.0000,1.0
2018-06-22,30.57,30.73,30.19,30.48,28.8587278638,2418326,0.0000,1.0
2018-06-21,30.34,30.68,30.25,30.46,28.8397916906,631456,0.0000,1.0
2018-06-20,31.04,31.04,30.29,30.38,28.7640469981,537976,0.0000,1.0
2018-06-19,30.81,30.88,30.38,30.78,29.1427704609,647103,0.0000,1.0
2018-06-18,30.93,31.16,30.72,30.95,29.3037279325,796821,0.0000,1.0
2018-06-15,30.97,31.3,30.72,31.25,29.5877705296,990302,0.0000,1.0
2018-06-14,31.07,31.15,30.61,31.09,29.4362811445,980652,0.0000,1.0
2018-06-13,31.06,31.44,30.94,31.11,29.4552173176,2089222,0.0000,1.0
2018-06-12,30.82,31.17,30.48,31.09,29.4362811445,1269332,0.0000,1.0
2018-06-11,30.25,31.21,30.25,30.7,29.0670257683,1677525,0.0000,1.0
2018-06-08,32.08,32.37,30.07,30.3,28.6883023055,1516137,0.0000,1.0
2018-06-07,30.05,32.9,29.76,32.18,30.4683025806,2746908,0.0000,1.0
2018-06-06,28.72,29.3,28.54,29.0,27.4574510515,1665353,0.0000,1.0
2018-06-05,28.78,29.03,28.17,28.71,27.182876541,870742,0.0000,1.0
2018-06-04,28.61,28.93,28.25,28.93,27.3911744455,1380897,0.0000,1.0
2018-06-01,28.64,28.69,28.39,28.49,26.9745786364,695009,0.0000,1.0
2018-05-31,29.09,29.15,28.26,28.46,26.9461743767,1077139,0.0000,1.0
2018-05-30,28.96,29.61,28.96,29.15,27.59947235,1436236,0.0000,1.0
2018-05-29,29.05,29.42,28.54,28.82,27.2870254932,1326122,0.0000,1.0
2018-05-25,29.12,29.47,29.12,29.23,27.6752170426,661760,0.0000,1.0
2018-05-24,29.42,29.43,29.025,29.23,27.6752170426,1040588,0.0000,1.0
2018-05-23,29.75,29.79,29.2,29.38,27.8172383411,694218,0.0000,1.0
2018-05-22,29.84,30.23,29.7,29.85,28.2622384099,659788,0.0000,1.0
2018-05-21,29.87,30.06,29.5,30.02,28.4231958816,812842,0.0000,1.0
2018-05-18,30.11,30.21,29.72,29.73,28.1486213711,594096,0.0000,1.0
2018-05-17,30.29,30.4,30.0,30.1,28.4989405741,692989,0.0000,1.0
2018-05-16,30.23,30.46,30.11,30.28,28.6693661324,398476,0.0000,1.0
2018-05-15,30.12,30.47,30.08,30.24,28.6314937861,725709,0.0000,1.0
2018-05-14,30.5,30.6,30.26,30.29,28.678834219,523562,0.0000,1.0
2018-05-11,30.36,30.56,30.21,30.41,28.7924512578,518427,0.0000,1.0
2018-05-10,30.46,30.62,30.21,30.39,28.7735150846,835752,0.0000,1.0
2018-05-09,30.56,30.68,30.38,30.43,28.8113874309,434748,0.0000,1.0
2018-05-08,30.0,30.49,30.0,30.42,28.8019193444,1152352,0.0000,1.0
2018-05-07,30.37,30.37,30.09,30.14,28.5368129204,730660,0.0000,1.0
2018-05-04,30.16,30.44,29.87,30.32,28.7072384787,760851,0.0000,1.0
2018-05-03,30.46,30.61,30.16,30.25,28.6409618727,646543,0.0000,1.0
2018-05-02,30.63,30.66,30.39,30.49,28.8681959503,854861,0.0000,1.0
2018-05-01,31.04,31.09,30.26,30.64,29.0102172489,856675,0.0000,1.0
2018-04-30,31.42,31.56,31.07,31.13,29.4741534908,1941958,0.0000,1.0
2018-04-27,31.82,32.03,31.26,31.31,29.644579049,526296,0.0000,1.0
2018-04-26,32.11,32.13,31.71,31.84,30.1463876372,443754,0.0000,1.0
2018-04-25,31.93,32.17,31.71,32.07,30.3641536283,495058,0.0000,1.0
2018-04-24,32.18,32.62,31.76,31.98,30.2789408492,617894,0.0000,1.0
2018-04-23,31.78,32.11,31.7,31.95,30.2505365895,1352988,0.0000,1.0
2018-04-20,32.12,32.22,31.72,31.75,30.0611748581,518869,0.0000,1.0
2018-04-19,32.43,32.52,32.01,32.23,30.5156430134,343137,0.0000,1.0
2018-04-18,32.58,32.67,32.41,32.52,30.7902175239,621483,0.0000,1.0
2018-04-17,32.73,32.77,32.34,32.47,30.7428770911,503360,0.0000,1.0
2018-04-16,32.42,32.53,32.25,32.46,30.7334090045,397307,0.0000,1.0
2018-04-13,32.55,32.7,32.11,32.25,30.5345791866,440643,0.0000,1.0
2018-04-12,32.72,32.88,32.28,32.3,30.5819196194,448908,0.0000,1.0
2018-04-11,32.18,32.73,32.18,32.56,30.8280898702,390708,0.0000,1.0
2018-04-10,32.5,32.87,32.35,32.52,30.7902175239,413694,0.0000,1.0
2018-04-09,32.77,32.94,32.08,32.14,30.4304302343,478834,0.0000,1.0
2018-04-06,33.27,33.49,32.34,32.63,30.8943664762,675846,0.0000,1.0
2018-04-05,33.5,33.8,33.31,33.54,31.755962354,464712,0.0000,1.0
2018-04-04,32.77,33.42,32.66,33.38,31.6044729689,748107,0.1750,1.0
2018-04-03,33.1,33.59,32.83,33.48,31.5338326628,828016,0.0000,1.0
2018-04-02,33.4,33.53,32.35,32.81,30.9027792612,468218,0.0000,1.0
2018-03-29,33.48,33.86,33.22,33.48,31.5338326628,2580987,0.0000,1.0
2018-03-28,32.73,33.52,32.73,33.23,31.2983649756,783982,0.0000,1.0
2018-03-27,33.37,33.65,32.63,32.77,30.8651044313,695379,0.0000,1.0
2018-03-26,32.94,33.51,32.6,33.3,31.364295928,1046149,0.0000,1.0
2018-03-23,33.53,33.55,32.46,32.46,30.5731244992,662529,0.0000,1.0
2018-03-22,34.19,34.64,33.54,33.54,31.5903449077,638232,0.0000,1.0
2018-03-21,34.35,34.65,34.22,34.44,32.4380285814,622648,0.0000,1.0
2018-03-20,34.48,34.69,34.2,34.47,32.4662847039,339525,0.0000,1.0
2018-03-19,34.94,35.04,33.95,34.46,32.4568659964,816764,0.0000,1.0
2018-03-16,34.74,35.07,34.4,34.98,32.9466387857,1279225,0.0000,1.0
2018-03-15,34.96,35.6,34.09,34.61,32.5981466087,2464736,0.0000,1.0
2018-03-14,37.78,37.95,36.97,37.12,34.9622421876,796663,0.0000,1.0
2018-03-13,38.12,38.37,37.47,37.55,35.3672466095,579213,0.0000,1.0
2018-03-12,37.67,38.36,37.67,38.02,35.8099258614,655774,0.0000,1.0
2018-03-09,37.2,37.78,36.82,37.65,35.4614336844,438873,0.0000,1.0
2018-03-08,36.46,36.99,36.34,36.94,34.7927054529,418197,0.0000,1.0
2018-03-07,34.47,36.93,34.47,36.29,34.1804894663,1117239,0.0000,1.0
2018-03-06,35.2,35.84,35.0,35.67,33.5965296022,688311,0.0000,1.0
2018-03-05,33.29,35.17,33.29,35.01,32.9748949081,828313,0.0000,1.0
2018-03-02,33.81,34.1,33.33,33.85,31.8823248398,801831,0.0000,1.0
2018-03-01,35.03,35.3,33.84,34.01,32.0330241595,968657,0.0000,1.0
2018-02-28,35.98,36.0,35.12,35.16,33.1161755204,473034,0.0000,1.0
2018-02-27,36.96,37.09,35.79,35.85,33.7660663369,567238,0.0000,1.0
2018-02-26,36.77,37.13,36.46,37.11,34.9528234802,430235,0.0000,1.0
2018-02-23,36.34,36.88,36.0,36.75,34.6137500107,417552,0.0000,1.0
2018-02-22,36.34,36.54,35.99,36.14,34.039208854,1116501,0.0000,1.0
2018-02-21,36.93,37.1,36.21,36.21,34.1051398064,607660,0.0000,1.0
2018-02-20,36.41,36.96,36.41,36.71,34.5760751807,381670,0.0000,1.0
2018-02-16,36.3,37.06,36.21,36.62,34.4913068133,761394,0.0000,1.0
2018-02-15,36.6,36.74,36.31,36.45,34.3311887861,243438,0.0000,1.0
2018-02-14,35.11,36.39,35.11,36.32,34.2087455888,383020,0.0000,1.0
2018-02-13,35.21,35.49,34.95,35.29,33.2386187177,337532,0.0000,1.0
2018-02-12,34.98,35.7,34.59,35.45,33.3893180375,485365,0.0000,1.0
2018-02-09,34.8,35.17,34.15,34.88,32.8524517108,521831,0.0000,1.0
2018-02-08,35.1,35.41,34.5,34.55,32.5416343638,391861,0.0000,1.0
2018-02-07,34.66,35.27,34.54,35.13,33.0879193979,297707,0.0000,1.0
2018-02-06,34.07,35.14,33.7,34.73,32.7111710985,571097,0.0000,1.0
2018-02-05,36.82,36.97,34.93,34.96,32.9278013707,555819,0.0000,1.0
2018-02-02,37.34,37.5,36.9,37.1,34.9434047727,440415,0.0000,1.0
2018-02-01,37.98,38.11,37.54,37.73,35.5367833443,403755,0.0000,1.0
2018-01-31,38.46,38.76,38.01,38.03,35.8193445689,1824099,0.0000,1.0
2018-01-30,38.46,38.94,38.18,38.25,36.0265561335,350073,0.0000,1.0
2018-01-29,38.59,39.02,38.51,38.71,36.4598166779,425266,0.0000,1.0
2018-01-26,39.52,39.76,38.6,38.75,36.4974915078,561783,0.0000,1.0
2018-01-25,39.48,39.76,38.77,39.4,37.1097074944,452015,0.0000,1.0
2018-01-24,39.42,40.0,39.1,39.29,37.0061017121,461510,0.0000,1.0
2018-01-23,39.49,39.54,38.8,39.33,37.043776542,471156,0.0000,1.0
2018-01-22,39.8,39.89,39.27,39.5,37.2038945693,369265,0.0000,1.0
2018-01-19,38.76,39.82,38.76,39.77,37.4581996714,393135,0.0000,1.0
2018-01-18,38.68,39.19,38.53,38.62,36.3750483105,693407,0.0000,1.0
2018-01-17,38.69,38.89,38.4,38.73,36.4786540929,402415,0.0000,1.0
2018-01-16,38.97,39.16,38.22,38.47,36.2337676982,370589,0.0000,1.0
2018-01-12,38.96,39.16,38.7,38.87,36.6105159977,390335,0.0000,1.0
2018-01-11,38.79,38.99,38.28,38.96,36.695284365,411787,0.0000,1.0
2018-01-10,39.33,39.45,38.71,38.78,36.5257476303,413625,0.0000,1.0
2018-01-09,39.62,39.72,39.41,39.5,37.2038945693,425671,0.0000,1.0
2018-01-08,39.02,39.65,38.78,39.55,37.2509881067,578856,0.0000,1.0
2018-01-05,38.5,39.08,38.2,39.02,36.75179661,391667,0.0000,1.0
2018-01-04,37.8,38.5,37.8,38.33,36.1019057934,488611,0.0000,1.0
2018-01-03,37.61,37.84,37.48,37.72,35.5273646368,554832,0.1750,1.0
2018-01-02,37.86,38.19,37.41,37.75,35.3914240675,653235,0.0000,1.0
2017-12-29,38.01,38.31,37.68,37.72,35.3632984325,485392,0.0000,1.0
2017-12-28,38.24,38.24,37.75,37.88,35.5133018193,568283,0.0000,1.0
2017-12-27,38.19,38.5,38.04,38.21,35.8226838045,534613,0.0000,1.0
2017-12-26,38.11,38.49,37.77,38.31,35.9164359212,506889,0.0000,1.0
2017-12-22,38.56,38.61,38.11,38.23,35.8414342279,385898,0.0000,1.0
2017-12-21,38.56,38.68,38.43,38.55,36.1414410014,502561,0.0000,1.0
2017-12-20,38.66,38.83,38.28,38.55,36.1414410014,717042,0.0000,1.0
2017-12-19,38.11,38.6,38.02,38.5,36.094564943,985881,0.0000,1.0
2017-12-18,37.52,38.28,37.42,38.11,35.7289316878,939302,0.0000,1.0
2017-12-15,37.92,38.27,36.7,37.36,35.0257908123,2266123,0.0000,1.0
2017-12-14,39.62,39.71,36.61,38.18,35.7945581695,2459819,0.0000,1.0
2017-12-13,43.83,44.38,43.75,43.75,41.0165510716,577678,0.0000,1.0
2017-12-12,43.88,44.7,43.39,43.83,41.091552765,360709,0.0000,1.0
2017-12-11,43.47,43.95,43.29,43.78,41.0446767067,361676,0.0000,1.0
2017-12-08,43.4,43.64,42.94,43.33,40.6227921814,177459,0.0000,1.0
2017-12-07,43.55,43.77,43.07,43.33,40.6227921814,362788,0.0000,1.0
2017-12-06,42.95,43.9,42.95,43.54,40.8196716265,196406,0.0000,1.0
2017-12-05,43.98,44.05,42.98,42.99,40.3040349845,240925,0.0000,1.0
2017-12-04,43.14,44.65,43.11,44.01,41.2603065752,322799,0.0000,1.0
2017-12-01,42.8,42.96,41.645,42.66,39.9946529992,289318,0.0000,1.0
2017-11-30,42.44,42.86,42.02,42.8,40.1259059627,290381,0.0000,1.0
2017-11-29,42.16,42.55,41.79,42.2,39.5633932622,300362,0.0000,1.0
2017-11-28,41.29,42.41,41.06,42.11,39.4790163572,316161,0.0000,1.0
2017-11-27,41.1,41.49,41.1,41.21,38.6352473066,257844,0.0000,1.0
2017-11-24,40.96,41.1,40.76,41.09,38.5227447665,117055,0.0000,1.0
2017-11-22,40.87,41.0,40.8,40.94,38.3821165914,185833,0.0000,1.0
2017-11-21,40.0,40.74,39.545,40.68,38.1383610879,338929,0.0000,1.0
2017-11-20,39.9,40.29,39.82,40.08,37.5758483875,255823,0.0000,1.0
2017-11-17,39.83,40.09,39.69,39.91,37.416469789,193381,0.0000,1.0
2017-11-16,40.18,40.225,39.83,40.0,37.5008466941,367816,0.0000,1.0
2017-11-15,39.8,40.28,39.67,40.09,37.5852235991,263968,0.0000,1.0
2017-11-14,39.98,40.45,39.97,40.12,37.6133492342,64833,0.0000,1.0
2017-11-13,40.12,40.44,39.78,40.17,37.6602252925,242100,0.0000,1.0
2017-11-10,39.86,40.31,39.76,40.26,37.7446021976,172766,0.0000,1.0
2017-11-09,39.85,40.26,39.3628,40.01,37.5102219057,178473,0.0000,1.0
2017-11-08,40.3,40.465,39.98,40.2,37.6883509275,196684,0.0000,1.0
2017-11-07,40.63,40.85,40.25,40.44,37.9133560077,212041,0.0000,1.0
2017-11-06,41.04,41.18,40.52,40.63,38.0914850295,129217,0.0000,1.0
2017-11-03,41.2,41.38,40.86,41.06,38.4946191315,122404,0.0000,1.0
2017-11-02,40.93,41.23,40.8966,41.1,38.5321199782,220380,0.0000,1.0
2017-11-01,42.08,42.195,41.0,41.13,38.5602456132,226609,0.0000,1.0
2017-10-31,42.15,42.15,41.73,41.97,39.3477633938,510450,0.0000,1.0
2017-10-30,42.12,42.268,41.72,41.99,39.3665138171,198082,0.0000,1.0
2017-10-27,42.3,42.71,42.18,42.29,39.6477701673,216463,0.0000,1.0
2017-10-26,42.44,42.82,42.29,42.34,39.6946462257,221873,0.0000,1.0
2017-10-25,42.25,42.45,41.86,42.23,39.5915188973,265686,0.0000,1.0
2017-10-24,42.42,42.65,42.231,42.36,39.713396649,284059,0.0000,1.0
2017-10-23,42.63,42.88,42.31,42.39,39.741522284,164704,0.0000,1.0
2017-10-20,42.77,42.91,42.6,42.63,39.9665273642,189993,0.0000,1.0
2017-10-19,42.47,42.69,42.24,42.52,39.8634000358,161214,0.0000,1.0
2017-10-18,42.67,42.89,42.54,42.64,39.9759025759,130015,0.0000,1.0
2017-10-17,42.81,42.86,42.36,42.48,39.8258991891,162154,0.0000,1.0
2017-10-16,42.89,43.23,42.7,42.7,40.0321538459,176000,0.0000,1.0
2017-10-13,43.4,43.59,43.22,43.33,40.6227921814,209497,0.0000,1.0
2017-10-12,42.93,43.43,42.82,43.3,40.5946665463,422455,0.0000,1.0
2017-10-11,42.98,43.2,42.8666,43.07,40.3790366778,194761,0.0000,1.0
2017-10-10,43.03,43.3,42.7675,42.97,40.2852845611,203878,0.0000,1.0
2017-10-09,42.57,42.8056,42.375,42.77,40.0977803276,350163,0.0000,1.0
2017-10-06,42.63,42.81,42.44,42.62,39.9571521525,297946,0.0000,1.0
2017-10-05,43.0,43.27,42.79,42.8,40.1259059627,350868,0.0000,1.0
2017-10-04,42.49,43.01,42.455,43.01,40.3227854078,295556,0.1700,1.0
2017-10-03,42.37,42.9,42.27,42.83,39.9959448591,377182,0.0000,1.0
2017-10-02,41.72,42.41,41.623,42.38,39.5757212965,345805,0.0000,1.0
2017-09-29,41.65,41.74,41.42,41.71,38.9500551033,250543,0.0000,1.0
2017-09-28,41.01,41.65,40.75,41.54,38.7913039796,231158,0.0000,1.0
2017-09-27,40.43,41.41,40.37,41.15,38.4271102254,333231,0.0000,1.0
2017-09-26,39.99,40.57,39.77,40.31,37.6426929085,254202,0.0000,1.0
2017-09-25,39.31,39.93,39.31,39.87,37.2318076473,197946,0.0000,1.0
2017-09-22,38.94,39.5,38.94,39.31,36.7088627694,407275,0.0000,1.0
2017-09-21,39.44,39.44,38.92,38.93,36.3540073165,354602,0.0000,1.0
2017-09-20,39.03,39.64,39.0297,39.29,36.6901861666,379210,0.0000,1.0
2017-09-19,38.95,39.2,38.81,39.06,36.4754052346,387528,0.0000,1.0
2017-09-18,39.62,39.62,38.9,39.17,36.5781265499,319450,0.0000,1.0
2017-09-15,39.91,39.91,39.22,39.56,36.9423203041,542405,0.0000,1.0
2017-09-14,39.97,39.97,39.49,39.76,37.129086332,301161,0.0000,1.0
2017-09-13,40.23,40.4,39.75,40.01,37.3625438667,387938,0.0000,1.0
2017-09-12,41.03,41.18,40.34,40.53,37.8481355391,448492,0.0000,1.0
2017-09-11,41.75,41.75,40.01,40.97,38.2590208003,553315,0.0000,1.0
2017-09-08,39.34,40.49,39.2,40.21,37.5493098946,500867,0.0000,1.0
2017-09-07,40.68,40.87,37.12,40.04,37.3905587709,1119900,0.0000,1.0
2017-09-06,44.1,44.58,44.07,44.14,41.2192623414,200834,0.0000,1.0
2017-09-05,44.56,44.75,43.94,44.03,41.1165410261,162533,0.0000,1.0
2017-09-01,44.54,44.83,44.41,44.63,41.6768391095,132846,0.0000,1.0
2017-08-31,44.02,44.6,43.8958,44.43,41.4900730817,143345,0.0000,1.0
2017-08-30,43.83,43.98,43.58,43.96,41.0511729163,183379,0.0000,1.0
2017-08-29,43.71,44.04,43.69,43.81,40.9110983955,155030,0.0000,1.0
2017-08-28,44.16,44.46,43.94,44.08,41.163232533,124528,0.0000,1.0
2017-08-25,43.94,44.2,43.71,43.99,41.0791878205,182859,0.0000,1.0
2017-08-24,43.86,43.96,43.59,43.78,40.8830834913,107474,0.0000,1.0
2017-08-23,43.45,43.88,43.45,43.72,40.8270536829,117237,0.0000,1.0
2017-08-22,43.09,43.86,43.09,43.77,40.8737451899,127657,0.0000,1.0
2017-08-21,42.93,43.17,42.72,43.04,40.1920491883,105463,0.0000,1.0
2017-08-18,42.79,43.15,42.6,42.94,40.0986661744,156950,0.0000,1.0
2017-08-17,43.94,44.155,43.17,43.18,40.3227854078,188743,0.0000,1.0
2017-08-16,43.84,44.14,43.56,44.04,41.1258793275,213056,0.0000,1.0
2017-08-15,44.11,44.16,43.68,43.75,40.8550685871,82002,0.0000,1.0
2017-08-14,43.62,44.17,43.57,44.16,41.2379389442,116743,0.0000,1.0
2017-08-11,43.19,43.89,42.98,43.26,40.3974918189,240363,0.0000,1.0
2017-08-10,44.14,44.18,43.68,43.68,40.7897004774,261777,0.0000,1.0
2017-08-09,44.38,44.53,44.11,44.26,41.3313219581,226841,0.0000,1.0
2017-08-08,44.54,45.12,44.24,44.51,41.5647794928,272562,0.0000,1.0
2017-08-07,44.75,44.865,44.39,44.7,41.7422072193,165861,0.0000,1.0
2017-08-04,44.79,44.9,44.67,44.76,41.7982370276,321804,0.0000,1.0
2017-08-03,44.44,44.83,44.22,44.75,41.7888987262,192086,0.0000,1.0
2017-08-02,44.79,45.01,44.3,44.49,41.5461028901,195694,0.0000,1.0
2017-08-01,44.99,44.99,44.34,44.75,41.7888987262,148480,0.0000,1.0
2017-07-31,44.85,44.85,44.45,44.62,41.6675008082,337500,0.0000,1.0
2017-07-28,44.72,44.85,44.46,44.74,41.7795604248,187200,0.0000,1.0
2017-07-27,44.61,44.89,44.015,44.79,41.8262519318,236648,0.0000,1.0
2017-07-26,44.44,44.69,44.25,44.58,41.6301476026,189882,0.0000,1.0
2017-07-25,44.01,44.6,43.81,44.34,41.4060283692,206104,0.0000,1.0
2017-07-24,43.93,43.98,43.3059,43.91,41.0044814094,242656,0.0000,1.0
2017-07-21,44.23,44.243,43.71,43.95,41.0418346149,216490,0.0000,1.0
2017-07-20,43.37,44.22,43.235,43.97,41.0605112177,456064,0.0000,1.0
2017-07-19,43.12,43.63,43.07,43.51,40.6309493537,233361,0.0000,1.0
2017-07-18,43.1,43.28,42.7,43.01,40.1640342841,203400,0.0000,1.0
2017-07-17,42.98,43.28,42.8,43.16,40.304108805,357549,0.0000,1.0
2017-07-14,42.7,43.25,42.645,42.9,40.0613129688,246590,0.0000,1.0
2017-07-13,42.91,42.94,42.11,42.73,39.9025618452,283860,0.0000,1.0
2017-07-12,41.58,42.9,41.23,41.88,39.1088062269,623784,0.0000,1.0
2017-07-11,40.72,40.99,40.45,40.69,37.9975483614,222476,0.0000,1.0
2017-07-10,40.92,41.2,40.68,40.68,37.98821006,185898,0.0000,1.0
2017-07-07,40.65,41.25,40.65,41.15,38.4271102254,133094,0.0000,1.0
2017-07-06,40.97,41.06,40.46,40.54,37.8574738405,312262,0.0000,1.0
2017-07-05,41.57,41.57,41.16,41.17,38.4457868281,188531,0.0000,1.0
2017-07-03,41.49,41.74,41.24,41.62,38.8660103908,84374,0.1700,1.0
2017-06-30,41.6,41.87,41.42,41.52,38.6149019245,160319,0.0000,1.0
2017-06-29,42.21,42.21,41.08,41.59,38.6800041194,245244,0.0000,1.0
2017-06-28,42.01,42.3,41.83,42.17,39.2194223062,234429,0.0000,1.0
2017-06-27,41.8,42.31,41.645,41.8,38.8753107043,261372,0.0000,1.0
2017-06-26,41.65,41.95,41.61,41.76,38.8381094501,240625,0.0000,1.0
2017-06-23,41.57,41.85,41.5,41.68,38.7637069415,733824,0.0000,1.0
2017-06-22,41.41,41.59,41.33,41.52,38.6149019245,221100,0.0000,1.0
2017-06-21,41.52,41.55,41.34,41.44,38.540499416,212300,0.0000,1.0
2017-06-20,41.73,41.73,41.32,41.46,38.5591000431,235053,0.0000,1.0
2017-06-19,41.8,42.09,41.47,41.63,38.7172053737,227292,0.0000,1.0
2017-06-16,41.29,41.84,41.12,41.77,38.8474097636,732454,0.0000,1.0
2017-06-15,40.43,41.19,40.36,41.17,38.2893909497,324579,0.0000,1.0
2017-06-14,41.39,41.39,40.59,40.89,38.0289821698,328506,0.0000,1.0
2017-06-13,40.77,41.43,40.52,41.4,38.5032981617,446689,0.0000,1.0
2017-06-12,43.0,43.11,40.52,40.68,37.833675585,636660,0.0000,1.0
2017-06-09,43.95,43.9863,42.55,43.05,40.0378499,511711,0.0000,1.0
2017-06-08,43.88,44.46,41.46,43.99,40.9120793752,753736,0.0000,1.0
2017-06-07,42.99,43.22,42.42,42.9,39.8983451965,369293,0.0000,1.0
2017-06-06,43.39,43.62,42.86,42.95,39.9448467644,263382,0.0000,1.0
2017-06-05,44.22,44.22,43.57,43.68,40.6237696547,263120,0.0000,1.0
2017-06-02,43.96,44.93,43.96,44.28,41.1817884686,204910,0.0000,1.0
2017-06-01,43.13,43.84,42.82,43.83,40.7632743581,246886,0.0000,1.0
2017-05-31,42.6,43.15,42.41,43.04,40.0285495865,327812,0.0000,1.0
2017-05-30,42.03,42.4,41.82,42.37,39.4054285776,155992,0.0000,1.0
2017-05-26,42.3,42.38,42.02,42.19,39.2380229334,189434,0.0000,1.0
2017-05-25,42.38,42.44,41.99,42.3,39.3403263826,314741,0.0000,1.0
2017-05-24,42.16,42.36,41.98,42.1,39.1543201113,156865,0.0000,1.0
2017-05-23,41.92,42.21,41.36,42.07,39.1264191706,156328,0.0000,1.0
2017-05-22,41.33,41.81,40.99,41.73,38.8102085094,154260,0.0000,1.0
2017-05-19,41.39,41.74,41.1,41.29,38.4009947125,235569,0.0000,1.0
2017-05-18,41.44,41.75,41.01,41.42,38.5218987888,159487,0.0000,1.0
2017-05-17,41.68,41.77,41.12,41.43,38.5311991024,193164,0.0000,1.0
2017-05-16,42.67,42.76,41.96,42.01,39.0706172892,212556,0.0000,1.0
2017-05-15,42.28,42.62,42.28,42.5,39.5263326539,144730,0.0000,1.0
2017-05-12,42.48,42.53,41.92,42.24,39.2845245012,185378,0.0000,1.0
2017-05-11,42.74,42.83,42.46,42.5,39.5263326539,286784,0.0000,1.0
2017-05-10,43.1,43.15,42.75,43.03,40.0192492729,381600,0.0000,1.0
2017-05-09,43.1,43.23,42.81,43.2,40.1773546035,204119,0.0000,1.0
2017-05-08,43.46,43.63,42.9446,43.08,40.0657508407,168239,0.0000,1.0
2017-05-05,43.54,43.62,43.3,43.61,40.5586674597,225013,0.0000,1.0
2017-05-04,43.51,43.54,43.0701,43.51,40.465664324,149076,0.0000,1.0
2017-05-03,43.29,43.59,43.25,43.41,40.3726611884,152695,0.0000,1.0
2017-05-02,43.48,43.7,43.37,43.53,40.4842649512,171200,0.0000,1.0
2017-05-01,43.42,43.42,42.86,43.39,40.3540605613,256993,0.0000,1.0
2017-04-28,43.56,43.56,42.98,43.19,40.1680542899,738888,0.0000,1.0
2017-04-27,43.73,43.94,43.4201,43.5,40.4563640105,237693,0.0000,1.0
2017-04-26,43.65,43.99,43.425,43.59,40.5400668326,307387,0.0000,1.0
2017-04-25,43.82,44.16,43.6,43.63,40.5772680868,216200,0.0000,1.0
2017-04-24,43.59,43.65,43.3,43.54,40.4935652647,227307,0.0000,1.0
2017-04-21,42.92,43.27,42.79,43.07,40.0564505272,237294,0.0000,1.0
2017-04-20,42.72,43.06,42.55,43.03,40.0192492729,215978,0.0000,1.0
2017-04-19,42.65,42.92,42.5305,42.65,39.6658373574,231348,0.0000,1.0
2017-04-18,42.12,42.67,42.12,42.65,39.6658373574,228038,0.0000,1.0
2017-04-17,41.99,42.21,41.9,42.21,39.2566235605,251294,0.0000,1.0
2017-04-13,42.37,42.46,41.97,41.97,39.0334160349,468290,0.0000,1.0
2017-04-12,42.32,42.85,42.16,42.45,39.4798310861,569332,0.0000,1.0
2017-04-11,41.79,42.36,41.67,42.32,39.3589270097,189075,0.0000,1.0
2017-04-10,41.88,42.18,41.62,41.86,38.9311125857,325025,0.0000,1.0
2017-04-07,41.87,42.085,41.67,41.9,38.96831384,360442,0.0000,1.0
2017-04-06,41.9,42.14,41.64,42.1,39.1543201113,237757,0.0000,1.0
2017-04-05,42.64,42.71,41.9,41.91,38.9776141535,284433,0.0000,1.0
2017-04-04,42.36,42.61,42.29,42.54,39.5635339082,227200,0.1700,1.0
2017-04-03,43.59,43.73,42.355,42.44,39.3134249371,341421,0.0000,1.0
2017-03-31,43.31,43.87,43.31,43.6,40.3879671832,253068,0.0000,1.0
2017-03-30,42.99,43.5,42.99,43.45,40.2490177549,329064,0.0000,1.0
2017-03-29,42.99,43.11,42.765,43.0,39.8321694697,228013,0.0000,1.0
2017-03-28,43.19,43.32,42.87,43.15,39.9711188981,352307,0.0000,1.0
2017-03-27,42.97,43.41,42.59,43.31,40.1193316217,266259,0.0000,1.0
2017-03-24,43.45,43.74,43.23,43.26,40.0730151456,289148,0.0000,1.0
2017-03-23,43.26,43.68,43.12,43.41,40.211964574,291720,0.0000,1.0
2017-03-22,43.44,43.625,43.07,43.3,40.1100683265,240285,0.0000,1.0
2017-03-21,44.18,44.27,43.39,43.44,40.2397544596,281393,0.0000,1.0
2017-03-20,44.48,44.65,43.96,44.02,40.7770255827,229530,0.0000,1.0
2017-03-17,44.62,44.68,44.13,44.55,41.2679802297,587980,0.0000,1.0
2017-03-16,44.4,44.58,44.15,44.43,41.156820687,212789,0.0000,1.0
2017-03-15,43.75,44.47,43.63,44.3,41.036397849,345906,0.0000,1.0
2017-03-14,43.54,43.59,42.91,43.51,40.3045975262,300471,0.0000,1.0
2017-03-13,43.24,43.71,43.08,43.62,40.4064937737,309739,0.0000,1.0
2017-03-10,42.72,43.36,42.49,43.25,40.0637518504,500940,0.0000,1.0
2017-03-09,42.71,43.82,42.17,42.35,39.2300552801,666470,0.0000,1.0
2017-03-08,41.0,42.84,40.98,42.5,39.3690047084,933260,0.0000,1.0
2017-03-07,40.43,40.55,40.14,40.22,37.256973397,556984,0.0000,1.0
2017-03-06,40.4,40.81,40.15,40.47,37.4885557777,481942,0.0000,1.0
2017-03-03,41.03,41.36,40.62,40.81,37.8035078153,295447,0.0000,1.0
2017-03-02,41.0,41.45,40.88,41.19,38.1555130339,439409,0.0000,1.0
2017-03-01,41.15,41.61,40.996,41.15,38.118459853,712257,0.0000,1.0
2017-02-28,41.47,41.5934,40.7433,40.79,37.7849812249,345419,0.0000,1.0
2017-02-27,41.06,41.58,41.05,41.58,38.5167815477,240983,0.0000,1.0
2017-02-24,40.94,41.16,40.72,41.09,38.0628800816,178271,0.0000,1.0
2017-02-23,41.09,41.34,40.83,41.1,38.0721433769,180220,0.0000,1.0
2017-02-22,40.76,41.055,40.62,41.04,38.0165636055,159462,0.0000,1.0
2017-02-21,40.43,40.83,40.31,40.8,37.7942445201,169991,0.0000,1.0
2017-02-17,40.74,40.74,40.27,40.39,37.4144494159,226195,0.0000,1.0
2017-02-16,40.25,40.87,40.21,40.87,37.8590875867,366153,0.0000,1.0
2017-02-15,40.23,40.7,40.15,40.41,37.4329760063,338048,0.0000,1.0
2017-02-14,40.64,40.73,40.25,40.35,37.377396235,230061,0.0000,1.0
2017-02-13,40.79,41.14,40.56,40.82,37.8127711106,306688,0.0000,1.0
2017-02-10,40.28,40.8,40.24,40.56,37.5719254347,249697,0.0000,1.0
2017-02-09,40.03,40.53,39.656,40.29,37.3218164636,352522,0.0000,1.0
2017-02-08,40.03,40.03,39.41,39.9,36.9605479498,354236,0.0000,1.0
2017-02-07,40.45,40.64,40.16,40.19,37.2291835113,435679,0.0000,1.0
2017-02-06,40.59,40.83,40.33,40.4,37.4237127111,308070,0.0000,1.0
2017-02-03,40.35,40.96,40.2,40.86,37.8498242915,303368,0.0000,1.0
2017-02-02,40.17,40.2002,39.68,40.03,37.0809707877,294738,0.0000,1.0
2017-02-01,40.41,40.87,40.05,40.14,37.1828670352,467984,0.0000,1.0
2017-01-31,40.43,40.7,40.01,40.39,37.4144494159,3798269,0.0000,1.0
2017-01-30,41.21,41.33,40.51,40.59,37.5997153204,661161,0.0000,1.0
2017-01-27,40.99,41.37,40.77,41.37,38.322252348,559374,0.0000,1.0
2017-01-26,40.82,41.32,40.68,40.96,37.9424572437,771312,0.0000,1.0
2017-01-25,40.47,41.34,40.47,40.68,37.6830849774,993817,0.0000,1.0
2017-01-24,39.4,40.67,39.395,40.48,37.4978190729,405924,0.0000,1.0
2017-01-23,39.68,39.99,39.2,39.46,36.5529629599,337895,0.0000,1.0
2017-01-20,39.27,39.77,39.26,39.64,36.7197022739,364822,0.0000,1.0
2017-01-19,39.77,39.81,39.08,39.38,36.4788565981,446435,0.0000,1.0
2017-01-18,39.77,40.33,39.76,39.85,36.9142314737,387838,0.0000,1.0
2017-01-17,40.35,40.425,39.732,39.79,36.8586517023,300337,0.0000,1.0
2017-01-13,40.02,41.0,40.02,40.47,37.4885557777,314737,0.0000,1.0
2017-01-12,39.98,40.17,39.4,39.77,36.8401251119,218367,0.0000,1.0
2017-01-11,39.64,40.245,39.53,40.21,37.2477101018,313635,0.0000,1.0
2017-01-10,39.46,39.96,39.33,39.57,36.6548592074,320579,0.0000,1.0
2017-01-09,40.08,40.08,39.4,39.41,36.5066464838,332593,0.0000,1.0
2017-01-06,40.46,40.51,39.77,39.81,36.8771782928,537157,0.0000,1.0
2017-01-05,41.41,41.41,40.56,40.57,37.5811887299,457090,0.0000,1.0
2017-01-04,41.05,41.54,40.75,41.44,38.3870954145,433651,0.0000,1.0
2017-01-03,40.57,41.085,40.2,40.8,37.7942445201,548692,0.1700,1.0
2016-12-30,40.79,40.94,40.62,40.84,37.674321362,355891,0.0000,1.0
2016-12-29,40.48,40.8,40.25,40.78,37.6189722121,469347,0.0000,1.0
2016-12-28,40.6,40.7,40.38,40.42,37.2868773127,418730,0.0000,1.0
2016-12-27,40.17,40.73,40.115,40.58,37.4344750458,361282,0.0000,1.0
2016-12-23,40.36,40.42,39.9381,40.14,37.0285812799,357172,0.0000,1.0
2016-12-22,40.24,40.49,40.09,40.41,37.2776524544,368233,0.0000,1.0
2016-12-21,40.94,41.18,40.47,40.47,37.3330016043,327930,0.0000,1.0
2016-12-20,40.2,41.14,40.2,40.78,37.6189722121,550504,0.0000,1.0
2016-12-19,40.43,40.75,39.82,40.27,37.148504438,534614,0.0000,1.0
2016-12-16,39.73,40.32,39.47,40.05,36.945557555,1518365,0.0000,1.0
2016-12-15,39.25,39.92,38.54,39.7,36.622687514,1135199,0.0000,1.0
2016-12-14,41.49,41.938,38.52,39.51,36.447415206,2668142,0.0000,1.0
2016-12-13,43.21,43.37,42.53,42.92,39.5930918917,723729,0.0000,1.0
2016-12-12,43.03,43.46,42.68,42.88,39.5561924584,566880,0.0000,1.0
2016-12-09,43.0,43.15,42.571,43.01,39.6761156165,661219,0.0000,1.0
2016-12-08,42.92,43.12,42.72,42.95,39.6207664666,601564,0.0000,1.0
2016-12-07,43.0,43.27,42.66,43.01,39.6761156165,404547,0.0000,1.0
2016-12-06,43.16,43.48,42.6331,42.86,39.5377427418,520344,0.0000,1.0
2016-12-05,43.57,44.26,43.15,44.22,40.7923234728,275214,0.0000,1.0
2016-12-02,42.93,43.61,42.71,43.57,40.1927076822,231709,0.0000,1.0
2016-12-01,43.82,43.91,42.91,43.06,39.7222399081,508750,0.0000,1.0
2016-11-30,44.71,45.0275,43.99,44.0,40.5893765898,328455,0.0000,1.0
2016-11-29,44.39,44.94,44.38,44.78,41.3089155384,292496,0.0000,1.0
2016-11-28,44.51,44.625,44.08,44.31,40.8753471976,286558,0.0000,1.0
2016-11-25,43.9,44.53,43.9,44.34,40.9030217725,164671,0.0000,1.0
2016-11-23,44.09,44.39,43.83,44.03,40.6170511648,376153,0.0000,1.0
2016-11-22,44.53,44.93,43.91,44.42,40.9768206391,307570,0.0000,1.0
2016-11-21,44.1,44.52,43.72,44.33,40.8937969142,251740,0.0000,1.0
2016-11-18,43.11,43.9213,42.75,43.88,40.47867829,298735,0.0000,1.0
2016-11-17,42.43,43.0399,42.18,43.01,39.6761156165,277520,0.0000,1.0
2016-11-16,42.97,43.33,42.16,42.52,39.2240975591,377019,0.0000,1.0
2016-11-15,42.9,43.71,42.6601,43.59,40.2111573989,234607,0.0000,1.0
2016-11-14,42.06,43.0,41.78,42.93,39.60231675,450840,0.0000,1.0
2016-11-11,41.41,42.02,41.18,41.94,38.6890557767,627415,0.0000,1.0
2016-11-10,40.32,41.56,40.08,41.44,38.2278128609,465993,0.0000,1.0
2016-11-09,39.07,40.32,38.88,40.28,37.1577292963,349926,0.0000,1.0
2016-11-08,38.96,39.54,38.96,39.38,36.3274920479,158304,0.0000,1.0
2016-11-07,38.64,39.23,38.46,39.0,35.9769474319,169349,0.0000,1.0
2016-11-04,38.33,38.63,38.225,38.29,35.3219824914,149247,0.0000,1.0
2016-11-03,38.15,38.569,38.04,38.3,35.3312073498,155709,0.0000,1.0
2016-11-02,38.47,38.8199,38.2,38.22,35.2574084832,192775,0.0000,1.0
2016-11-01,39.08,39.31,38.5,38.58,35.5895033826,351949,0.0000,1.0
2016-10-31,38.55,39.15,38.45,39.08,36.0507462984,283172,0.0000,1.0
2016-10-28,38.33,38.86,38.3,38.59,35.5987282409,147893,0.0000,1.0
2016-10-27,38.45,38.46,38.17,38.29,35.3219824914,121169,0.0000,1.0
2016-10-26,38.3,38.67,38.25,38.35,35.3773316413,122967,0.0000,1.0
2016-10-25,38.62,38.62,38.32,38.47,35.4880299411,112665,0.0000,1.0
2016-10-24,38.24,38.74,38.24,38.74,35.7371011157,198495,0.0000,1.0
2016-10-21,37.75,38.22,37.69,37.98,35.0360118837,196102,0.0000,1.0
2016-10-20,37.83,38.1199,37.67,38.01,35.0636864586,143881,0.0000,1.0
2016-10-19,38.11,38.11,37.78,37.86,34.9253135839,208142,0.0000,1.0
2016-10-18,38.2,38.34,38.06,38.12,35.1651599001,174690,0.0000,1.0
2016-10-17,37.78,37.94,37.6,37.87,34.9345384422,326059,0.0000,1.0
2016-10-14,38.08,38.47,37.79,37.82,34.8884141506,202068,0.0000,1.0
2016-10-13,37.77,38.44,37.72,38.08,35.1282604668,484391,0.0000,1.0
2016-10-12,38.25,38.4,37.95,38.07,35.1190356085,352789,0.0000,1.0
2016-10-11,38.84,38.84,38.07,38.21,35.2481836249,220967,0.0000,1.0
2016-10-10,38.97,39.3,38.79,38.8,35.7924502656,153492,0.0000,1.0
2016-10-07,39.26,39.3,38.53,38.78,35.7740005489,222311,0.0000,1.0
2016-10-06,38.98,39.4,38.758,39.26,36.2167937481,150058,0.0000,1.0
2016-10-05,39.42,39.56,39.04,39.1,36.069196015,196057,0.0000,1.0
2016-10-04,39.83,40.08,39.1,39.23,36.1891191731,205656,0.1650,1.0
2016-10-03,39.63,40.15,39.63,40.04,36.7816304529,351542,0.0000,1.0
2016-09-30,39.29,39.9,39.19,39.7,36.4692989256,267396,0.0000,1.0
2016-09-29,39.64,39.72,39.27,39.33,36.1294087341,149324,0.0000,1.0
2016-09-28,39.61,39.71,39.37,39.69,36.4601127042,178256,0.0000,1.0
2016-09-27,39.41,39.66,39.375,39.4,36.1937122838,379601,0.0000,1.0
2016-09-26,39.46,39.93,39.2,39.55,36.3315056047,205884,0.0000,1.0
2016-09-23,40.0,40.05,39.62,39.72,36.4876713684,187898,0.0000,1.0
2016-09-22,39.5,40.03,39.36,40.0,36.7448855673,259023,0.0000,1.0
2016-09-21,38.9,39.4,38.75,39.36,36.1569673983,259242,0.0000,1.0
2016-09-20,39.2,39.26,38.58,38.6,35.4588145725,407046,0.0000,1.0
2016-09-19,39.08,39.25,38.85,38.95,35.7803323212,252092,0.0000,1.0
2016-09-16,39.45,39.45,38.92,39.11,35.9273118635,377405,0.0000,1.0
2016-09-15,39.0,39.46,38.905,39.42,36.2120847266,154083,0.0000,1.0
2016-09-14,38.79,39.08,38.65,39.01,35.8354496496,273631,0.0000,1.0
2016-09-13,38.3,38.86,38.24,38.77,35.6149803361,93247,0.0000,1.0
2016-09-12,38.33,38.77,38.06,38.76,35.6057941148,104752,0.0000,1.0
2016-09-09,40.2,40.2,38.55,38.58,35.4404421297,350768,0.0000,1.0
2016-09-08,40.0,40.47,38.69,40.42,37.1307068658,779656,0.0000,1.0
2016-09-07,38.92,39.06,38.43,38.65,35.5047456794,414894,0.0000,1.0
2016-09-06,38.97,39.06,38.46,38.99,35.8170772068,234126,0.0000,1.0
2016-09-02,38.9,39.16,38.6,38.91,35.7435874356,222502,0.0000,1.0
2016-09-01,38.29,38.66,38.08,38.66,35.5139319008,148212,0.0000,1.0
2016-08-31,38.41,38.49,37.99,38.43,35.3026488088,200448,0.0000,1.0
2016-08-30,38.14,38.57,38.12,38.4,35.2750901447,196311,0.0000,1.0
2016-08-29,38.06,38.29,37.87,38.03,34.9351999532,135341,0.0000,1.0
2016-08-26,38.21,38.54,37.77,38.03,34.9351999532,163932,0.0000,1.0
2016-08-25,38.18,38.39,38.0,38.25,35.1372968238,208516,0.0000,1.0
2016-08-24,38.36,38.38,38.09,38.15,35.0454346099,167192,0.0000,1.0
2016-08-23,38.27,38.59,38.235,38.35,35.2291590377,168056,0.0000,1.0
2016-08-22,37.71,38.27,37.71,38.21,35.1005519382,199468,0.0000,1.0
2016-08-19,37.92,37.94,37.71,37.84,34.7606617467,215426,0.0000,1.0
2016-08-18,37.95,38.05,37.74,37.92,34.8341515178,169860,0.0000,1.0
2016-08-17,38.09,38.09,37.72,37.89,34.8065928537,210515,0.0000,1.0
2016-08-16,38.17,38.33,37.9,37.99,34.8984550676,172188,0.0000,1.0
2016-08-15,37.65,38.12,37.65,38.12,35.0178759457,109150,0.0000,1.0
2016-08-12,38.0,38.0,37.47,37.73,34.6596133114,115653,0.0000,1.0
2016-08-11,37.66,38.01,37.64,38.01,34.9168275104,189763,0.0000,1.0
2016-08-10,37.2,37.61,37.2,37.61,34.5493786547,136578,0.0000,1.0
2016-08-09,37.06,37.23,36.98,37.2,34.1727435776,179408,0.0000,1.0
2016-08-08,37.26,37.3,36.97,37.1,34.0808813637,80874,0.0000,1.0
2016-08-05,37.19,37.47,37.02,37.26,34.227860906,126347,0.0000,1.0
2016-08-04,37.29,37.34,37.02,37.12,34.0992538065,115356,0.0000,1.0
2016-08-03,36.86,37.27,36.63,37.27,34.2370471274,283542,0.0000,1.0
2016-08-02,37.18,37.42,36.75,36.85,33.8512258289,237805,0.0000,1.0
2016-08-01,37.16,37.41,36.9,37.27,34.2370471274,194507,0.0000,1.0
2016-07-29,37.23,37.37,36.95,37.21,34.181929799,224185,0.0000,1.0
2016-07-28,37.45,37.54,37.08,37.24,34.2094884632,148220,0.0000,1.0
2016-07-27,37.5,37.62,37.16,37.61,34.5493786547,178943,0.0000,1.0
2016-07-26,37.07,37.62,37.07,37.52,34.4667026622,177736,0.0000,1.0
2016-07-25,37.44,37.44,37.1,37.29,34.2554195702,196504,0.0000,1.0
2016-07-22,37.07,37.67,36.9,37.52,34.4667026622,122220,0.0000,1.0
2016-07-21,37.11,37.28,36.94,37.15,34.1268124707,169033,0.0000,1.0
2016-07-20,36.85,37.33,36.705,37.09,34.0716951423,161508,0.0000,1.0
2016-07-19,36.89,37.104,36.62,36.77,33.7777360578,247579,0.0000,1.0
2016-07-18,37.28,37.405,37.005,37.05,34.0349502568,133868,0.0000,1.0
2016-07-15,37.16,37.26,36.77,37.25,34.2186746846,264016,0.0000,1.0
2016-07-14,37.37,37.47,36.93,37.04,34.0257640354,218017,0.0000,1.0
2016-07-13,37.32,37.4,37.12,37.24,34.2094884632,189358,0.0000,1.0
2016-07-12,37.25,37.54,36.86,37.25,34.2186746846,214106,0.0000,1.0
2016-07-11,36.86,37.14,36.76,37.07,34.0533226995,157901,0.0000,1.0
2016-07-08,36.54,37.07,36.54,36.82,33.8236671647,240904,0.0000,1.0
2016-07-07,36.35,36.52,36.05,36.27,33.3184249882,139335,0.0000,1.0
2016-07-06,36.34,36.6,36.2,36.42,33.4562183091,176784,0.0000,1.0
2016-07-05,36.09,36.73,35.96,36.48,33.5113356374,245911,0.1650,1.0
2016-07-01,36.49,36.68,36.26,36.33,33.2232725804,185231,0.0000,1.0
2016-06-30,35.67,36.49,35.67,36.48,33.3604454647,380755,0.0000,1.0
2016-06-29,35.53,35.92,35.53,35.74,32.6837259021,209153,0.0000,1.0
2016-06-28,35.34,35.72,35.19,35.24,32.2264829544,426892,0.0000,1.0
2016-06-27,35.56,35.6062,35.03,35.23,32.2173380954,349770,0.0000,1.0
2016-06-24,35.85,36.045,35.54,35.74,32.6837259021,531905,0.0000,1.0
2016-06-23,36.65,36.93,36.53,36.78,33.6347912333,396774,0.0000,1.0
2016-06-22,36.54,36.71,36.3,36.36,33.2507071572,240591,0.0000,1.0
2016-06-21,36.32,36.7,36.075,36.54,33.4153146184,257738,0.0000,1.0
2016-06-20,36.68,36.91,36.24,36.28,33.1775482856,615029,0.0000,1.0
2016-06-17,37.07,37.19,36.07,36.26,33.1592585677,478991,0.0000,1.0
2016-06-16,36.41,36.71,36.2,36.67,33.5341977848,176502,0.0000,1.0
2016-06-15,36.89,36.945,36.4276,36.49,33.3695903236,200537,0.0000,1.0
2016-06-14,36.57,36.95,36.4,36.79,33.6439360923,389746,0.0000,1.0
2016-06-13,37.14,37.48,36.69,36.71,33.5707772206,553052,0.0000,1.0
2016-06-10,37.08,37.855,36.87,37.3,34.1103238989,600982,0.0000,1.0
2016-06-09,35.73,37.59,35.16,37.27,34.0828893221,1351945,0.0000,1.0
2016-06-08,34.25,34.99,34.13,34.76,31.7875297246,344488,0.0000,1.0
2016-06-07,34.11,34.36,34.04,34.24,31.311997059,188338,0.0000,1.0
2016-06-06,34.2,34.29,34.04,34.11,31.1931138925,247960,0.0000,1.0
2016-06-03,34.37,34.37,33.99,34.16,31.2388381873,208560,0.0000,1.0
2016-06-02,34.07,34.58,34.03,34.42,31.4766045201,210268,0.0000,1.0
2016-06-01,34.08,34.26,33.91,34.2,31.2754176231,217036,0.0000,1.0
2016-05-31,33.96,34.2,33.79,34.17,31.2479830463,258755,0.0000,1.0
2016-05-27,33.65,34.13,33.49,34.02,31.110810162,296227,0.0000,1.0
2016-05-26,33.43,33.74,33.25,33.67,30.7907400986,293977,0.0000,1.0
2016-05-25,33.43,33.52,33.3,33.38,30.5255391889,168218,0.0000,1.0
2016-05-24,33.11,33.59,32.89,33.52,30.6535672143,229591,0.0000,1.0
2016-05-23,33.1,33.22,32.985,33.0,30.1780345486,165056,0.0000,1.0
2016-05-20,32.92,33.15,32.72,33.14,30.306062574,198118,0.0000,1.0
2016-05-19,32.51,32.8,32.29,32.76,29.9585579337,160131,0.0000,1.0
2016-05-18,32.83,32.83,32.39,32.58,29.7939504726,270840,0.0000,1.0
2016-05-17,33.0,33.23,32.67,32.89,30.0774411001,384840,0.0000,1.0
2016-05-16,33.0,33.15,32.87,33.06,30.2329037024,171165,0.0000,1.0
2016-05-13,32.99,33.14,32.72,32.99,30.1688896897,215331,0.0000,1.0
2016-05-12,32.99,33.21,32.72,32.99,30.1688896897,176876,0.0000,1.0
2016-05-11,33.27,33.335,32.78,32.95,30.1323102539,163603,0.0000,1.0
2016-05-10,32.97,33.35,32.87,33.33,30.4798148941,246384,0.0000,1.0
2016-05-09,32.46,32.95,32.41,32.87,30.0591513822,191051,0.0000,1.0
2016-05-06,32.57,32.82,32.03,32.52,29.7390813188,399221,0.0000,1.0
2016-05-05,32.78,32.9,32.46,32.79,29.9859925106,450204,0.0000,1.0
2016-05-04,32.22,32.95,32.22,32.75,29.9494130748,351910,0.0000,1.0
2016-05-03,32.33,32.52,32.17,32.42,29.6476327293,223198,0.0000,1.0
2016-05-02,32.22,32.51,32.08,32.51,29.7299364599,244171,0.0000,1.0
2016-04-29,32.11,32.29,31.92,32.17,29.4190112554,250235,0.0000,1.0
2016-04-28,32.54,32.67,32.39,32.4,29.6293430114,179156,0.0000,1.0
2016-04-27,32.07,32.67,32.07,32.66,29.8671093442,323817,0.0000,1.0
2016-04-26,31.87,32.17,31.79,32.17,29.4190112554,219650,0.0000,1.0
2016-04-25,32.04,32.18,31.74,31.88,29.1538103458,160967,0.0000,1.0
2016-04-22,31.98,32.3,31.98,32.16,29.4098663965,207305,0.0000,1.0
2016-04-21,32.29,32.34,31.97,32.02,29.2818383711,140564,0.0000,1.0
2016-04-20,32.49,32.5,32.11,32.39,29.6201981524,210970,0.0000,1.0
2016-04-19,32.54,32.654,32.21,32.52,29.7390813188,255858,0.0000,1.0
2016-04-18,32.67,32.89,32.37,32.39,29.6201981524,192897,0.0000,1.0
2016-04-15,32.2,32.73,32.2,32.67,29.8762542032,428832,0.0000,1.0
2016-04-14,32.4,32.47,32.14,32.2,29.4464458323,215657,0.0000,1.0
2016-04-13,32.05,32.46,31.88,32.42,29.6476327293,384473,0.0000,1.0
2016-04-12,31.76,32.2,31.71,31.95,29.2178243585,253693,0.0000,1.0
2016-04-11,32.17,32.235,31.69,31.76,29.0440720383,287297,0.0000,1.0
2016-04-08,32.21,32.4482,31.99,32.07,29.3275626659,293759,0.0000,1.0
2016-04-07,31.86,32.1,31.7,32.08,29.3367075249,472793,0.0000,1.0
2016-04-06,31.8,32.05,31.68,32.0,29.2635486532,373760,0.0000,1.0
2016-04-05,31.6,32.07,31.51,31.86,29.1355206279,302135,0.1650,1.0
2016-04-04,32.06,32.15,31.74,31.83,28.9581146475,375859,0.0000,1.0
2016-04-01,32.12,32.36,31.84,32.08,29.1855582121,217509,0.0000,1.0
2016-03-31,32.18,32.5,32.12,32.31,29.3948062915,204530,0.0000,1.0
2016-03-30,32.0,32.31,31.825,32.23,29.3220243509,337969,0.0000,1.0
2016-03-29,31.61,32.0,31.36,32.0,29.1127762714,308173,0.0000,1.0
2016-03-28,31.49,31.73,31.37,31.61,28.7579643106,110537,0.0000,1.0
2016-03-24,31.42,31.61,31.2,31.48,28.639693657,166722,0.0000,1.0
2016-03-23,31.98,31.98,31.52,31.52,28.6760846273,336333,0.0000,1.0
2016-03-22,31.85,32.37,31.72,31.97,29.0854830437,541208,0.0000,1.0
2016-03-21,31.79,31.99,31.59,31.92,29.0399943307,320858,0.0000,1.0
2016-03-18,31.92,32.0,31.55,31.83,28.9581146475,619711,0.0000,1.0
2016-03-17,31.24,31.89,31.14,31.78,28.9126259345,329051,0.0000,1.0
2016-03-16,30.97,31.46,30.79,31.27,28.4486410627,230774,0.0000,1.0
2016-03-15,30.57,31.13,30.455,31.08,28.2757839536,259442,0.0000,1.0
2016-03-14,30.98,31.05,30.64,30.78,28.0028516761,305855,0.0000,1.0
2016-03-11,31.21,31.38,30.93,31.06,28.2575884684,317970,0.0000,1.0
2016-03-10,31.85,31.95,30.8,31.07,28.266686211,526401,0.0000,1.0
2016-03-09,32.15,33.39,30.62,31.85,28.9763101326,779902,0.0000,1.0
2016-03-08,30.94,31.22,30.42,30.84,28.0574381316,331646,0.0000,1.0
2016-03-07,30.52,31.04,30.16,31.02,28.2211974981,400990,0.0000,1.0
2016-03-04,30.78,30.81,30.43,30.64,27.8754832799,321919,0.0000,1.0
2016-03-03,30.99,31.11,30.5,30.78,28.0028516761,323669,0.0000,1.0
2016-03-02,31.32,31.32,30.44,31.01,28.2120997555,496607,0.0000,1.0
2016-03-01,31.57,31.6409,31.09,31.41,28.5760094589,220344,0.0000,1.0
2016-02-29,31.24,31.6,30.96,31.4,28.5669117163,336394,0.0000,1.0
2016-02-26,32.26,32.33,31.09,31.26,28.4395433201,459895,0.0000,1.0
2016-02-25,32.34,32.5,32.02,32.21,29.3038288657,292969,0.0000,1.0
2016-02-24,31.45,32.29,31.23,32.25,29.340219836,211499,0.0000,1.0
2016-02-23,31.76,31.96,31.47,31.7,28.8398439939,191695,0.0000,1.0
2016-02-22,32.02,32.21,31.69,31.79,28.9217236771,323594,0.0000,1.0
2016-02-19,31.42,31.98,31.225,31.85,28.9763101326,302192,0.0000,1.0
2016-02-18,31.47,31.76,31.31,31.42,28.5851072015,239254,0.0000,1.0
2016-02-17,31.44,31.82,31.16,31.47,28.6305959144,402034,0.0000,1.0
2016-02-16,30.78,31.52,30.49,31.44,28.6033026867,265730,0.0000,1.0
2016-02-12,30.36,30.55,30.03,30.37,27.6298442301,287674,0.0000,1.0
2016-02-11,29.55,30.28,29.45,30.14,27.4205961506,485720,0.0000,1.0
2016-02-10,29.81,30.26,29.675,29.98,27.2750322693,282031,0.0000,1.0
2016-02-09,29.22,29.85,29.09,29.63,26.9566112788,236194,0.0000,1.0
2016-02-08,28.6,29.52,28.45,29.45,26.7928519123,274605,0.0000,1.0
2016-02-05,29.43,29.58,28.75,28.84,26.2378896146,369160,0.0000,1.0
2016-02-04,29.3,29.92,29.125,29.56,26.8929270807,174684,0.0000,1.0
2016-02-03,29.69,29.77,28.96,29.36,26.710972229,308205,0.0000,1.0
2016-02-02,29.71,30.01,29.245,29.46,26.8019496549,227279,0.0000,1.0
2016-02-01,29.88,30.26,29.63,30.01,27.302325497,211503,0.0000,1.0
2016-01-29,29.38,30.05,29.35,30.03,27.3205209822,654562,0.0000,1.0
2016-01-28,29.39,29.61,29.05,29.19,26.5563106051,341634,0.0000,1.0
2016-01-27,29.26,29.57,29.05,29.14,26.5108218921,403235,0.0000,1.0
2016-01-26,29.19,29.43,28.95,29.36,26.710972229,432611,0.0000,1.0
2016-01-25,29.16,29.58,28.9203,29.0,26.383453496,465663,0.0000,1.0
2016-01-22,28.92,29.53,28.92,29.2,26.5654083477,493142,0.0000,1.0
2016-01-21,28.76,29.14,28.57,28.58,26.0013483074,342642,0.0000,1.0
2016-01-20,28.5,28.99,28.05,28.67,26.0832279907,376736,0.0000,1.0
2016-01-19,28.34,29.385,28.335,28.9,26.2924760701,550224,0.0000,1.0
2016-01-15,27.01,28.49,26.98,28.14,25.6010476337,690171,0.0000,1.0
2016-01-14,26.83,27.95,26.63,27.55,25.0642808212,331678,0.0000,1.0
2016-01-13,27.17,27.45,26.57,26.77,24.3546568995,286545,0.0000,1.0
2016-01-12,27.21,27.39,26.92,27.15,24.7003711178,308518,0.0000,1.0
2016-01-11,26.69,27.11,26.55,27.02,24.5821004642,227791,0.0000,1.0
2016-01-08,26.88,26.93,26.5,26.58,24.1817997904,361263,0.0000,1.0
2016-01-07,26.84,27.31,26.6781,26.72,24.3091681866,201376,0.0000,1.0
2016-01-06,27.23,27.76,27.2,27.3,24.8368372565,286334,0.0000,1.0
2016-01-05,27.57,27.84,27.55,27.57,25.0824763063,226905,0.1650,1.0
2016-01-04,28.06,28.06,27.5,27.67,25.0236927852,333077,0.0000,1.0
2015-12-31,29.04,29.19,28.47,28.47,25.7471822766,239254,0.0000,1.0
2015-12-30,29.42,29.43,29.08,29.08,26.2988430138,158469,0.0000,1.0
2015-12-29,29.46,29.74,29.32,29.42,26.6063260477,185390,0.0000,1.0
2015-12-28,29.17,29.36,28.9,29.32,26.5158898612,181154,0.0000,1.0
2015-12-24,29.23,29.43,29.11,29.25,26.4525845307,81668,0.0000,1.0
2015-12-23,28.89,29.3,28.78,29.24,26.4435409121,176949,0.0000,1.0
2015-12-22,28.56,28.77,28.39,28.76,26.0094472172,230598,0.0000,1.0
2015-12-21,28.35,28.515,28.14,28.47,25.7471822766,203951,0.0000,1.0
2015-12-18,28.46,28.49,28.17,28.17,25.4758737173,603153,0.0000,1.0
2015-12-17,29.14,29.14,28.64,28.65,25.9099674122,303629,0.0000,1.0
2015-12-16,28.72,29.12,28.575,29.11,26.3259738697,357409,0.0000,1.0
2015-12-15,28.48,28.72,28.35,28.55,25.8195312257,243816,0.0000,1.0
2015-12-14,28.36,28.47,28.15,28.34,25.6296152342,336074,0.0000,1.0
2015-12-11,28.34,28.65,28.16,28.35,25.6386588529,312619,0.0000,1.0
2015-12-10,28.96,29.07,28.64,28.68,25.9370982681,432342,0.0000,1.0
2015-12-09,29.0,29.48,28.506,28.95,26.1812759715,834338,0.0000,1.0
2015-12-08,28.73,29.28,28.49,29.15,26.3621483443,295997,0.0000,1.0
2015-12-07,29.37,29.37,28.75,28.92,26.1541451155,199294,0.0000,1.0
2015-12-04,29.05,29.6,29.05,29.44,26.624413285,149709,0.0000,1.0
2015-12-03,29.87,29.87,28.95,29.02,26.244581302,319168,0.0000,1.0
2015-12-02,30.1,30.25,29.67,29.83,26.977114412,207949,0.0000,1.0
2015-12-01,29.75,30.13,29.59,30.1,27.2212921154,170288,0.0000,1.0
2015-11-30,30.07,30.14,29.64,29.67,26.8324165138,241277,0.0000,1.0
2015-11-27,29.8,30.06,29.68,30.0,27.130855929,96969,0.0000,1.0
2015-11-25,29.77,29.89,29.6,29.85,26.9952016493,153461,0.0000,1.0
2015-11-24,29.45,29.76,29.26,29.74,26.8957218443,159068,0.0000,1.0
2015-11-23,29.71,29.8,29.38,29.5,26.6786749968,185458,0.0000,1.0
2015-11-20,29.4,29.77,29.4,29.76,26.9138090815,224176,0.0000,1.0
2015-11-19,29.12,29.26,28.96,29.25,26.4525845307,222145,0.0000,1.0
2015-11-18,28.9,29.15,28.8,29.11,26.3259738697,256796,0.0000,1.0
2015-11-17,28.84,28.92,28.6,28.86,26.0998834037,203174,0.0000,1.0
2015-11-16,28.46,28.83,28.37,28.81,26.0546653105,135945,0.0000,1.0
2015-11-13,28.63,28.84,28.43,28.46,25.7381386579,192087,0.0000,1.0
2015-11-12,28.52,28.79,28.4,28.77,26.0184908359,306265,0.0000,1.0
2015-11-11,28.82,29.0195,28.69,28.83,26.0727525477,151716,0.0000,1.0
2015-11-10,28.3,28.74,28.23,28.73,25.9823163613,258331,0.0000,1.0
2015-11-09,28.58,28.71,28.3,28.42,25.7019641834,276460,0.0000,1.0
2015-11-06,28.38,28.715,28.16,28.64,25.9009237935,268967,0.0000,1.0
2015-11-05,28.44,28.62,28.25,28.53,25.8014439884,127732,0.0000,1.0
2015-11-04,28.46,28.53,28.14,28.4,25.6838769461,187276,0.0000,1.0
2015-11-03,28.6,28.86,28.27,28.46,25.7381386579,226103,0.0000,1.0
2015-11-02,28.36,28.84,28.284,28.64,25.9009237935,345819,0.0000,1.0
2015-10-30,27.94,28.49,27.78,28.4,25.6838769461,549006,0.0000,1.0
2015-10-29,28.21,28.21,26.98,27.89,25.2226523953,936512,0.0000,1.0
2015-10-28,28.69,29.3,28.6,28.88,26.117970641,470461,0.0000,1.0
2015-10-27,28.57,28.62,28.25,28.57,25.837618463,374302,0.0000,1.0
2015-10-26,28.48,28.83,28.396,28.78,26.0275344545,395546,0.0000,1.0
2015-10-23,28.71,28.88,28.44,28.49,25.7652695139,199181,0.0000,1.0
2015-10-22,28.11,28.6,28.07,28.56,25.8285748444,283350,0.0000,1.0
2015-10-21,28.45,28.55,28.04,28.04,25.3583066749,236256,0.0000,1.0
2015-10-20,28.6,28.7583,28.3,28.34,25.6296152342,336613,0.0000,1.0
2015-10-19,28.4,28.69,28.22,28.68,25.9370982681,349381,0.0000,1.0
2015-10-16,28.46,28.52,28.09,28.52,25.7924003698,449636,0.0000,1.0
2015-10-15,28.31,28.5,28.16,28.44,25.7200514207,333117,0.0000,1.0
2015-10-14,28.48,28.7,28.22,28.23,25.5301354292,406753,0.0000,1.0
2015-10-13,28.73,28.91,28.51,28.52,25.7924003698,256563,0.0000,1.0
2015-10-12,28.74,29.0,28.66,28.81,26.0546653105,275315,0.0000,1.0
2015-10-09,28.98,29.09,28.75,28.76,26.0094472172,284379,0.0000,1.0
2015-10-08,28.28,28.95,28.27,28.93,26.1631887342,355135,0.0000,1.0
2015-10-07,28.13,28.56,28.07,28.33,25.6205716156,617744,0.0000,1.0
2015-10-06,28.17,28.34,27.94,28.04,25.3583066749,341569,0.0000,1.0
2015-10-05,27.78,28.22,27.78,28.19,25.4939609546,374558,0.0000,1.0
2015-10-02,27.05,27.63,26.71,27.58,24.9423002174,814612,0.0000,1.0
2015-10-01,27.38,27.46,27.0,27.21,24.6076863276,634530,0.0000,1.0
2015-09-30,27.89,27.95,26.95,27.31,24.698122514,982547,0.0000,1.0
2015-09-29,27.85,28.08,27.67,27.72,25.0689108784,568341,0.1600,1.0
2015-09-28,28.65,28.65,27.92,27.94,25.1228611887,517283,0.0000,1.0
2015-09-25,28.83,29.0,28.53,28.7,25.8062317866,670970,0.0000,1.0
2015-09-24,28.85,28.88,28.54,28.69,25.7972400682,334227,0.0000,1.0
2015-09-23,28.93,29.1,28.86,28.93,26.0130413096,385759,0.0000,1.0
2015-09-22,29.26,29.34,28.84,28.92,26.0040495912,316288,0.0000,1.0
2015-09-21,29.81,29.84,29.37,29.41,26.4446437924,406991,0.0000,1.0
2015-09-18,29.61,29.8,29.39,29.54,26.5615361315,688704,0.0000,1.0
2015-09-17,30.04,30.25,29.86,29.89,26.8762462753,331747,0.0000,1.0
2015-09-16,29.96,30.1,29.83,29.99,26.9661634592,508324,0.0000,1.0
2015-09-15,29.64,30.0,29.56,29.9,26.8852379937,381666,0.0000,1.0
2015-09-14,29.8,30.13,29.632,29.66,26.6694367522,562977,0.0000,1.0
2015-09-11,29.45,29.73,29.45,29.64,26.6514533155,704675,0.0000,1.0
2015-09-10,29.73,29.84,29.5,29.55,26.5705278499,886365,0.0000,1.0
2015-09-09,29.81,30.02,29.68,29.72,26.7233870626,617477,0.0000,1.0
2015-09-08,29.65,30.03,29.65,29.74,26.7413704994,551753,0.0000,1.0
2015-09-04,29.94,30.08,29.21,29.24,26.2917845798,1105673,0.0000,1.0
2015-09-03,29.5,30.65,28.66,30.25,27.1999481374,1827997,0.0000,1.0
2015-09-02,31.2,31.36,30.67,31.17,28.0271862295,535260,0.0000,1.0
2015-09-01,31.66,31.77,31.02,31.11,27.9732359192,277454,0.0000,1.0
2015-08-31,31.79,32.17,31.655,32.01,28.7824905745,262716,0.0000,1.0
2015-08-28,31.84,32.04,31.62,31.92,28.7015651089,345971,0.0000,1.0
2015-08-27,32.0,32.37,31.55,32.07,28.8364408848,430145,0.0000,1.0
2015-08-26,32.03,32.135,31.16,32.09,28.8544243216,422214,0.0000,1.0
2015-08-25,32.75,32.8,31.49,31.51,28.3329046549,312177,0.0000,1.0
2015-08-24,31.75,32.75,31.39,31.85,28.6386230802,455142,0.0000,1.0
2015-08-21,32.42,33.09,31.92,32.93,29.6097286666,354043,0.0000,1.0
2015-08-20,33.16,33.26,32.96,32.96,29.6367038218,116961,0.0000,1.0
2015-08-19,33.51,33.7,33.29,33.45,30.077298023,74872,0.0000,1.0
2015-08-18,33.7,34.0,33.65,33.76,30.3560412932,213008,0.0000,1.0
2015-08-17,33.52,33.8895,33.29,33.8,30.3920081667,117570,0.0000,1.0
2015-08-14,33.12,33.74,32.7,33.67,30.2751158276,201393,0.0000,1.0
2015-08-13,33.06,33.25,32.79,33.0,29.6726706953,131125,0.0000,1.0
2015-08-12,33.08,33.21,32.54,33.06,29.7266210057,179563,0.0000,1.0
2015-08-11,33.27,33.37,33.15,33.32,29.9604056839,166488,0.0000,1.0
2015-08-10,33.2,33.56,33.2,33.53,30.1492317701,203369,0.0000,1.0
2015-08-07,33.03,33.21,32.83,33.03,29.6996458505,199527,0.0000,1.0
2015-08-06,33.28,33.84,33.08,33.21,29.8614967816,233273,0.0000,1.0
2015-08-05,33.14,33.47,32.72,33.24,29.8884719368,223057,0.0000,1.0
2015-08-04,32.84,33.24,32.6811,32.93,29.6097286666,222805,0.0000,1.0
2015-08-03,32.96,33.1418,32.5,32.87,29.5557783562,237729,0.0000,1.0
2015-07-31,33.09,33.31,32.81,32.96,29.6367038218,191553,0.0000,1.0
2015-07-30,32.81,33.2,32.71,32.99,29.6636789769,252785,0.0000,1.0
2015-07-29,32.52,33.0,32.31,32.94,29.618720385,223902,0.0000,1.0
2015-07-28,32.51,32.65,32.1,32.58,29.2950185229,199769,0.0000,1.0
2015-07-27,32.12,32.45,32.095,32.37,29.1061924366,232735,0.0000,1.0
2015-07-24,32.59,32.61,32.24,32.25,28.9982918159,267113,0.0000,1.0
2015-07-23,32.81,32.85,32.32,32.59,29.3040102412,195344,0.0000,1.0
2015-07-22,32.26,32.83,32.26,32.81,29.5018280459,135078,0.0000,1.0
2015-07-21,32.56,32.74,32.19,32.3,29.0432504079,119462,0.0000,1.0
2015-07-20,32.62,32.62,32.47,32.57,29.2860268045,122512,0.0000,1.0
2015-07-17,32.78,32.82,32.53,32.62,29.3309853964,174778,0.0000,1.0
2015-07-16,32.64,32.83,32.59,32.73,29.4298942987,161225,0.0000,1.0
2015-07-15,32.7,32.7,32.29,32.42,29.1511510286,166946,0.0000,1.0
2015-07-14,32.43,32.72,32.298,32.66,29.36695227,122627,0.0000,1.0
2015-07-13,32.4,32.76,32.18,32.47,29.1961096205,397341,0.0000,1.0
2015-07-10,32.06,32.35,31.814,32.17,28.9263580688,650232,0.0000,1.0
2015-07-09,32.35,32.445,31.72,31.77,28.5666893331,519844,0.0000,1.0
2015-07-08,31.92,32.28,31.846,32.02,28.7914822929,240900,0.0000,1.0
2015-07-07,32.43,32.43,31.88,32.09,28.8544243216,208421,0.0000,1.0
2015-07-06,32.44,32.73,32.28,32.41,29.1421593102,148734,0.0000,1.0
2015-07-02,32.87,32.91,32.25,32.64,29.3489688332,374009,0.0000,1.0
2015-07-01,33.05,33.22,32.665,32.79,29.4838446091,233969,0.0000,1.0
2015-06-30,33.17,33.5,32.76,32.87,29.5557783562,424892,0.1600,1.0
2015-06-29,33.14,33.45,32.83,32.85,29.3947114442,249408,0.0000,1.0
2015-06-26,33.56,33.64,33.14,33.32,29.8152750478,482594,0.0000,1.0
2015-06-25,33.4,33.67,33.26,33.54,30.012134607,241239,0.0000,1.0
2015-06-24,33.57,33.67,33.18,33.35,29.8421195332,198293,0.0000,1.0
2015-06-23,33.46,33.64,33.3,33.61,30.0747717394,292061,0.0000,1.0
2015-06-22,33.5,33.69,33.34,33.42,29.9047566656,123483,0.0000,1.0
2015-06-19,33.33,33.48,33.0,33.34,29.8331713714,251815,0.0000,1.0
2015-06-18,32.95,33.39,32.92,33.28,29.7794824007,199523,0.0000,1.0
2015-06-17,33.02,33.08,32.752,32.84,29.3857632824,100134,0.0000,1.0
2015-06-16,32.83,32.97,32.55,32.96,29.4931412238,168264,0.0000,1.0
2015-06-15,32.82,32.95,32.19,32.89,29.4305040913,196555,0.0000,1.0
2015-06-12,33.19,33.19,32.85,33.03,29.5557783562,140576,0.0000,1.0
2015-06-11,33.26,33.45,32.98,33.32,29.8152750478,181802,0.0000,1.0
2015-06-10,33.02,33.42,33.0,33.24,29.7436897536,219407,0.0000,1.0
2015-06-09,32.5,32.94,32.32,32.91,29.4484004149,141674,0.0000,1.0
2015-06-08,32.69,32.94,32.5345,32.55,29.1262665908,209877,0.0000,1.0
2015-06-05,32.71,33.01,32.52,32.71,29.2694371793,214211,0.0000,1.0
2015-06-04,33.0,33.0,32.52,32.71,29.2694371793,157718,0.0000,1.0
2015-06-03,32.54,33.3,32.05,33.16,29.6721044594,495293,0.0000,1.0
2015-06-02,32.43,32.48,32.21,32.39,28.9830960024,159033,0.0000,1.0
2015-06-01,32.6,32.79,32.31,32.5,29.0815257819,361805,0.0000,1.0
2015-05-29,32.72,32.83,32.34,32.44,29.0278368113,253726,0.0000,1.0
2015-05-28,32.67,32.86,32.47,32.71,29.2694371793,147813,0.0000,1.0
2015-05-27,32.41,32.86,32.16,32.79,29.3410224735,175193,0.0000,1.0
2015-05-26,32.32,32.51,32.05,32.24,28.8488735757,157690,0.0000,1.0
2015-05-22,32.54,32.7099,32.2,32.49,29.0725776202,343947,0.0000,1.0
2015-05-21,33.0,33.08,32.575,32.64,29.2068000469,320509,0.0000,1.0
2015-05-20,32.67,33.03,32.51,32.96,29.4931412238,208797,0.0000,1.0
2015-05-19,32.11,32.54,32.02,32.52,29.0994221055,408377,0.0000,1.0
2015-05-18,31.9,32.14,31.72,32.01,28.6430658548,183308,0.0000,1.0
2015-05-15,32.26,32.325,31.91,31.99,28.6251695312,137704,0.0000,1.0
2015-05-14,32.01,32.37,31.9,32.29,28.8936143846,190606,0.0000,1.0
2015-05-13,32.07,32.13,31.58,31.87,28.5177915899,183905,0.0000,1.0
2015-05-12,31.89,32.04,31.34,32.02,28.6520140166,184127,0.0000,1.0
2015-05-11,32.13,32.23,32.0,32.02,28.6520140166,182369,0.0000,1.0
2015-05-08,32.6,32.6,32.13,32.14,28.7593919579,231164,0.0000,1.0
2015-05-07,32.2,32.4199,32.09,32.31,28.9115107081,225391,0.0000,1.0
2015-05-06,32.2,32.25,32.01,32.23,28.8399254139,295605,0.0000,1.0
2015-05-05,32.25,32.42,32.02,32.15,28.7683401197,404217,0.0000,1.0
2015-05-04,32.25,32.58,32.1716,32.32,28.9204588699,208803,0.0000,1.0
2015-05-01,32.16,32.32,32.04,32.17,28.7862364432,292758,0.0000,1.0
2015-04-30,32.0,32.1648,31.63,32.05,28.6788585019,378039,0.0000,1.0
2015-04-29,32.23,32.385,31.97,32.11,28.7325474726,331470,0.0000,1.0
2015-04-28,31.96,32.29,31.96,32.26,28.8667698993,269487,0.0000,1.0
2015-04-27,32.16,32.42,31.83,31.95,28.5893768841,295387,0.0000,1.0
2015-04-24,32.23,32.23,31.75,31.95,28.5893768841,139441,0.0000,1.0
2015-04-23,31.86,32.26,31.71,32.12,28.7414956343,201956,0.0000,1.0
2015-04-22,32.0,32.015,31.62,31.87,28.5177915899,169130,0.0000,1.0
2015-04-21,31.53,32.12,31.365,32.02,28.6520140166,173728,0.0000,1.0
2015-04-20,31.4,31.59,31.0,31.44,28.1330206334,159546,0.0000,1.0
2015-04-17,31.57,31.69,31.06,31.25,27.9630055596,270762,0.0000,1.0
2015-04-16,31.99,31.99,31.69,31.81,28.4641026192,124366,0.0000,1.0
2015-04-15,32.11,32.22,31.92,32.11,28.7325474726,265287,0.0000,1.0
2015-04-14,31.97,32.13,31.74,32.04,28.6699103401,193556,0.0000,1.0
2015-04-13,31.96,32.22,31.67,31.99,28.6251695312,227626,0.0000,1.0
2015-04-10,32.46,32.52,31.86,31.89,28.5356879134,289256,0.0000,1.0
2015-04-09,32.46,32.73,32.32,32.43,29.0188886495,882274,0.0000,1.0
2015-04-08,31.77,32.52,31.676,32.44,29.0278368113,309744,0.0000,1.0
2015-04-07,32.12,32.13,31.77,31.82,28.473050781,288613,0.0000,1.0
2015-04-06,31.97,32.275,31.872,32.12,28.7414956343,591560,0.0000,1.0
2015-04-02,32.02,32.2,31.9,32.02,28.6520140166,251194,0.0000,1.0
2015-04-01,31.89,32.11,31.64,31.92,28.5625323988,266744,0.0000,1.0
2015-03-31,31.87,31.98,31.39,31.86,28.5088434281,492173,0.1600,1.0
2015-03-30,32.14,32.43,31.748,32.33,28.7848503445,145766,0.0000,1.0
2015-03-27,31.63,32.27,31.382,32.0,28.4910365303,246952,0.0000,1.0
2015-03-26,31.56,31.95,31.24,31.73,28.2506434095,198387,0.0000,1.0
2015-03-25,32.52,32.52,31.6,31.6,28.1348985736,148803,0.0000,1.0
2015-03-24,32.17,32.49,32.01,32.38,28.8293675891,171160,0.0000,1.0
2015-03-23,32.27,32.5,32.0601,32.17,28.6423951618,240659,0.0000,1.0
2015-03-20,31.9,32.25,31.75,32.23,28.6958158553,361590,0.0000,1.0
2015-03-19,31.61,32.08,31.52,31.71,28.2328365117,312844,0.0000,1.0
2015-03-18,31.03,31.77,30.8,31.61,28.1438020225,326862,0.0000,1.0
2015-03-17,30.53,31.35,30.53,31.07,27.6630157811,452065,0.0000,1.0
2015-03-16,29.91,30.38,29.624,30.19,26.8795122765,216991,0.0000,1.0
2015-03-13,30.03,30.03,29.33,29.72,26.4610501775,132389,0.0000,1.0
2015-03-12,29.62,30.19,29.41,30.01,26.719250196,177513,0.0000,1.0
2015-03-11,29.1,29.45,29.0,29.38,26.1583329143,160124,0.0000,1.0
2015-03-10,29.1,29.29,28.9401,29.11,25.9179397936,208030,0.0000,1.0
2015-03-09,29.38,29.61,29.27,29.4,26.1761398122,198076,0.0000,1.0
2015-03-06,29.54,29.81,29.3,29.37,26.1494294654,219646,0.0000,1.0
2015-03-05,29.5,29.85,29.28,29.8,26.5322777688,234377,0.0000,1.0
2015-03-04,31.55,31.55,28.98,29.37,26.1494294654,452923,0.0000,1.0
2015-03-03,31.09,31.2,30.7499,31.11,27.6986295768,184024,0.0000,1.0
2015-03-02,31.13,31.42,30.85,31.16,27.7431468213,183800,0.0000,1.0
2015-02-27,31.05,31.23,30.79,31.09,27.6808226789,189125,0.0000,1.0
2015-02-26,30.78,31.21,30.45,31.12,27.7075330257,119361,0.0000,1.0
2015-02-25,31.2,31.41,30.7,30.73,27.360298518,148008,0.0000,1.0
2015-02-24,30.93,31.37,30.89,31.12,27.7075330257,197874,0.0000,1.0
2015-02-23,30.5,30.94,30.25,30.93,27.5383674963,130936,0.0000,1.0
2015-02-20,30.59,30.72,30.32,30.62,27.2623605799,142810,0.0000,1.0
2015-02-19,30.57,30.71,30.36,30.69,27.3246847223,174898,0.0000,1.0
2015-02-18,30.08,30.63,30.0601,30.63,27.2712640288,172185,0.0000,1.0
2015-02-17,29.59,30.27,29.52,30.12,26.8171881341,174774,0.0000,1.0
2015-02-13,29.72,29.89,29.46,29.57,26.3274984437,164885,0.0000,1.0
2015-02-12,29.61,29.78,29.41,29.74,26.4788570753,144233,0.0000,1.0
2015-02-11,29.64,29.66,29.37,29.54,26.300788097,100991,0.0000,1.0
2015-02-10,30.02,30.02,29.25,29.64,26.3898225862,199927,0.0000,1.0
2015-02-09,30.05,30.32,29.74,29.81,26.5411812177,106864,0.0000,1.0
2015-02-06,30.09,30.35,29.812,30.13,26.826091583,282199,0.0000,1.0
2015-02-05,29.96,30.1911,29.87,30.0,26.7103467471,189662,0.0000,1.0
2015-02-04,30.04,30.2,29.72,29.79,26.5233743199,267953,0.0000,1.0
2015-02-03,29.44,30.31,29.44,30.22,26.9062226233,230202,0.0000,1.0
2015-02-02,28.94,29.37,28.63,29.31,26.0960087719,175266,0.0000,1.0
2015-01-30,29.22,29.41,28.82,28.87,25.7042570196,210033,0.0000,1.0
2015-01-29,29.01,29.5,28.99,29.48,26.2473674035,160886,0.0000,1.0
2015-01-28,29.45,29.54,28.77,29.01,25.8289053045,170452,0.0000,1.0
2015-01-27,29.19,29.41,29.02,29.33,26.1138156698,146593,0.0000,1.0
2015-01-26,29.41,29.51,29.065,29.43,26.2028501589,207939,0.0000,1.0
2015-01-23,29.6,29.795,29.29,29.49,26.2562708524,145903,0.0000,1.0
2015-01-22,29.1,29.67,28.9101,29.64,26.3898225862,164425,0.0000,1.0
2015-01-21,28.98,29.29,28.816,29.1,25.9090363447,136784,0.0000,1.0
2015-01-20,29.7,29.7,29.0,29.06,25.873422549,223599,0.0000,1.0
2015-01-16,28.93,29.63,28.904,29.59,26.3453053416,175009,0.0000,1.0
2015-01-15,29.57,29.6799,28.98,29.1,25.9090363447,209003,0.0000,1.0
2015-01-14,29.46,29.68,29.22,29.6,26.3542087905,142619,0.0000,1.0
2015-01-13,29.75,30.27,29.35,29.84,26.5678915645,261648,0.0000,1.0
2015-01-12,29.18,29.84,28.95,29.43,26.2028501589,349502,0.0000,1.0
2015-01-09,29.52,29.96,29.14,29.27,26.0603949763,247627,0.0000,1.0
2015-01-08,29.33,29.47,29.1,29.44,26.2117536078,176895,0.0000,1.0
2015-01-07,28.77,29.13,28.63,29.08,25.8912294469,205235,0.0000,1.0
2015-01-06,28.71,28.89,28.06,28.61,25.4727673478,636409,0.0000,1.0
2015-01-05,28.28,28.75,28.22,28.47,25.348119063,272391,0.0000,1.0
2015-01-02,28.69,28.91,28.19,28.42,25.3036018184,171002,0.0000,1.0
2014-12-31,28.98,29.11,28.62,28.65,25.5083811435,137064,0.0000,1.0
2014-12-30,29.23,29.35,28.83,28.97,25.7932915088,146414,0.1600,1.0
2014-12-29,29.24,29.65,29.15,29.37,26.0058006046,194945,0.0000,1.0
2014-12-26,29.09,29.35,29.08,29.21,25.8641278741,90457,0.0000,1.0
2014-12-24,29.01,29.2,28.8,29.03,25.7047460522,98447,0.0000,1.0
2014-12-23,28.57,29.04,28.492,29.03,25.7047460522,182096,0.0000,1.0
2014-12-22,28.0,28.54,28.0,28.49,25.2266005865,176672,0.0000,1.0
2014-12-19,28.12,28.22,27.97,28.0,24.7927278492,600470,0.0000,1.0
2014-12-18,28.31,28.6,28.09,28.1,24.8812733058,462594,0.0000,1.0
2014-12-17,27.89,28.2,27.47,28.03,24.8192914862,384130,0.0000,1.0
2014-12-16,27.62,28.0,27.52,27.87,24.6776187556,280379,0.0000,1.0
2014-12-15,27.43,27.8,27.19,27.69,24.5182369337,260689,0.0000,1.0
2014-12-12,27.1,27.45,27.1,27.28,24.1552005616,233422,0.0000,1.0
2014-12-11,27.42,27.77,27.3,27.47,24.3234369292,213121,0.0000,1.0
2014-12-10,27.97,27.99,27.219,27.22,24.1020732877,258256,0.0000,1.0
2014-12-09,26.0,28.2,25.94,28.16,24.9344005797,415904,0.0000,1.0
2014-12-08,27.23,27.61,26.88,27.04,23.9426914658,159186,0.0000,1.0
2014-12-05,27.14,27.495,27.14,27.32,24.1906187443,244929,0.0000,1.0
2014-12-04,27.31,27.44,27.05,27.19,24.0755096507,251142,0.0000,1.0
2014-12-03,27.19,27.57,27.12,27.39,24.2526005639,164920,0.0000,1.0
2014-12-02,26.97,27.42,26.95,27.22,24.1020732877,125269,0.0000,1.0
2014-12-01,27.05,27.28,26.7801,26.97,23.8807096461,184193,0.0000,1.0
2014-11-28,27.3,27.52,27.05,27.09,23.9869641941,98855,0.0000,1.0
2014-11-26,27.24,27.36,27.09,27.22,24.1020732877,130610,0.0000,1.0
2014-11-25,27.42,27.59,27.23,27.26,24.1374914703,95770,0.0000,1.0
2014-11-24,27.19,27.45,27.15,27.41,24.2703096552,133418,0.0000,1.0
2014-11-21,27.08,27.3,26.94,27.15,24.040091468,402039,0.0000,1.0
2014-11-20,26.67,26.82,26.54,26.76,23.6947641873,204224,0.0000,1.0
2014-11-19,27.06,27.068,26.55,26.7,23.6416369133,123766,0.0000,1.0
2014-11-18,27.04,27.33,27.04,27.06,23.9604005571,118407,0.0000,1.0
2014-11-17,27.17,27.33,27.03,27.04,23.9426914658,104270,0.0000,1.0
2014-11-14,27.44,27.73,27.15,27.22,24.1020732877,170098,0.0000,1.0
2014-11-13,27.5,27.55,27.34,27.35,24.2171823812,104772,0.0000,1.0
2014-11-12,27.19,27.56,27.19,27.42,24.2791642009,258587,0.0000,1.0
2014-11-11,27.26,27.3905,27.14,27.32,24.1906187443,141133,0.0000,1.0
2014-11-10,27.25,27.33,27.1,27.26,24.1374914703,187876,0.0000,1.0
2014-11-07,27.33,27.33,27.16,27.24,24.119782379,161485,0.0000,1.0
2014-11-06,27.16,27.46,27.16,27.36,24.2260369269,89906,0.0000,1.0
2014-11-05,27.27,27.54,27.04,27.2,24.0843641963,141637,0.0000,1.0
2014-11-04,27.15,27.46,27.14,27.18,24.066655105,170352,0.0000,1.0
2014-11-03,27.62,27.81,27.25,27.26,24.1374914703,247815,0.0000,1.0
2014-10-31,27.95,28.005,27.25,27.64,24.4739642054,383896,0.0000,1.0
2014-10-30,27.17,27.74,27.09,27.44,24.2968732922,182623,0.0000,1.0
2014-10-29,27.16,27.32,26.95,27.23,24.1109278333,178947,0.0000,1.0
2014-10-28,26.62,27.12,26.61,27.1,23.9958187397,278333,0.0000,1.0
2014-10-27,26.38,26.59,26.19,26.57,23.5265278197,81524,0.0000,1.0
2014-10-24,26.38,26.46,26.17,26.46,23.4291278175,89658,0.0000,1.0
2014-10-23,26.3,26.45,26.17,26.28,23.2697459956,155665,0.0000,1.0
2014-10-22,26.35,26.4349,26.0,26.05,23.0660914454,173074,0.0000,1.0
2014-10-21,26.14,26.465,26.0,26.25,23.2431823586,174803,0.0000,1.0
2014-10-20,25.78,26.1,25.71,26.1,23.1103641737,134799,0.0000,1.0
2014-10-17,26.05,26.34,25.66,25.78,22.8270187126,203376,0.0000,1.0
2014-10-16,25.36,25.99,25.36,25.85,22.8890005322,215818,0.0000,1.0
2014-10-15,25.11,25.93,24.9656,25.78,22.8270187126,255862,0.0000,1.0
2014-10-14,25.38,25.57,25.1847,25.48,22.5613823427,265155,0.0000,1.0
2014-10-13,25.22,25.49,25.09,25.11,22.2337641533,246178,0.0000,1.0
2014-10-10,25.47,25.76,25.29,25.32,22.4197096122,236835,0.0000,1.0
2014-10-09,26.24,26.24,25.56,25.58,22.6499277994,218458,0.0000,1.0
2014-10-08,25.51,26.24,25.428,26.23,23.2254732673,220198,0.0000,1.0
2014-10-07,25.63,25.9,25.47,25.48,22.5613823427,226069,0.0000,1.0
2014-10-06,25.94,26.12,25.79,25.82,22.8624368952,155310,0.0000,1.0
2014-10-03,25.78,26.05,25.64,25.92,22.9509823518,212807,0.0000,1.0
2014-10-02,25.15,25.57,25.12,25.44,22.5259641601,151994,0.0000,1.0
2014-10-01,25.74,25.82,25.1632,25.18,22.2957459729,377534,0.0000,1.0
2014-09-30,26.05,26.25,25.69,25.69,22.7473278016,310405,0.1550,1.0
2014-09-29,26.0,26.21,25.8501,26.11,22.9805660244,213363,0.0000,1.0
2014-09-26,26.38,26.53,26.21,26.23,23.0861833328,220974,0.0000,1.0
2014-09-25,26.9,26.97,26.36,26.38,23.2182049683,210853,0.0000,1.0
2014-09-24,26.79,27.06,26.56,27.02,23.7814972799,171322,0.0000,1.0
2014-09-23,27.0,27.16,26.67,26.69,23.4910496818,183140,0.0000,1.0
2014-09-22,27.12,27.28,26.82,27.17,23.9135189155,209687,0.0000,1.0
2014-09-19,27.6,27.74,27.2,27.23,23.9663275697,451100,0.0000,1.0
2014-09-18,27.66,27.71,27.39,27.63,24.3183852644,229900,0.0000,1.0
2014-09-17,27.62,27.74,27.32,27.6,24.2919809373,254500,0.0000,1.0
2014-09-16,27.58,27.73,27.25,27.65,24.3359881491,274400,0.0000,1.0
2014-09-15,27.75,27.77,27.41,27.61,24.3007823797,188800,0.0000,1.0
2014-09-12,28.01,28.028,27.54,27.76,24.4328040152,171200,0.0000,1.0
2014-09-11,27.6,28.12,27.6,27.93,24.5824285355,201300,0.0000,1.0
2014-09-10,27.88,28.01,27.64,27.8,24.4680097847,228300,0.0000,1.0
2014-09-09,28.3,28.3,27.82,27.92,24.5736270931,310200,0.0000,1.0
2014-09-08,28.15,28.35,27.96,28.34,24.9432876726,209800,0.0000,1.0
2014-09-05,27.98,28.418,27.86,28.25,24.8640746913,256900,0.0000,1.0
2014-09-04,28.0,28.98,27.76,27.96,24.6088328626,476500,0.0000,1.0
2014-09-03,26.89,27.13,26.49,26.57,23.3854323733,746500,0.0000,1.0
2014-09-02,26.65,26.8,26.47,26.75,23.543858336,149200,0.0000,1.0
2014-08-29,26.4,26.64,26.29,26.6,23.4118367004,128300,0.0000,1.0
2014-08-28,26.36,26.44,26.15,26.4,23.2358078531,127700,0.0000,1.0
2014-08-27,26.5,26.58,26.36,26.39,23.2270064107,99500,0.0000,1.0
2014-08-26,26.25,26.5,26.14,26.5,23.3238222768,162700,0.0000,1.0
2014-08-25,26.45,26.48,26.06,26.13,22.9981689091,171000,0.0000,1.0
2014-08-22,25.96,26.42,25.81,26.37,23.209403526,150000,0.0000,1.0
2014-08-21,25.93,26.07,25.66,26.01,22.8925516007,190200,0.0000,1.0
2014-08-20,26.03,26.1,25.81,25.93,22.8221400617,136100,0.0000,1.0
2014-08-19,25.98,26.11,25.93,26.07,22.9453602549,232600,0.0000,1.0
2014-08-18,26.23,26.25,25.87,25.9,22.7957357346,403400,0.0000,1.0
2014-08-15,25.88,25.88,25.32,25.56,22.4964866941,175900,0.0000,1.0
2014-08-14,25.67,25.76,25.53,25.62,22.5492953483,94000,0.0000,1.0
2014-08-13,25.46,25.76,25.37,25.62,22.5492953483,165500,0.0000,1.0
2014-08-12,25.42,25.78,25.21,25.38,22.3380607315,217200,0.0000,1.0
2014-08-11,25.38,25.61,25.18,25.48,22.4260751552,195800,0.0000,1.0
2014-08-08,24.86,25.26,24.77,25.24,22.2148405383,182100,0.0000,1.0
2014-08-07,25.07,25.07,24.73,24.87,21.8891871707,83000,0.0000,1.0
2014-08-06,24.7,25.21,24.7,24.96,21.968400152,197400,0.0000,1.0
2014-08-05,24.64,25.14,24.64,24.85,21.8715842859,165100,0.0000,1.0
2014-08-04,24.65,24.79,24.22,24.71,21.7483640928,227700,0.0000,1.0
2014-08-01,24.53,24.72,24.32,24.57,21.6251438996,197300,0.0000,1.0
2014-07-31,24.72,24.87,24.47,24.61,21.6603496691,199600,0.0000,1.0
2014-07-30,25.1,25.12,24.85,24.99,21.9948044791,96800,0.0000,1.0
2014-07-29,25.05,25.19,24.89,24.97,21.9772015944,202100,0.0000,1.0
2014-07-28,25.18,25.19,24.87,24.98,21.9860030367,184500,0.0000,1.0
2014-07-25,25.24,25.44,25.12,25.15,22.135627557,163100,0.0000,1.0
2014-07-24,25.63,25.81,25.38,25.48,22.4260751552,129700,0.0000,1.0
2014-07-23,25.63,25.74,25.43,25.56,22.4964866941,103200,0.0000,1.0
2014-07-22,25.66,25.92,25.55,25.63,22.5580967907,98500,0.0000,1.0
2014-07-21,25.59,25.71,25.4401,25.57,22.5052881365,120900,0.0000,1.0
2014-07-18,25.44,25.88,25.39,25.7,22.6197068873,187100,0.0000,1.0
2014-07-17,25.8,26.0,25.48,25.51,22.4524794823,118500,0.0000,1.0
2014-07-16,26.01,26.25,25.69,25.96,22.8485443889,230000,0.0000,1.0
2014-07-15,26.11,26.25,25.78,25.8,22.707721311,141500,0.0000,1.0
2014-07-14,26.29,26.31,26.05,26.06,22.9365588125,125500,0.0000,1.0
2014-07-11,26.08,26.39,25.87,26.16,23.0245732362,200800,0.0000,1.0
2014-07-10,25.78,26.23,25.62,26.09,22.9629631396,263800,0.0000,1.0
2014-07-09,26.43,26.48,26.18,26.2,23.0597790057,193900,0.0000,1.0
2014-07-08,26.4,26.49,26.14,26.36,23.2006020836,197300,0.0000,1.0
2014-07-07,27.1,27.12,26.46,26.47,23.2974179497,269900,0.0000,1.0
2014-07-03,26.89,27.29,26.84,27.2,23.9399232426,94600,0.0000,1.0
2014-07-02,27.11,27.39,26.77,26.85,23.6318727597,189300,0.0000,1.0
2014-07-01,26.82,27.45,26.705,27.2,23.9399232426,280800,0.1550,1.0
2014-06-30,26.62,27.0,26.47,26.98,23.6117393195,240600,0.0000,1.0
2014-06-27,26.27,26.74,26.24,26.71,23.3754468949,267900,0.0000,1.0
2014-06-26,26.55,26.57,26.23,26.47,23.1654091841,134900,0.0000,1.0
2014-06-25,26.1,26.59,26.03,26.56,23.2441733256,173500,0.0000,1.0
2014-06-24,26.37,26.67,26.23,26.25,22.9728746159,202100,0.0000,1.0
2014-06-23,26.64,26.7,26.37,26.52,23.2091670405,193900,0.0000,1.0
2014-06-20,26.71,26.74,26.55,26.72,23.3841984661,431900,0.0000,1.0
2014-06-19,26.47,26.78,26.37,26.62,23.2966827533,289100,0.0000,1.0
2014-06-18,26.29,26.48,26.2164,26.45,23.1479060415,210500,0.0000,1.0
2014-06-17,26.25,26.48,26.17,26.37,23.0778934713,226500,0.0000,1.0
2014-06-16,26.45,26.59,26.23,26.29,23.007880901,174300,0.0000,1.0
2014-06-13,26.84,26.84,26.41,26.46,23.1566576128,194400,0.0000,1.0
2014-06-12,26.78,26.92,26.52,26.71,23.3754468949,243300,0.0000,1.0
2014-06-11,26.85,26.99,26.53,26.9,23.5417267492,391200,0.0000,1.0
2014-06-10,26.91,27.07,26.6935,26.99,23.6204908908,253600,0.0000,1.0
2014-06-09,27.04,27.13,26.85,27.07,23.690503461,346000,0.0000,1.0
2014-06-06,27.19,27.44,26.98,27.3,23.8917896005,294300,0.0000,1.0
2014-06-05,26.48,27.0,26.2,26.99,23.6204908908,343500,0.0000,1.0
2014-06-04,25.83,26.92,25.42,26.51,23.2004154692,448800,0.0000,1.0
2014-06-03,27.27,27.53,26.48,26.89,23.5329751779,227700,0.0000,1.0
2014-06-02,27.26,27.66,26.86,27.38,23.9618021708,214700,0.0000,1.0
2014-05-30,27.41,27.43,27.06,27.27,23.8655348867,150300,0.0000,1.0
2014-05-29,27.37,27.48,27.02,27.33,23.9180443144,107800,0.0000,1.0
2014-05-28,27.45,27.58,27.165,27.2,23.8042738877,133500,0.0000,1.0
2014-05-27,27.44,27.79,27.378,27.48,24.0493178836,85700,0.0000,1.0
2014-05-23,26.41,27.54,26.3,27.25,23.8480317441,302300,0.0000,1.0
2014-05-22,26.32,26.47,26.07,26.39,23.0953966138,109200,0.0000,1.0
2014-05-21,26.34,26.43,25.98,26.21,22.9378683307,163700,0.0000,1.0
2014-05-20,26.64,26.64,26.04,26.19,22.9203651882,209500,0.0000,1.0
2014-05-19,26.39,26.83,26.39,26.77,23.4279563225,116600,0.0000,1.0
2014-05-16,26.2,26.53,26.07,26.51,23.2004154692,161300,0.0000,1.0
2014-05-15,26.39,26.44,25.88,26.26,22.9816261872,127100,0.0000,1.0
2014-05-14,27.05,27.1,26.42,26.49,23.1829123266,167400,0.0000,1.0
2014-05-13,27.44,27.53,27.15,27.17,23.7780191738,203300,0.0000,1.0
2014-05-12,26.93,27.59,26.9,27.5,24.0668210262,164100,0.0000,1.0
2014-05-09,26.37,26.86,26.37,26.79,23.4454594651,184300,0.0000,1.0
2014-05-08,26.78,27.1,26.43,26.48,23.1741607554,199300,0.0000,1.0
2014-05-07,26.79,27.0,26.3795,26.9,23.5417267492,187600,0.0000,1.0
2014-05-06,27.03,27.12,26.61,26.71,23.3754468949,159500,0.0000,1.0
2014-05-05,27.1,27.21,26.85,27.16,23.7692676026,192500,0.0000,1.0
2014-05-02,26.92,27.46,26.8701,27.18,23.7867707451,182700,0.0000,1.0
2014-05-01,27.1,27.1,26.53,26.86,23.5067204641,268900,0.0000,1.0
2014-04-30,26.93,27.21,26.7,27.09,23.7080066036,193400,0.0000,1.0
2014-04-29,27.27,27.47,27.02,27.09,23.7080066036,157500,0.0000,1.0
2014-04-28,27.14,27.26,26.66,27.1,23.7167581749,175400,0.0000,1.0
2014-04-25,27.19,27.29,26.95,26.95,23.5854846056,180200,0.0000,1.0
2014-04-24,27.76,27.76,27.29,27.35,23.9355474569,145600,0.0000,1.0
2014-04-23,27.83,28.05,27.55,27.55,24.1105788826,181100,0.0000,1.0
2014-04-22,27.68,28.08,27.63,27.83,24.3556228785,161900,0.0000,1.0
2014-04-21,27.74,27.79,27.5535,27.62,24.1718398815,75300,0.0000,1.0
2014-04-17,27.24,27.79,27.23,27.69,24.2331008805,137400,0.0000,1.0
2014-04-16,27.14,27.33,27.03,27.28,23.8742864579,139700,0.0000,1.0
2014-04-15,27.16,27.34,26.66,26.97,23.6029877482,177600,0.0000,1.0
2014-04-14,27.46,27.48,26.98,27.13,23.7430128887,156400,0.0000,1.0
2014-04-11,27.92,28.18,27.22,27.25,23.8480317441,300500,0.0000,1.0
2014-04-10,28.51,28.95,27.95,28.24,24.714437301,369300,0.0000,1.0
2014-04-09,28.66,28.67,28.33,28.59,25.0207422959,127500,0.0000,1.0
2014-04-08,28.16,28.8,28.07,28.57,25.0032391534,170400,0.0000,1.0
2014-04-07,28.2,28.26,27.985,28.15,24.6356731595,193100,0.0000,1.0
2014-04-04,29.11,29.11,28.27,28.3,24.7669467287,214600,0.0000,1.0
2014-04-03,28.87,28.99,28.71,28.9,25.2920410057,164100,0.0000,1.0
2014-04-02,28.87,28.87,28.56,28.78,25.1870221503,147700,0.0000,1.0
2014-04-01,28.56,28.85,28.54,28.83,25.2307800067,182800,0.1550,1.0
2014-03-31,28.34,28.81,28.21,28.74,25.0175131065,293000,0.0000,1.0
2014-03-28,28.25,28.43,28.0301,28.14,24.4952268204,268300,0.0000,1.0
2014-03-27,28.18,28.285,28.06,28.21,24.5561602204,314300,0.0000,1.0
2014-03-26,28.75,28.77,28.18,28.19,24.5387506775,156100,0.0000,1.0
2014-03-25,28.8,28.85,28.48,28.65,24.9391701636,167800,0.0000,1.0
2014-03-24,29.0,29.04,28.384,28.61,24.9043510778,324100,0.0000,1.0
2014-03-21,28.79,29.11,28.75,28.91,25.1654942209,499100,0.0000,1.0
2014-03-20,28.77,28.87,28.62,28.78,25.0523321923,133600,0.0000,1.0
2014-03-19,28.79,29.0,28.58,28.73,25.0088083351,169800,0.0000,1.0
2014-03-18,28.48,28.88,28.45,28.88,25.1393799066,168800,0.0000,1.0
2014-03-17,28.45,28.65,28.33,28.5,24.8085985921,198100,0.0000,1.0
2014-03-14,28.02,28.378,28.02,28.27,24.608388849,169100,0.0000,1.0
2014-03-13,28.42,28.43,27.97,28.15,24.5039315918,174100,0.0000,1.0
2014-03-12,28.08,28.36,27.98,28.27,24.608388849,184200,0.0000,1.0
2014-03-11,28.6,28.606,28.08,28.25,24.5909793062,207100,0.0000,1.0
2014-03-10,28.47,28.56,28.27,28.56,24.8608272207,201800,0.0000,1.0
2014-03-07,28.32,28.6,28.11,28.44,24.7563699634,273500,0.0000,1.0
2014-03-06,28.22,28.36,27.97,28.28,24.6170936205,383100,0.0000,1.0
2014-03-05,28.81,28.82,27.63,28.14,24.4952268204,626000,0.0000,1.0
2014-03-04,28.53,29.5,28.465,29.43,25.6181423356,455900,0.0000,1.0
2014-03-03,27.93,28.25,27.804,28.23,24.5735697633,185200,0.0000,1.0
2014-02-28,28.19,28.32,27.97,28.23,24.5735697633,281700,0.0000,1.0
2014-02-27,27.97,28.18,27.84,28.12,24.4778172775,159800,0.0000,1.0
2014-02-26,27.84,28.03,27.68,27.97,24.347245706,294600,0.0000,1.0
2014-02-25,27.93,27.96,27.64,27.74,24.1470359629,209100,0.0000,1.0
2014-02-24,27.71,28.15,27.63,27.86,24.2514932202,262000,0.0000,1.0
2014-02-21,27.75,27.84,27.43,27.7,24.1122168772,338500,0.0000,1.0
2014-02-20,27.38,27.66,27.28,27.59,24.0164643914,183800,0.0000,1.0
2014-02-19,27.51,27.825,27.33,27.37,23.8249594198,225200,0.0000,1.0
2014-02-18,27.4,27.69,27.1,27.6,24.0251691628,207300,0.0000,1.0
2014-02-14,27.54,27.54,27.0601,27.44,23.8858928199,133800,0.0000,1.0
2014-02-13,27.08,27.62,27.07,27.51,23.9468262199,111100,0.0000,1.0
2014-02-12,27.13,27.43,27.11,27.24,23.7117973911,149800,0.0000,1.0
2014-02-11,26.52,27.1,26.46,27.07,23.5638162767,289400,0.0000,1.0
2014-02-10,26.41,26.44,26.06,26.4,22.9805965905,130800,0.0000,1.0
2014-02-07,26.29,26.54,26.29,26.5,23.0676443049,140900,0.0000,1.0
2014-02-06,26.13,26.27,26.0464,26.2,22.8065011618,205200,0.0000,1.0
2014-02-05,26.14,26.27,25.99,26.12,22.7368629903,69835,0.0000,1.0
2014-02-04,26.09,26.35,25.78,26.3,22.8935488762,73138,0.0000,1.0
2014-02-03,26.66,26.96,25.71,26.01,22.6411105045,253800,0.0000,1.0
2014-01-31,26.64,27.08,26.58,26.66,23.2069206479,167800,0.0000,1.0
2014-01-30,26.92,27.1685,26.7,27.04,23.5377019624,200600,0.0000,1.0
2014-01-29,26.87,27.11,26.69,26.77,23.3026731337,145600,0.0000,1.0
2014-01-28,27.05,27.16,26.9,27.1,23.589930591,179300,0.0000,1.0
2014-01-27,27.27,27.4891,26.91,26.98,23.4854733338,108100,0.0000,1.0
2014-01-24,27.89,27.95,27.29,27.4,23.8510737341,151000,0.0000,1.0
2014-01-23,28.05,28.16,27.8101,28.09,24.4517029632,197300,0.0000,1.0
2014-01-22,27.98,28.24,27.81,28.21,24.5561602204,143200,0.0000,1.0
2014-01-21,27.9,28.1899,27.78,27.97,24.347245706,152300,0.0000,1.0
2014-01-17,27.7,27.86,27.65,27.8,24.1992645915,101800,0.0000,1.0
2014-01-16,27.76,27.85,27.69,27.77,24.1731502772,190200,0.0000,1.0
2014-01-15,27.81,27.98,27.67,27.79,24.1905598201,177600,0.0000,1.0
2014-01-14,27.89,27.985,27.68,27.9,24.2863123059,138400,0.0000,1.0
2014-01-13,28.28,28.31,27.72,27.83,24.2253789059,288800,0.0000,1.0
2014-01-10,28.48,28.58,28.21,28.39,24.7128461063,281500,0.0000,1.0
2014-01-09,28.39,28.57,28.215,28.45,24.7650747349,158600,0.0000,1.0
2014-01-08,28.41,28.64,28.17,28.28,24.6170936205,206900,0.0000,1.0
2014-01-07,28.4,28.5699,28.25,28.45,24.7650747349,137400,0.0000,1.0
2014-01-06,28.53,28.67,28.28,28.33,24.6606174776,202200,0.0000,1.0
2014-01-03,28.23,28.6,27.97,28.43,24.747665192,163800,0.0000,1.0
2014-01-02,28.45,28.66,28.14,28.24,24.5822745347,223700,0.0000,1.0
2013-12-31,28.88,29.03,28.54,28.59,24.886941535,185500,0.0000,1.0
2013-12-30,28.51,28.81,28.51,28.81,25.0784465066,163300,0.1550,1.0
2013-12-27,28.62,28.75,28.46,28.66,24.8143717203,161900,0.0000,1.0
2013-12-26,28.61,28.75,28.44,28.49,24.6671824951,160100,0.0000,1.0
2013-12-24,28.37,28.68,28.09,28.58,24.7451062026,78500,0.0000,1.0
2013-12-23,28.17,28.38,28.12,28.29,24.4940187009,197300,0.0000,1.0
2013-12-20,27.61,28.36,27.55,28.06,24.2948803374,865200,0.0000,1.0
2013-12-19,27.59,27.99,27.43,27.5,23.8100217135,251100,0.0000,1.0
2013-12-18,27.46,27.65,27.1201,27.6,23.8966036106,250400,0.0000,1.0
2013-12-17,27.78,27.78,27.38,27.4,23.7234398163,119600,0.0000,1.0
2013-12-16,27.65,27.99,27.4,27.83,24.095741974,171700,0.0000,1.0
2013-12-13,27.83,27.94,27.35,27.58,23.8792872312,355600,0.0000,1.0
2013-12-12,27.14,27.84,27.0,27.74,24.0178182666,276300,0.0000,1.0
2013-12-11,26.76,27.385,26.6154,27.05,23.4204031763,347100,0.0000,1.0
2013-12-10,28.0,28.11,26.27,26.79,23.1952902438,541800,0.0000,1.0
2013-12-09,27.84,27.9699,27.51,27.75,24.0264764563,318300,0.0000,1.0
2013-12-06,27.8,27.95,27.64,27.81,24.0784255946,395900,0.0000,1.0
2013-12-05,27.32,27.61,27.26,27.6,23.8966036106,151900,0.0000,1.0
2013-12-04,27.36,27.55,27.15,27.39,23.7147816266,179900,0.0000,1.0
2013-12-03,27.66,27.79,27.39,27.49,23.8013635237,362600,0.0000,1.0
2013-12-02,27.86,27.96,27.59,27.75,24.0264764563,165200,0.0000,1.0
2013-11-29,28.0,28.02,27.81,27.81,24.0784255946,118700,0.0000,1.0
2013-11-27,27.99,27.99,27.872,27.95,24.1996402506,152800,0.0000,1.0
2013-11-26,27.91,28.0,27.86,27.92,24.1736656815,207200,0.0000,1.0
2013-11-25,27.88,28.12,27.85,27.93,24.1823238712,128800,0.0000,1.0
2013-11-22,27.8,28.0,27.77,27.88,24.1390329226,145100,0.0000,1.0
2013-11-21,27.61,27.84,27.58,27.74,24.0178182666,164000,0.0000,1.0
2013-11-20,27.59,27.6299,27.39,27.49,23.8013635237,95600,0.0000,1.0
2013-11-19,27.77,28.05,27.45,27.52,23.8273380929,140300,0.0000,1.0
2013-11-18,28.07,28.12,27.76,27.92,24.1736656815,207400,0.0000,1.0
2013-11-15,27.94,28.075,27.63,28.05,24.2862221477,203300,0.0000,1.0
2013-11-14,27.91,28.0,27.82,27.98,24.2256148197,99300,0.0000,1.0
2013-11-13,27.58,27.87,27.58,27.87,24.1303747329,134600,0.0000,1.0
2013-11-12,27.5,27.7,27.41,27.68,23.9658691283,76900,0.0000,1.0
2013-11-11,27.77,27.84,27.48,27.56,23.8619708517,187600,0.0000,1.0
2013-11-08,27.26,28.0,27.2172,27.88,24.1390329226,194700,0.0000,1.0
2013-11-07,27.65,27.77,27.25,27.3,23.6368579192,180500,0.0000,1.0
2013-11-06,27.84,27.94,27.52,27.61,23.9052618003,121400,0.0000,1.0
2013-11-05,27.59,27.94,27.5,27.69,23.974527318,240000,0.0000,1.0
2013-11-04,27.86,28.04,27.59,27.74,24.0178182666,301700,0.0000,1.0
2013-11-01,27.46,27.89,27.46,27.74,24.0178182666,367800,0.0000,1.0
2013-10-31,27.45,27.9,27.38,27.51,23.8186799032,252100,0.0000,1.0
2013-10-30,28.16,28.244,27.37,27.4,23.7234398163,327700,0.0000,1.0
2013-10-29,28.4,28.55,28.04,28.12,24.3468294757,229600,0.0000,1.0
2013-10-28,28.52,28.58,28.27,28.4,24.5892587877,125700,0.0000,1.0
2013-10-25,28.65,28.65,28.295,28.52,24.6931570643,142200,0.0000,1.0
2013-10-24,28.84,28.88,28.47,28.63,24.7883971511,196700,0.0000,1.0
2013-10-23,28.94,29.2,28.69,28.82,24.9529027557,633300,0.0000,1.0
2013-10-22,28.49,29.06,28.39,28.99,25.1000919808,379600,0.0000,1.0
2013-10-21,28.12,28.5089,28.12,28.45,24.6325497363,295500,0.0000,1.0
2013-10-18,27.6,28.23,27.42,28.06,24.2948803374,366700,0.0000,1.0
2013-10-17,27.0,27.37,26.97,27.37,23.6974652472,284600,0.0000,1.0
2013-10-16,27.22,27.24,26.96,27.01,23.3857704175,264100,0.0000,1.0
2013-10-15,27.08,27.35,26.95,27.02,23.3944286072,212600,0.0000,1.0
2013-10-14,26.98,27.57,26.98,27.32,23.6541742986,238900,0.0000,1.0
2013-10-11,26.79,27.2,26.79,27.17,23.5243014529,201800,0.0000,1.0
2013-10-10,26.14,26.912,26.04,26.89,23.2818721409,205000,0.0000,1.0
2013-10-09,25.9,26.075,25.76,25.85,22.3814204107,170900,0.0000,1.0
2013-10-08,25.9,26.07,25.71,25.9,22.4247113592,164100,0.0000,1.0
2013-10-07,26.14,26.32,25.97,25.98,22.4939768769,122200,0.0000,1.0
2013-10-04,26.28,26.51,26.21,26.35,22.8143298964,62100,0.0000,1.0
2013-10-03,26.33,26.71,26.03,26.35,22.8143298964,207800,0.0000,1.0
2013-10-02,26.7,26.7,26.39,26.45,22.9009117935,148800,0.0000,1.0
2013-10-01,26.39,26.87,26.39,26.79,23.1952902438,137000,0.1500,1.0
2013-09-30,26.35,26.75,26.32,26.62,22.9197708348,179300,0.0000,1.0
2013-09-27,26.32,26.6,26.32,26.55,22.8595009641,147200,0.0000,1.0
2013-09-26,26.43,26.58,26.24,26.5,22.8164510564,143700,0.0000,1.0
2013-09-25,26.43,26.67,26.3,26.34,22.6786913519,161700,0.0000,1.0
2013-09-24,26.48,26.67,26.38,26.46,22.7820111303,219300,0.0000,1.0
2013-09-23,26.19,26.73,26.19,26.52,22.8336710195,253300,0.0000,1.0
2013-09-20,26.21,26.24,26.07,26.19,22.549541629,449600,0.0000,1.0
2013-09-19,26.06,26.13,25.9514,26.05,22.4290018875,146100,0.0000,1.0
2013-09-18,25.91,26.13,25.81,26.03,22.4117819245,230100,0.0000,1.0
2013-09-17,25.75,26.0,25.7,25.98,22.3687320168,164500,0.0000,1.0
2013-09-16,25.87,25.97,25.75,25.86,22.2654122385,166100,0.0000,1.0
2013-09-13,25.78,25.86,25.67,25.72,22.144872497,126500,0.0000,1.0
2013-09-12,25.67,25.76,25.5,25.66,22.0932126078,108800,0.0000,1.0
2013-09-11,25.59,25.76,25.48,25.63,22.0673826632,187400,0.0000,1.0
2013-09-10,25.78,25.79,25.5,25.66,22.0932126078,167700,0.0000,1.0
2013-09-09,25.32,25.67,25.32,25.67,22.1018225894,146500,0.0000,1.0
2013-09-06,25.6,25.6,24.84,25.3,21.7832532727,204300,0.0000,1.0
2013-09-05,25.64,25.78,25.44,25.6,22.0415527187,155800,0.0000,1.0
2013-09-04,25.01,25.67,24.49,25.56,22.0071127925,348700,0.0000,1.0
2013-09-03,24.48,24.77,24.14,24.59,21.171944584,180500,0.0000,1.0
2013-08-30,24.75,24.75,24.11,24.15,20.7931053967,122200,0.0000,1.0
2013-08-29,24.57,25.04,24.57,24.81,21.3613641777,87000,0.0000,1.0
2013-08-28,25.03,25.17,24.55,24.62,21.1977745286,108100,0.0000,1.0
2013-08-27,25.45,25.55,24.96,25.03,21.5507837714,167800,0.0000,1.0
2013-08-26,25.8,25.95,25.59,25.62,22.0587726817,101500,0.0000,1.0
2013-08-23,25.47,25.86,25.35,25.82,22.2309723123,100900,0.0000,1.0
2013-08-22,25.19,25.59,25.19,25.41,21.8779630696,79600,0.0000,1.0
2013-08-21,25.44,25.61,25.07,25.13,21.6368835867,105600,0.0000,1.0
2013-08-20,25.19,25.58,25.1,25.55,21.998502811,70300,0.0000,1.0
2013-08-19,25.15,25.49,25.1,25.19,21.6885434759,174300,0.0000,1.0
2013-08-16,25.0,25.28,24.885,25.17,21.6713235128,103600,0.0000,1.0
2013-08-15,25.62,25.62,25.01,25.13,21.6368835867,122600,0.0000,1.0
2013-08-14,25.98,25.98,25.64,25.8,22.2137523493,94100,0.0000,1.0
2013-08-13,26.0,26.0,25.87,26.0,22.3859519799,191100,0.0000,1.0
2013-08-12,25.65,26.0,25.65,25.97,22.3601220353,82500,0.0000,1.0
2013-08-09,25.71,25.95,25.51,25.82,22.2309723123,69000,0.0000,1.0
2013-08-08,25.96,25.97,25.74,25.78,22.1965323862,84500,0.0000,1.0
2013-08-07,25.91,26.09,25.75,25.84,22.2481922754,67400,0.0000,1.0
2013-08-06,26.04,26.12,25.78,26.0,22.3859519799,76100,0.0000,1.0
2013-08-05,25.95,26.2,25.88,26.16,22.5237116844,92400,0.0000,1.0
2013-08-02,26.0,26.19,25.82,26.01,22.3945619614,75500,0.0000,1.0
2013-08-01,26.05,26.2,25.96,26.14,22.5064917213,109500,0.0000,1.0
2013-07-31,25.78,26.09,25.77,25.9,22.2998521646,159800,0.0000,1.0
2013-07-30,25.5,25.81,25.5,25.77,22.1879224047,142000,0.0000,1.0
2013-07-29,25.66,25.79,25.38,25.39,21.8607431065,124500,0.0000,1.0
2013-07-26,25.9,26.13,25.6,25.76,22.1793124231,128500,0.0000,1.0
2013-07-25,25.77,26.14,25.51,26.08,22.4548318321,183000,0.0000,1.0
2013-07-24,26.24,26.29,25.77,25.86,22.2654122385,223600,0.0000,1.0
2013-07-23,26.23,26.25,26.06,26.17,22.5323216659,174300,0.0000,1.0
2013-07-22,26.59,26.7,26.19,26.19,22.549541629,206100,0.0000,1.0
2013-07-19,26.13,26.68,26.01,26.6,22.9025508717,353800,0.0000,1.0
2013-07-18,25.75,26.12,25.64,26.12,22.4892717583,270700,0.0000,1.0
2013-07-17,25.35,25.74,25.31,25.71,22.1362625155,209200,0.0000,1.0
2013-07-16,25.47,25.51,25.26,25.38,21.852133125,147300,0.0000,1.0
2013-07-15,25.42,25.584,25.38,25.58,22.0243327556,124600,0.0000,1.0
2013-07-12,25.1,25.48,25.1,25.45,21.9124029957,148200,0.0000,1.0
2013-07-11,25.0,25.28,24.98,25.18,21.6799334944,211900,0.0000,1.0
2013-07-10,24.7,24.96,24.62,24.88,21.4216340484,56836,0.0000,1.0
2013-07-09,24.84,24.94,24.66,24.75,21.3097042885,86096,0.0000,1.0
2013-07-08,24.65,24.78,24.47,24.75,21.3097042885,252700,0.0000,1.0
2013-07-05,24.56,24.6,24.31,24.59,21.171944584,265800,0.0000,1.0
2013-07-03,24.31,24.5325,24.14,24.26,20.8878151935,234400,0.0000,1.0
2013-07-02,24.62,24.68,24.3101,24.44,21.0427948611,133800,0.1500,1.0
2013-07-01,24.6,24.83,24.57,24.73,21.1625993052,212900,0.0000,1.0
2013-06-28,24.59,24.99,24.48,24.51,20.9743351787,458400,0.0000,1.0
2013-06-27,24.4,24.77,24.35,24.64,21.0855821626,202300,0.0000,1.0
2013-06-26,24.28,24.34,24.0601,24.23,20.7347262905,133200,0.0000,1.0
2013-06-25,24.05,24.22,23.95,24.1,20.6234793067,219900,0.0000,1.0
2013-06-24,23.86,24.02,23.752,23.85,20.4095427994,169700,0.0000,1.0
2013-06-21,24.25,24.25,23.736,24.1,20.6234793067,313500,0.0000,1.0
2013-06-20,24.05,24.38,23.84,24.19,20.7004964494,198300,0.0000,1.0
2013-06-19,24.74,24.81,24.22,24.29,20.7860710523,151200,0.0000,1.0
2013-06-18,24.79,24.8979,24.71,24.79,21.213944067,167600,0.0000,1.0
2013-06-17,24.35,24.83,24.32,24.74,21.1711567655,170700,0.0000,1.0
2013-06-14,24.48,24.54,24.13,24.14,20.6577091479,190300,0.0000,1.0
2013-06-13,24.58,24.63,24.45,24.5,20.9657777184,164000,0.0000,1.0
2013-06-12,25.03,25.05,24.62,24.62,21.068467242,78800,0.0000,1.0
2013-06-11,24.75,24.94,24.49,24.86,21.273846289,167900,0.0000,1.0
2013-06-10,24.7,25.05,24.62,24.91,21.3166335905,292300,0.0000,1.0
2013-06-07,24.85,24.9,24.51,24.66,21.1026970831,198300,0.0000,1.0
2013-06-06,25.2,25.2,24.46,24.64,21.0855821626,309800,0.0000,1.0
2013-06-05,25.49,25.5,25.1,25.16,21.5305700978,289700,0.0000,1.0
2013-06-04,25.52,26.38,24.93,25.44,21.770178986,816500,0.0000,1.0
2013-06-03,24.21,24.64,24.03,24.6,21.0513523214,447400,0.0000,1.0
2013-05-31,24.0,24.27,23.96,24.18,20.6919389891,348700,0.0000,1.0
2013-05-30,24.2,24.39,23.92,24.05,20.5806920053,188100,0.0000,1.0
2013-05-29,23.87,24.02,23.74,23.9,20.4523301009,122100,0.0000,1.0
2013-05-28,23.75,24.275,23.75,24.04,20.572134545,248000,0.0000,1.0
2013-05-24,23.32,23.51,23.13,23.5,20.1100316891,94000,0.0000,1.0
2013-05-23,23.13,23.462,22.97,23.4,20.0244570862,95000,0.0000,1.0
2013-05-22,23.22,23.74,23.13,23.26,19.9046526421,219300,0.0000,1.0
2013-05-21,23.21,23.5,23.2,23.25,19.8960951818,222600,0.0000,1.0
2013-05-20,23.29,23.5,23.15,23.29,19.930325023,211000,0.0000,1.0
2013-05-17,22.94,23.3,22.84,23.29,19.930325023,256100,0.0000,1.0
2013-05-16,22.75,22.94,22.63,22.8,19.5110094686,123500,0.0000,1.0
2013-05-15,22.42,22.77,22.37,22.77,19.4853370877,160700,0.0000,1.0
2013-05-14,22.28,22.52,22.22,22.52,19.2714005804,264300,0.0000,1.0
2013-05-13,22.41,22.432,22.21,22.31,19.0916939142,186500,0.0000,1.0
2013-05-10,22.19,22.45,21.79,22.4,19.1687110569,203500,0.0000,1.0
2013-05-09,22.36,22.44,22.0825,22.19,18.9890043907,331800,0.0000,1.0
2013-05-08,22.46,22.5399,22.21,22.41,19.1772685172,352200,0.0000,1.0
2013-05-07,22.4,22.55,22.3,22.5,19.2542856598,359000,0.0000,1.0
2013-05-06,22.61,22.66,22.2601,22.41,19.1772685172,259600,0.0000,1.0
2013-05-03,22.41,22.94,22.27,22.64,19.3740901039,482100,0.0000,1.0
2013-05-02,22.28,22.61,22.06,22.18,18.9804469304,243400,0.0000,1.0
2013-05-01,22.51,22.73,22.17,22.18,18.9804469304,374900,0.0000,1.0
2013-04-30,22.55,22.69,22.39,22.55,19.2970729613,315700,0.0000,1.0
2013-04-29,21.92,22.57,21.83,22.54,19.288515501,352500,0.0000,1.0
2013-04-26,21.79,22.02,21.53,21.92,18.7579529628,371500,0.0000,1.0
2013-04-25,21.23,22.0,21.13,21.77,18.6295910584,275200,0.0000,1.0
2013-04-24,20.85,21.16,20.73,21.15,18.0990285202,199200,0.0000,1.0
2013-04-23,20.77,20.97,20.63,20.9,17.8850920129,163300,0.0000,1.0
2013-04-22,20.46,20.72,20.09,20.62,17.6454831247,197900,0.0000,1.0
2013-04-19,20.46,20.765,20.38,20.46,17.50856376,221200,0.0000,1.0
2013-04-18,20.57,20.64,20.3,20.46,17.50856376,267400,0.0000,1.0
2013-04-17,20.72,20.898,20.56,20.59,17.6198107438,310200,0.0000,1.0
2013-04-16,20.84,20.91,20.64,20.89,17.8765345526,236800,0.0000,1.0
2013-04-15,21.36,21.39,20.67,20.7,17.713942807,258100,0.0000,1.0
2013-04-12,21.46,21.522,21.3101,21.45,18.355752329,153300,0.0000,1.0
2013-04-11,21.65,21.66,21.39,21.53,18.4242120114,215000,0.0000,1.0
2013-04-10,21.39,21.79,21.36,21.73,18.5953612172,164800,0.0000,1.0
2013-04-09,21.29,21.58,21.27,21.35,18.2701777261,219900,0.0000,1.0
2013-04-08,21.39,21.46,21.17,21.3,18.2273904246,101800,0.0000,1.0
2013-04-05,21.26,21.44,21.17,21.34,18.2616202658,184100,0.0000,1.0
2013-04-04,21.56,21.62,21.43,21.52,18.4156545511,132200,0.0000,1.0
2013-04-03,21.77,21.87,21.44,21.59,18.4755567731,208100,0.0000,1.0
2013-04-02,21.81,22.0,21.735,21.75,18.6124761378,164500,0.1500,1.0
2013-04-01,22.23,22.29,21.5,21.81,18.5359865098,277500,0.0000,1.0
2013-03-28,22.04,22.28,21.96,22.24,18.9014369546,162500,0.0000,1.0
2013-03-27,21.99,22.03,21.82,21.98,18.6804669182,98600,0.0000,1.0
2013-03-26,22.06,22.15,21.98,22.14,18.816448479,179800,0.0000,1.0
2013-03-25,22.02,22.15,21.86,22.04,18.7314600035,132600,0.0000,1.0
2013-03-22,22.15,22.2,21.89,21.94,18.646471528,150600,0.0000,1.0
2013-03-21,22.12,22.27,21.94,22.08,18.7654553937,159100,0.0000,1.0
2013-03-20,22.06,22.28,22.0,22.17,18.8419450217,186500,0.0000,1.0
2013-03-19,22.0,22.17,21.89,22.01,18.7059634609,152700,0.0000,1.0
2013-03-18,21.85,22.12,21.85,22.01,18.7059634609,229500,0.0000,1.0
2013-03-15,22.1,22.17,21.87,22.06,18.7484576986,504600,0.0000,1.0
2013-03-14,21.96,22.24,21.88,22.04,18.7314600035,328000,0.0000,1.0
2013-03-13,21.78,22.58,21.78,21.96,18.6634692231,437000,0.0000,1.0
2013-03-12,21.81,21.99,21.5,21.72,18.4594968819,317500,0.0000,1.0
2013-03-11,21.86,22.02,21.72,21.83,18.5529842049,326100,0.0000,1.0
2013-03-08,22.15,22.36,21.85,21.89,18.6039772903,256400,0.0000,1.0
2013-03-07,22.0,22.14,21.9701,21.98,18.6804669182,201200,0.0000,1.0
2013-03-06,22.13,22.44,21.8,21.95,18.6549703756,239400,0.0000,1.0
2013-03-05,23.23,23.3794,21.33,22.04,18.7314600035,1019800,0.0000,1.0
2013-03-04,22.73,22.91,22.54,22.74,19.3263793321,370200,0.0000,1.0
2013-03-01,22.57,22.91,22.49,22.73,19.3178804846,182600,0.0000,1.0
2013-02-28,22.74,22.95,22.68,22.7,19.2923839419,233900,0.0000,1.0
2013-02-27,22.7,22.89,22.65,22.71,19.3008827895,243600,0.0000,1.0
2013-02-26,22.55,22.8,22.54,22.73,19.3178804846,184100,0.0000,1.0
2013-02-25,23.17,23.21,22.42,22.43,19.062915058,224200,0.0000,1.0
2013-02-22,22.99,23.13,22.8901,23.08,19.6153401489,157900,0.0000,1.0
2013-02-21,23.0,23.3,22.695,22.86,19.4283655028,186100,0.0000,1.0
2013-02-20,23.41,23.48,23.0,23.01,19.555848216,299400,0.0000,1.0
2013-02-19,23.13,23.47,23.09,23.43,19.9127998132,299100,0.0000,1.0
2013-02-15,22.84,23.23,22.7,23.1,19.632337844,319700,0.0000,1.0
2013-02-14,22.49,22.84,22.36,22.76,19.3433770272,204400,0.0000,1.0
2013-02-13,22.18,22.56,22.11,22.56,19.1734000762,203500,0.0000,1.0
2013-02-12,22.03,22.21,22.03,22.14,18.816448479,114000,0.0000,1.0
2013-02-11,22.01,22.18,21.99,22.06,18.7484576986,78000,0.0000,1.0
2013-02-08,22.0,22.24,21.97,22.08,18.7654553937,269800,0.0000,1.0
2013-02-07,22.0,22.31,21.93,22.0,18.6974646133,594000,0.0000,1.0
2013-02-06,21.82,22.04,21.75,22.04,18.7314600035,132700,0.0000,1.0
2013-02-05,21.89,21.99,21.76,21.94,18.646471528,159000,0.0000,1.0
2013-02-04,22.04,22.04,21.69,21.76,18.4934922721,242500,0.0000,1.0
2013-02-01,22.0,22.2,21.9,22.15,18.8249473266,250200,0.0000,1.0
2013-01-31,21.84,21.94,21.74,21.92,18.6294738329,346400,0.0000,1.0
2013-01-30,21.82,21.93,21.6,21.75,18.4849934245,443600,0.0000,1.0
2013-01-29,21.86,21.91,21.685,21.9,18.6124761378,284300,0.0000,1.0
2013-01-28,21.86,22.0,21.665,21.85,18.5699819,316800,0.0000,1.0
2013-01-25,21.5,21.81,21.25,21.77,18.5019911196,479100,0.0000,1.0
2013-01-24,20.97,21.49,20.93,21.44,18.2215291504,351100,0.0000,1.0
2013-01-23,21.01,21.02,20.92,21.01,17.8560787057,222700,0.0000,1.0
2013-01-22,20.9,20.97,20.77,20.96,17.813584468,213900,0.0000,1.0
2013-01-18,20.75,21.05,20.75,20.97,17.8220833155,230100,0.0000,1.0
2013-01-17,20.6,20.84,20.59,20.74,17.6266098218,583600,0.0000,1.0
2013-01-16,20.5,20.58,20.41,20.51,17.4311363281,295100,0.0000,1.0
2013-01-15,20.42,20.67,20.4,20.49,17.414138633,253900,0.0000,1.0
2013-01-14,20.45,20.58,20.41,20.51,17.4311363281,374200,0.0000,1.0
2013-01-11,20.55,20.6299,20.37,20.51,17.4311363281,714100,0.0000,1.0
2013-01-10,20.6,20.6,20.38,20.49,17.414138633,153900,0.0000,1.0
2013-01-09,20.56,20.63,20.33,20.51,17.4311363281,155900,0.0000,1.0
2013-01-08,20.51,20.53,20.34,20.51,17.4311363281,167000,0.0000,1.0
2013-01-07,20.65,20.8,20.45,20.52,17.4396351757,281800,0.0000,1.0
2013-01-04,20.6,20.79,20.42,20.76,17.6436075169,152400,0.0000,1.0
2013-01-03,20.36,20.55,20.26,20.51,17.4311363281,156500,0.0000,1.0
2013-01-02,20.22,20.68,20.04,20.39,17.3291501575,451000,0.0000,1.0
2012-12-31,19.64,19.98,19.55,19.95,16.9552008653,185100,0.0000,1.0
2012-12-28,19.84,19.8695,19.58,19.58,16.6407435059,139300,0.0000,1.0
2012-12-27,20.04,20.04,19.6,19.88,16.8957089324,161100,0.0000,1.0
2012-12-26,20.11,20.17,19.9,20.06,17.0486881883,122400,0.0000,1.0
2012-12-24,20.12,20.16,19.97,20.1,17.0826835785,75600,0.0000,1.0
2012-12-21,20.26,20.26,19.93,20.21,17.1761709016,525600,0.0000,1.0
2012-12-20,20.31,20.4099,20.15,20.33,17.2781570722,176600,0.0000,1.0
2012-12-19,20.34,20.5299,20.19,20.29,17.244161682,214400,0.1500,1.0
2012-12-18,20.27,20.5,20.12,20.5,17.2947805519,239200,0.0000,1.0
2012-12-17,20.28,20.45,20.17,20.25,17.083868594,255400,0.0000,1.0
2012-12-14,20.29,20.45,20.2,20.24,17.0754321157,226400,0.0000,1.0
2012-12-13,20.33,20.64,20.15,20.31,17.1344874639,409700,0.0000,1.0
2012-12-12,20.78,20.87,20.24,20.32,17.1429239422,556400,0.0000,1.0
2012-12-11,20.0,20.37,19.81,20.15,16.9995038108,604500,0.0000,1.0
2012-12-10,19.55,19.97,19.53,19.73,16.6451717214,400200,0.0000,1.0
2012-12-07,19.62,19.67,19.45,19.56,16.50175159,112100,0.0000,1.0
2012-12-06,19.37,19.64,19.24,19.55,16.4933151117,157500,0.0000,1.0
2012-12-05,19.3,19.43,19.07,19.35,16.3245855454,140600,0.0000,1.0
2012-12-04,19.25,19.43,19.11,19.28,16.2655301971,220200,0.0000,1.0
2012-12-03,19.14,19.34,18.22,19.28,16.2655301971,190100,0.0000,1.0
2012-11-30,19.12,19.24,19.0,19.08,16.0968006308,361100,0.0000,1.0
2012-11-29,19.18,19.38,18.97,19.06,16.0799276741,285600,0.0000,1.0
2012-11-28,18.87,19.05,18.81,19.05,16.0714911958,218000,0.0000,1.0
2012-11-27,18.97,19.02,18.85,18.95,15.9871264126,134800,0.0000,1.0
2012-11-26,18.94,19.02,18.755,18.97,16.0039993693,161200,0.0000,1.0
2012-11-23,18.71,18.97,18.71,18.97,16.0039993693,61500,0.0000,1.0
2012-11-21,18.56,18.73,18.38,18.69,15.7677779764,108100,0.0000,1.0
2012-11-20,18.35,18.53,18.2,18.53,15.6327943233,105500,0.0000,1.0
2012-11-19,18.5,18.6127,18.19,18.36,15.4893741919,247600,0.0000,1.0
2012-11-16,18.2,18.39,17.98,18.37,15.4978106702,192300,0.0000,1.0
2012-11-15,18.71,18.73,18.215,18.27,15.413445887,165100,0.0000,1.0
2012-11-14,18.94,19.01,18.69,18.77,15.8352698029,185600,0.0000,1.0
2012-11-13,18.84,19.01,18.78,18.84,15.8943251511,368300,0.0000,1.0
2012-11-12,19.01,19.08,18.8,18.87,15.9196345861,98600,0.0000,1.0
2012-11-09,19.06,19.29,18.9,19.02,16.0461817609,136200,0.0000,1.0
2012-11-08,19.13,19.32,18.84,19.16,16.1642924573,319700,0.0000,1.0
2012-11-07,19.32,19.32,18.99,19.12,16.130546544,177800,0.0000,1.0
2012-11-06,19.28,19.63,19.15,19.48,16.4342597635,171000,0.0000,1.0
2012-11-05,19.66,19.71,19.2,19.29,16.2739666754,310200,0.0000,1.0
2012-11-02,19.24,19.9,19.16,19.71,16.6282987648,651300,0.0000,1.0
2012-11-01,18.99,19.15,18.8,19.14,16.1474195007,497100,0.0000,1.0
2012-10-31,18.93,19.13,18.9055,19.0,16.0293088042,534100,0.0000,1.0
2012-10-26,18.5,18.89,18.48,18.87,15.9196345861,275800,0.0000,1.0
2012-10-25,18.24,18.53,18.205,18.53,15.6327943233,205800,0.0000,1.0
2012-10-24,18.32,18.32,17.99,18.08,15.253152799,376700,0.0000,1.0
2012-10-23,18.31,18.31,18.02,18.23,15.3796999737,137400,0.0000,1.0
2012-10-22,18.48,18.6,18.34,18.43,15.5484295401,125100,0.0000,1.0
2012-10-19,18.41,18.56,18.26,18.47,15.5821754534,269000,0.0000,1.0
2012-10-18,18.51,18.59,18.45,18.52,15.624357845,154000,0.0000,1.0
2012-10-17,18.52,18.56,18.37,18.54,15.6412308016,172600,0.0000,1.0
2012-10-16,18.17,18.54,18.05,18.51,15.6159213666,391800,0.0000,1.0
2012-10-15,18.12,18.15,17.95,18.06,15.2362798423,282800,0.0000,1.0
2012-10-12,18.28,18.28,18.1,18.12,15.2868987122,332600,0.0000,1.0
2012-10-11,18.42,18.48,18.31,18.31,15.4471918003,438400,0.0000,1.0
2012-10-10,18.32,18.4,18.27,18.34,15.4725012352,343500,0.0000,1.0
2012-10-09,18.33,18.42,18.21,18.35,15.4809377135,462000,0.0000,1.0
2012-10-08,18.43,18.48,18.15,18.3,15.438755322,496500,0.0000,1.0
2012-10-05,19.02,19.02,18.46,18.49,15.59904841,512900,0.0000,1.0
2012-10-04,19.0,19.06,18.9,18.97,16.0039993693,388800,0.0000,1.0
2012-10-03,19.08,19.15,18.91,18.97,16.0039993693,356200,0.0000,1.0
2012-10-02,18.86,19.05,18.83,19.05,16.0714911958,299100,0.1450,1.0
2012-10-01,19.04,19.15,18.85,18.91,15.8328678569,255700,0.0000,1.0
2012-09-28,18.91,19.05,18.87,18.93,15.8496133543,388100,0.0000,1.0
2012-09-27,19.0,19.08,18.84,19.03,15.9333408417,492300,0.0000,1.0
2012-09-26,18.98,19.02,18.86,18.99,15.8998498468,348400,0.0000,1.0
2012-09-25,18.88,19.16,18.8511,18.93,15.8496133543,666100,0.0000,1.0
2012-09-24,18.86,18.94,18.649,18.8,15.7407676208,369200,0.0000,1.0
2012-09-21,18.76,19.02,18.74,18.91,15.8328678569,620400,0.0000,1.0
2012-09-20,18.8,18.96,18.66,18.67,15.6319218873,260600,0.0000,1.0
2012-09-19,19.0,19.08,18.81,18.91,15.8328678569,203900,0.0000,1.0
2012-09-18,18.75,19.0,18.64,18.98,15.891477098,264000,0.0000,1.0
2012-09-17,18.78,18.9,18.665,18.82,15.7575131183,159700,0.0000,1.0
2012-09-14,18.91,19.0,18.78,18.83,15.765885867,342100,0.0000,1.0
2012-09-13,18.78,19.01,18.65,18.94,15.8579861031,371600,0.0000,1.0
2012-09-12,18.79,18.86,18.61,18.71,15.6654128822,345300,0.0000,1.0
2012-09-11,18.65,18.88,18.55,18.68,15.640294636,412400,0.0000,1.0
2012-09-10,19.14,19.17,18.67,18.68,15.640294636,560900,0.0000,1.0
2012-09-07,19.44,19.44,19.08,19.21,16.0840503189,366900,0.0000,1.0
2012-09-06,18.56,20.09,18.31,19.4,16.2431325449,1247000,0.0000,1.0
2012-09-05,20.11,20.475,19.95,20.35,17.0385436746,403700,0.0000,1.0
2012-09-04,20.25,20.25,19.83,20.06,16.7957339613,519700,0.0000,1.0
2012-08-31,20.39,20.49,20.13,20.22,16.9296979411,459200,0.0000,1.0
2012-08-30,20.27,20.2788,20.08,20.18,16.8962069462,246200,0.0000,1.0
2012-08-29,20.39,20.54,20.29,20.36,17.0469164234,204700,0.0000,1.0
2012-08-28,20.34,20.64,20.24,20.34,17.0301709259,316200,0.0000,1.0
2012-08-27,20.59,20.65,20.34,20.4,17.0804074183,182800,0.0000,1.0
2012-08-24,20.25,20.68,20.23,20.53,17.1892531519,184100,0.0000,1.0
2012-08-23,20.23,20.46,20.1323,20.32,17.0134254284,186400,0.0000,1.0
2012-08-22,20.47,20.54,20.23,20.3,16.996679931,440300,0.0000,1.0
2012-08-21,20.48,20.83,20.42,20.47,17.1390166595,195800,0.0000,1.0
2012-08-20,20.31,20.49,20.1701,20.46,17.1306439107,214000,0.0000,1.0
2012-08-17,20.03,20.49,19.94,20.39,17.0720346696,352200,0.0000,1.0
2012-08-16,19.4,20.12,19.34,20.09,16.8208522075,357500,0.0000,1.0
2012-08-15,18.92,19.42,18.9,19.38,16.2263870474,349600,0.0000,1.0
2012-08-14,19.11,19.28,18.93,18.98,15.891477098,370900,0.0000,1.0
2012-08-13,19.02,19.02,18.54,19.01,15.9165953442,289400,0.0000,1.0
2012-08-10,18.94,19.04,18.9,19.01,15.9165953442,149000,0.0000,1.0
2012-08-09,18.88,19.04,18.79,18.96,15.8747316006,185200,0.0000,1.0
2012-08-08,18.77,19.01,18.75,18.91,15.8328678569,168300,0.0000,1.0
2012-08-07,19.02,19.13,18.81,18.83,15.765885867,247200,0.0000,1.0
2012-08-06,18.88,19.0755,18.73,18.88,15.8077496107,157000,0.0000,1.0
2012-08-03,18.42,19.045,18.3912,18.9,15.8244951081,257300,0.0000,1.0
2012-08-02,18.01,18.39,17.98,18.17,15.2132844505,260100,0.0000,1.0
2012-08-01,18.66,18.66,18.18,18.2,15.2384026967,365300,0.0000,1.0
2012-07-31,18.71,18.85,18.41,18.6,15.5733126461,376700,0.0000,1.0
2012-07-30,18.89,19.08,18.59,18.74,15.6905311284,246700,0.0000,1.0
2012-07-27,18.72,19.1,18.54,18.89,15.8161223594,320000,0.0000,1.0
2012-07-26,18.89,18.94,18.59,18.67,15.6319218873,423700,0.0000,1.0
2012-07-25,18.6,18.75,18.46,18.57,15.5481943999,366700,0.0000,1.0
2012-07-24,18.73,18.73,18.41,18.53,15.514703405,451400,0.0000,1.0
2012-07-23,18.61,18.74,18.4,18.64,15.606803641,467900,0.0000,1.0
2012-07-20,19.11,19.46,18.87,18.99,15.8998498468,4392600,0.0000,1.0
2012-07-19,19.49,19.61,19.22,19.3,16.1594050575,611700,0.0000,1.0
2012-07-18,18.62,19.69,18.62,19.43,16.2682507911,955000,0.0000,1.0
2012-07-17,18.42,19.41,18.11,18.67,15.6319218873,1443300,0.0000,1.0
2012-07-16,17.9,18.49,17.85,18.25,15.2802664404,757000,0.0000,1.0
2012-07-13,18.05,18.37,17.9,18.19,15.230029948,757700,0.0000,1.0
2012-07-12,18.12,18.23,17.91,17.95,15.0290839784,472200,0.0000,1.0
2012-07-11,18.45,18.55,18.0,18.25,15.2802664404,427800,0.0000,1.0
2012-07-10,18.73,18.86,18.07,18.41,15.4142304202,665000,0.0000,1.0
2012-07-09,19.07,19.25,18.4,18.56,15.5398216512,464200,0.0000,1.0
2012-07-06,19.17,19.52,19.0,19.11,16.0003228316,525600,0.0000,1.0
2012-07-05,19.41,19.565,19.32,19.4,16.2431325449,497300,0.0000,1.0
2012-07-03,19.34,19.49,19.18,19.49,16.3184872835,314400,0.0000,1.0
2012-07-02,19.38,19.5,18.95,19.26,16.1259140626,681100,0.1450,1.0
2012-06-29,20.28,20.399,19.46,19.56,16.2547219306,706400,0.0000,1.0
2012-06-28,19.95,19.95,19.52,19.83,16.4790969266,392800,0.0000,1.0
2012-06-27,19.91,20.21,19.89,20.17,16.7616432178,210700,0.0000,1.0
2012-06-26,19.51,19.95,19.38,19.84,16.4874071117,359000,0.0000,1.0
2012-06-25,20.18,20.18,19.41,19.47,16.1799302653,345800,0.0000,1.0
2012-06-22,20.61,20.61,20.28,20.47,17.0109487689,962400,0.0000,1.0
2012-06-21,20.83,20.84,20.5,20.55,17.0774302492,327600,0.0000,1.0
2012-06-20,20.86,20.91,20.65,20.79,17.2768746901,275100,0.0000,1.0
2012-06-19,20.64,21.03,20.59,20.79,17.2768746901,181000,0.0000,1.0
2012-06-18,20.36,20.65,20.26,20.56,17.0857404343,228000,0.0000,1.0
2012-06-15,20.8,20.85,20.47,20.49,17.027569139,350200,0.0000,1.0
2012-06-14,20.43,20.89,20.3414,20.81,17.2934950602,292500,0.0000,1.0
2012-06-13,20.39,20.7,20.24,20.34,16.9029163635,245000,0.0000,1.0
2012-06-12,20.41,20.53,20.3,20.5,17.035879324,209700,0.0000,1.0
2012-06-11,20.86,21.01,20.3,20.3,16.8696756233,375900,0.0000,1.0
2012-06-08,20.33,20.94,20.31,20.71,17.2103932098,414300,0.0000,1.0
2012-06-07,21.74,22.07,20.3,20.39,16.9444672886,2141900,0.0000,1.0
2012-06-06,20.92,21.53,20.77,21.53,17.8918283828,449800,0.0000,1.0
2012-06-05,20.36,20.83,20.36,20.71,17.2103932098,301400,0.0000,1.0
2012-06-04,20.56,20.85,20.275,20.52,17.0524996941,419200,0.0000,1.0
2012-06-01,21.06,21.2,20.45,20.47,17.0109487689,402900,0.0000,1.0
2012-05-31,21.3,21.67,20.9208,21.47,17.8419672725,349400,0.0000,1.0
2012-05-30,21.48,21.62,21.08,21.27,17.6757635718,214500,0.0000,1.0
2012-05-29,21.92,22.19,21.63,21.73,18.0580320835,209600,0.0000,1.0
2012-05-25,21.74,21.87,21.57,21.73,18.0580320835,217100,0.0000,1.0
2012-05-24,21.74,21.9489,21.3,21.68,18.0164811583,206500,0.0000,1.0
2012-05-23,21.46,21.84,21.1,21.8,18.1162033787,201000,0.0000,1.0
2012-05-22,21.66,21.83,21.48,21.59,17.941689493,421800,0.0000,1.0
2012-05-21,21.63,21.98,21.36,21.67,18.0081709733,285400,0.0000,1.0
2012-05-18,22.03,22.2,21.5,21.55,17.9084487528,272100,0.0000,1.0
2012-05-17,22.87,22.94,22.04,22.1,18.3655089298,245700,0.0000,1.0
2012-05-16,22.77,23.28,22.77,22.91,19.0386339177,259500,0.0000,1.0
2012-05-15,22.45,22.84,22.3386,22.75,18.9056709572,158000,0.0000,1.0
2012-05-14,22.3,22.51,22.128,22.37,18.5898839258,138000,0.0000,1.0
2012-05-11,22.51,22.79,22.42,22.57,18.7560876265,128000,0.0000,1.0
2012-05-10,22.72,22.91,22.59,22.73,18.8890505871,171000,0.0000,1.0
2012-05-09,22.32,22.66,22.25,22.55,18.7394672564,147000,0.0000,1.0
2012-05-08,22.3,22.68,22.3,22.6,18.7810181816,134400,0.0000,1.0
2012-05-07,22.3,22.5499,22.24,22.47,18.6729857762,158000,0.0000,1.0
2012-05-04,22.48,22.48,22.27,22.4,18.6148144809,242600,0.0000,1.0
2012-05-03,22.84,22.91,22.52,22.69,18.8558098469,153000,0.0000,1.0
2012-05-02,22.58,22.88,22.35,22.87,19.0053931776,250000,0.0000,1.0
2012-05-01,23.32,23.41,22.76,22.81,18.9555320674,299800,0.0000,1.0
2012-04-30,23.4,23.41,23.15,23.28,19.3461107641,187000,0.0000,1.0
2012-04-27,23.33,23.63,23.13,23.47,19.5040042798,230300,0.0000,1.0
2012-04-26,23.25,23.42,23.16,23.33,19.3876616893,106300,0.0000,1.0
2012-04-25,23.31,23.62,23.15,23.29,19.3544209491,146300,0.0000,1.0
2012-04-24,22.77,23.11,22.61,22.97,19.088495028,152600,0.0000,1.0
2012-04-23,22.87,22.91,22.53,22.78,18.9306015123,187800,0.0000,1.0
2012-04-20,23.34,23.63,23.19,23.31,19.3710413192,167000,0.0000,1.0
2012-04-19,23.41,23.51,22.88,23.1,19.1965274334,141500,0.0000,1.0
2012-04-18,23.24,23.44,22.92,23.39,19.4375227995,184600,0.0000,1.0
2012-04-17,23.71,23.855,23.2761,23.33,19.3876616893,337900,0.0000,1.0
2012-04-16,23.35,23.67,23.11,23.47,19.5040042798,236600,0.0000,1.0
2012-04-13,23.46,23.64,23.2,23.27,19.337800579,156600,0.0000,1.0
2012-04-12,23.38,23.75,23.36,23.6,19.6120366852,207200,0.0000,1.0
2012-04-11,23.23,23.42,23.102,23.4,19.4458329845,170900,0.0000,1.0
2012-04-10,23.24,23.26,22.85,22.98,19.096805213,290900,0.0000,1.0
2012-04-09,23.63,23.76,23.22,23.28,19.3461107641,240400,0.0000,1.0
2012-04-05,23.68,24.06,23.66,24.04,19.9776848268,242300,0.0000,1.0
2012-04-04,23.73,23.9,23.59,23.85,19.8197913111,339300,0.0000,1.0
2012-04-03,24.04,24.2,23.92,24.06,19.9943051969,320400,0.1450,1.0
2012-04-02,24.18,24.29,23.91,24.27,20.0479978157,313300,0.0000,1.0
2012-03-30,24.57,24.61,24.19,24.3,20.0727790244,271500,0.0000,1.0
2012-03-29,24.08,24.46,23.93,24.42,20.171903859,242900,0.0000,1.0
2012-03-28,24.23,24.33,24.06,24.32,20.0892998301,268800,0.0000,1.0
2012-03-27,24.45,24.55,24.18,24.26,20.0397374128,295300,0.0000,1.0
2012-03-26,23.98,24.5,23.88,24.5,20.2379870822,398400,0.0000,1.0
2012-03-23,23.38,23.89,23.22,23.82,19.6762796856,362500,0.0000,1.0
2012-03-22,23.15,23.3,23.04,23.28,19.2302179295,201100,0.0000,1.0
2012-03-21,23.61,23.67,23.38,23.39,19.3210823613,229400,0.0000,1.0
2012-03-20,23.57,23.74,23.45,23.55,19.4532488076,301100,0.0000,1.0
2012-03-19,23.53,23.93,23.32,23.82,19.6762796856,252600,0.0000,1.0
2012-03-16,23.67,23.75,23.37,23.52,19.4284675989,456900,0.0000,1.0
2012-03-15,23.36,23.74,22.94,23.61,19.5028112249,301400,0.0000,1.0
2012-03-14,23.61,23.75,23.31,23.35,19.2880407497,129500,0.0000,1.0
2012-03-13,23.57,23.69,23.17,23.68,19.5606340451,380400,0.0000,1.0
2012-03-12,23.24,23.55,22.91,23.4,19.3293427642,253100,0.0000,1.0
2012-03-09,23.11,23.56,22.96,23.2,19.1641347064,392300,0.0000,1.0
2012-03-08,22.6,23.21,22.38,23.17,19.1393534977,303800,0.0000,1.0
2012-03-07,22.84,22.96,22.15,22.43,18.5280836838,2108500,0.0000,1.0
2012-03-06,22.06,23.04,22.02,22.79,18.8254581879,455800,0.0000,1.0
2012-03-05,22.53,22.73,22.24,22.41,18.511562878,339800,0.0000,1.0
2012-03-02,23.11,23.28,22.45,22.53,18.6106877127,524300,0.0000,1.0
2012-03-01,22.79,23.37,22.72,23.0,18.9989266486,365200,0.0000,1.0
2012-02-29,23.18,23.59,22.7,22.7,18.7511145618,386300,0.0000,1.0
2012-02-28,23.58,23.61,23.08,23.2,19.1641347064,143300,0.0000,1.0
2012-02-27,23.31,23.75,23.0,23.61,19.5028112249,257000,0.0000,1.0
2012-02-24,23.44,24.12,23.44,23.58,19.4780300162,310400,0.0000,1.0
2012-02-23,22.67,23.37,22.595,23.34,19.2797803469,235300,0.0000,1.0
2012-02-22,22.68,22.94,22.61,22.66,18.7180729503,179700,0.0000,1.0
2012-02-21,22.65,22.87,22.59,22.7,18.7511145618,212200,0.0000,1.0
2012-02-17,22.85,22.9999,22.601,22.71,18.7593749647,196500,0.0000,1.0
2012-02-16,22.41,22.88,22.41,22.8,18.8337185908,179100,0.0000,1.0
2012-02-15,22.69,22.73,22.35,22.47,18.5611252954,221000,0.0000,1.0
2012-02-14,22.57,22.62,22.342,22.56,18.6354689214,146100,0.0000,1.0
2012-02-13,22.44,22.7,22.37,22.67,18.7263333532,238300,0.0000,1.0
2012-02-10,22.42,22.58,22.18,22.19,18.3298340144,270800,0.0000,1.0
2012-02-09,22.7,23.03,22.64,22.69,18.742854159,260100,0.0000,1.0
2012-02-08,22.81,23.2,22.53,22.73,18.7758957705,107800,0.0000,1.0
2012-02-07,22.96,23.25,22.75,22.78,18.817197785,135600,0.0000,1.0
2012-02-06,23.04,23.24,22.98,23.06,19.0484890659,205300,0.0000,1.0
2012-02-03,22.88,23.62,22.76,23.18,19.1476139006,314100,0.0000,1.0
2012-02-02,22.43,22.7,22.24,22.54,18.6189481156,228700,0.0000,1.0
2012-02-01,21.8,22.4,21.73,22.4,18.5033024751,345500,0.0000,1.0
2012-01-31,21.73,21.84,21.35,21.7,17.9250742728,426200,0.0000,1.0
2012-01-30,21.67,21.8,21.41,21.53,17.7846474236,237600,0.0000,1.0
2012-01-27,21.6,21.9,21.58,21.8,18.0076783017,214900,0.0000,1.0
2012-01-26,21.83,21.97,21.41,21.76,17.9746366901,178000,0.0000,1.0
2012-01-25,21.56,21.82,21.4,21.72,17.9415950786,266300,0.0000,1.0
2012-01-24,21.51,21.83,21.3,21.64,17.8755118554,243000,0.0000,1.0
2012-01-23,21.25,21.69,21.12,21.68,17.908553467,374000,0.0000,1.0
2012-01-20,21.04,21.31,21.03,21.17,17.4872729196,142200,0.0000,1.0
2012-01-19,20.77,21.16,20.77,21.06,17.3964084878,136300,0.0000,1.0
2012-01-18,20.38,20.75,20.27,20.74,17.1320755953,133100,0.0000,1.0
2012-01-17,20.93,21.05,20.38,20.43,16.8760031057,222800,0.0000,1.0
2012-01-13,20.69,20.87,20.51,20.7,17.0990339837,164400,0.0000,1.0
2012-01-12,20.86,20.99,20.61,20.95,17.305544056,163200,0.0000,1.0
2012-01-11,20.71,20.94,20.55,20.84,17.2146796242,203500,0.0000,1.0
2012-01-10,20.63,21.0,20.63,20.87,17.2394608329,218600,0.0000,1.0
2012-01-09,20.42,20.46,20.24,20.32,16.7851386739,198700,0.0000,1.0
2012-01-06,20.17,20.49,19.995,20.36,16.8181802854,194900,0.0000,1.0
2012-01-05,20.51,20.51,19.99,20.22,16.702534645,420000,0.0000,1.0
2012-01-04,20.69,20.89,20.45,20.62,17.0329507606,182900,0.0000,1.0
2012-01-03,21.07,21.35,20.72,20.88,17.2477212357,283600,0.1450,1.0
2011-12-30,20.74,20.87,20.62,20.62,16.9154821347,209300,0.0000,1.0
2011-12-29,20.62,20.97,20.49,20.81,17.071347392,189600,0.0000,1.0
2011-12-28,20.94,20.95,20.34,20.54,16.8498546579,220900,0.0000,1.0
2011-12-27,20.81,21.14,20.79,20.99,17.2190092147,176200,0.0000,1.0
2011-12-23,21.0,21.09,20.71,21.0,17.2272126493,177800,0.0000,1.0
2011-12-22,20.93,21.22,20.86,20.99,17.2190092147,167700,0.0000,1.0
2011-12-21,20.69,20.9,20.23,20.82,17.0795508265,316100,0.0000,1.0
2011-12-20,20.47,21.04,20.22,20.81,17.071347392,281200,0.0000,1.0
2011-12-19,20.68,20.9297,19.95,20.0,16.4068691898,332000,0.0000,1.0
2011-12-16,20.79,20.88,20.24,20.47,16.7924306157,782200,0.0000,1.0
2011-12-15,20.66,20.79,20.38,20.55,16.8580580925,540600,0.0000,1.0
2011-12-14,20.45,20.82,20.31,20.44,16.7678203119,613900,0.0000,1.0
2011-12-13,20.66,21.13,20.4,20.47,16.7924306157,732600,0.0000,1.0
2011-12-12,20.73,20.84,20.35,20.46,16.7842271811,680000,0.0000,1.0
2011-12-09,20.73,21.44,20.73,21.03,17.251822953,770700,0.0000,1.0
2011-12-08,21.1,21.18,20.58,20.62,16.9154821347,415200,0.0000,1.0
2011-12-07,21.31,21.46,20.93,21.3,17.4733156871,3271900,0.0000,1.0
2011-12-06,22.03,22.03,21.15,21.38,17.5389431639,655000,0.0000,1.0
2011-12-05,22.3,22.34,21.87,22.08,18.1131835855,678700,0.0000,1.0
2011-12-02,21.86,22.96,21.86,22.04,18.0803698471,1022100,0.0000,1.0
2011-12-01,21.68,21.89,21.31,21.37,17.5307397293,698300,0.0000,1.0
2011-11-30,22.24,22.24,21.52,21.73,17.8260633747,1015300,0.0000,1.0
2011-11-29,21.15,21.43,20.99,21.26,17.4405019487,542900,0.0000,1.0
2011-11-28,20.4,21.28,20.25,21.2,17.3912813412,480000,0.0000,1.0
2011-11-25,19.71,20.07,19.61,19.63,16.1033421098,213800,0.0000,1.0
2011-11-23,19.84,20.12,19.77,19.82,16.2592073671,405200,0.0000,1.0
2011-11-22,20.18,20.48,20.01,20.07,16.4642932319,459900,0.0000,1.0
2011-11-21,19.99,20.46,19.8904,20.16,16.5381241433,279200,0.0000,1.0
2011-11-18,20.34,20.495,20.2,20.4,16.7350065736,299400,0.0000,1.0
2011-11-17,20.44,20.74,20.19,20.33,16.6775825314,155900,0.0000,1.0
2011-11-16,20.53,21.0,20.36,20.47,16.7924306157,195400,0.0000,1.0
2011-11-15,20.04,20.97,20.04,20.82,17.0795508265,208400,0.0000,1.0
2011-11-14,20.52,20.52,19.95,20.13,16.5135138395,152100,0.0000,1.0
2011-11-11,20.24,20.64,20.18,20.52,16.8334477887,203700,0.0000,1.0
2011-11-10,19.92,20.5,19.86,19.95,16.3658520168,429600,0.0000,1.0
2011-11-09,20.13,20.36,19.51,19.56,16.0459180676,296900,0.0000,1.0
2011-11-08,20.17,20.84,19.76,20.77,17.0385336536,220200,0.0000,1.0
2011-11-07,19.84,20.1036,19.43,19.96,16.3740554514,155700,0.0000,1.0
2011-11-04,20.01,20.13,19.64,19.91,16.3330382784,159900,0.0000,1.0
2011-11-03,19.72,20.38,19.29,20.28,16.6365653584,222400,0.0000,1.0
2011-11-02,19.43,19.66,19.21,19.42,15.9310699833,423000,0.0000,1.0
2011-11-01,19.34,19.78,18.98,19.05,15.6275429033,336500,0.0000,1.0
2011-10-31,20.55,20.69,20.19,20.22,16.5873447509,179800,0.0000,1.0
2011-10-28,21.36,21.46,20.82,20.91,17.1533817379,300200,0.0000,1.0
2011-10-27,20.84,21.52,20.68,21.36,17.5225362947,504600,0.0000,1.0
2011-10-26,19.91,20.41,19.38,20.26,16.6201584892,264300,0.0000,1.0
2011-10-25,20.22,20.22,19.54,19.58,16.0623249368,202300,0.0000,1.0
2011-10-24,19.83,20.51,19.83,20.45,16.7760237465,231000,0.0000,1.0
2011-10-21,19.7,19.88,19.03,19.86,16.2920211054,324100,0.0000,1.0
2011-10-20,19.89,20.03,18.9,19.37,15.8900528103,175800,0.0000,1.0
2011-10-19,19.91,20.32,19.6,19.72,16.1771730211,146700,0.0000,1.0
2011-10-18,19.52,20.1,19.21,20.02,16.423276059,305700,0.0000,1.0
2011-10-17,20.42,20.59,19.43,19.52,16.0131043292,305500,0.0000,1.0
2011-10-14,20.08,20.55,19.95,20.51,16.8252443541,192600,0.0000,1.0
2011-10-13,20.01,20.02,19.47,19.94,16.3576485822,126300,0.0000,1.0
2011-10-12,20.08,20.27,19.9,20.09,16.4807001011,231800,0.0000,1.0
2011-10-11,19.84,20.13,19.69,19.94,16.3576485822,218600,0.0000,1.0
2011-10-10,19.51,20.04,19.5,20.04,16.4396829281,251700,0.0000,1.0
2011-10-07,19.75,19.91,18.88,19.1,15.6685600762,184200,0.0000,1.0
2011-10-06,19.18,19.75,19.08,19.72,16.1771730211,256000,0.0000,1.0
2011-10-05,18.99,19.58,18.66,19.27,15.8080184643,392000,0.0000,1.0
2011-10-04,17.54,19.0,17.51,18.91,15.5126948189,485700,0.1400,1.0
2011-10-03,18.89,19.36,17.84,17.85,14.5355171925,359000,0.0000,1.0
2011-09-30,19.41,19.94,19.06,19.06,15.5208379658,469800,0.0000,1.0
2011-09-29,19.44,19.77,19.17,19.76,16.0908582479,288700,0.0000,1.0
2011-09-28,19.9,20.02,19.0,19.02,15.4882653783,295900,0.0000,1.0
2011-09-27,19.58,20.37,19.38,19.91,16.2130054512,413600,0.0000,1.0
2011-09-26,18.84,19.19,18.35,19.18,15.6185557285,319000,0.0000,1.0
2011-09-23,18.07,18.76,17.8917,18.63,15.1706826497,297900,0.0000,1.0
2011-09-22,17.77,18.32,17.75,18.08,14.7228095709,392900,0.0000,1.0
2011-09-21,18.37,18.72,18.0,18.35,14.9426745369,448600,0.0000,1.0
2011-09-20,18.78,19.12,18.41,18.41,14.9915334182,282600,0.0000,1.0
2011-09-19,18.95,19.01,18.39,18.66,15.1951120904,271000,0.0000,1.0
2011-09-16,19.715,19.92,19.35,19.35,15.7569892255,337700,0.0000,1.0
2011-09-15,19.35,19.45,18.98,19.42,15.8139912537,236700,0.0000,1.0
2011-09-14,19.3,19.38,18.81,19.15,15.5941262878,498700,0.0000,1.0
2011-09-13,18.96,19.16,18.63,19.09,15.5452674065,548700,0.0000,1.0
2011-09-12,18.56,19.05,18.37,18.97,15.4475496438,421700,0.0000,1.0
2011-09-09,17.75,19.48,17.73,18.92,15.4068339094,903600,0.0000,1.0
2011-09-08,20.24,20.4,19.75,19.84,16.156003423,241500,0.0000,1.0
2011-09-07,19.77,20.36,19.61,20.33,16.5550176204,245800,0.0000,1.0
2011-09-06,18.8,19.49,18.8,19.45,15.8384206944,304400,0.0000,1.0
2011-09-02,19.59,19.97,19.24,19.48,15.862850135,325800,0.0000,1.0
2011-09-01,20.37,20.73,19.83,20.08,16.3514389482,332800,0.0000,1.0
2011-08-31,20.29,20.68,20.09,20.44,16.6445922362,333300,0.0000,1.0
2011-08-30,20.48,20.48,20.0,20.22,16.4654430047,337400,0.0000,1.0
2011-08-29,19.98,20.78,19.89,20.7,16.8563140552,238800,0.0000,1.0
2011-08-26,19.21,19.87,18.83,19.76,16.0908582479,169100,0.0000,1.0
2011-08-25,20.09,20.14,19.13,19.31,15.724416638,211600,0.0000,1.0
2011-08-24,19.52,20.01,19.31,20.0,16.2862937732,205600,0.0000,1.0
2011-08-23,18.76,19.62,18.46,19.61,15.9687110446,221300,0.0000,1.0
2011-08-22,18.99,19.02,18.37,18.66,15.1951120904,170600,0.0000,1.0
2011-08-19,18.38,19.1,18.37,18.56,15.1136806215,230400,0.0000,1.0
2011-08-18,18.67,18.82,18.39,18.66,15.1951120904,475400,0.0000,1.0
2011-08-17,19.52,19.6,19.06,19.35,15.7569892255,103600,0.0000,1.0
2011-08-16,19.31,19.54,19.03,19.37,15.7732755193,202400,0.0000,1.0
2011-08-15,19.37,19.61,19.25,19.61,15.9687110446,151500,0.0000,1.0
2011-08-12,19.29,19.31,18.73,19.21,15.6429851691,272900,0.0000,1.0
2011-08-11,18.6,19.46,18.27,19.16,15.6022694347,361900,0.0000,1.0
2011-08-10,18.9,19.26,18.4,18.44,15.0159628588,576000,0.0000,1.0
2011-08-09,17.64,19.36,17.33,19.36,15.7651323724,814300,0.0000,1.0
2011-08-08,19.79,20.72,17.29,17.29,14.0795009669,1769300,0.0000,1.0
2011-08-05,20.68,21.36,20.17,20.63,16.799312027,637500,0.0000,1.0
2011-08-04,20.93,21.25,20.48,20.48,16.6771648237,694700,0.0000,1.0
2011-08-03,21.51,21.7,20.89,21.25,17.304187134,586700,0.0000,1.0
2011-08-02,22.11,22.42,21.52,21.55,17.5484815406,371200,0.0000,1.0
2011-08-01,22.68,22.78,22.04,22.23,18.1022155289,240800,0.0000,1.0
2011-07-29,22.03,22.53,21.9,22.5,18.3220804948,297600,0.0000,1.0
2011-07-28,22.46,22.8,22.19,22.22,18.094072382,190100,0.0000,1.0
2011-07-27,22.8,22.85,22.32,22.5,18.3220804948,294100,0.0000,1.0
2011-07-26,23.21,23.38,22.87,22.89,18.6396632234,218800,0.0000,1.0
2011-07-25,23.44,23.57,23.17,23.19,18.88395763,188500,0.0000,1.0
2011-07-22,23.98,24.04,23.68,23.69,19.2911149743,242100,0.0000,1.0
2011-07-21,23.66,24.04,23.66,24.0,19.5435525278,195000,0.0000,1.0
2011-07-20,23.71,23.72,23.47,23.63,19.242256093,153300,0.0000,1.0
2011-07-19,23.33,23.72,23.32,23.71,19.3074012681,200400,0.0000,1.0
2011-07-18,23.28,23.4,23.05,23.15,18.8513850424,247800,0.0000,1.0
2011-07-15,23.3,23.5,23.21,23.37,19.0305342739,244200,0.0000,1.0
2011-07-14,23.71,23.8,23.2,23.25,18.9328165113,202200,0.0000,1.0
2011-07-13,23.6,23.8,23.51,23.72,19.315544415,252900,0.0000,1.0
2011-07-12,23.34,23.84,23.31,23.54,19.168967771,246200,0.0000,1.0
2011-07-11,23.41,23.51,23.18,23.35,19.0142479802,169400,0.0000,1.0
2011-07-08,23.44,23.61,23.4,23.6,19.2178266523,212700,0.0000,1.0
2011-07-07,23.64,23.89,23.48,23.66,19.2666855336,307500,0.0000,1.0
2011-07-06,23.45,23.54,23.28,23.5,19.1363951835,474600,0.0000,1.0
2011-07-05,23.53,23.59,23.25,23.49,19.1282520366,231600,0.1400,1.0
2011-07-01,23.38,23.68,23.36,23.59,19.0958724309,271900,0.0000,1.0
2011-06-30,23.47,23.55,23.28,23.34,18.8934998956,229700,0.0000,1.0
2011-06-29,23.23,23.57,23.04,23.46,18.9906387126,458700,0.0000,1.0
2011-06-28,23.04,23.18,22.87,23.16,18.7477916702,184600,0.0000,1.0
2011-06-27,22.85,23.08,22.76,23.01,18.626368149,173500,0.0000,1.0
2011-06-24,23.12,23.17,22.7,22.85,18.4968497264,213800,0.0000,1.0
2011-06-23,23.02,23.26,22.61,23.06,18.6668426561,248400,0.0000,1.0
2011-06-22,22.9,23.5,22.85,23.27,18.8368355857,376500,0.0000,1.0
2011-06-21,23.14,23.34,22.85,22.93,18.5616089377,340000,0.0000,1.0
2011-06-20,22.55,23.2,22.53,23.04,18.6506528533,399800,0.0000,1.0
2011-06-17,22.3,22.71,22.22,22.62,18.310666994,630900,0.0000,1.0
2011-06-16,22.22,22.65,22.0811,22.17,17.9463964304,386600,0.0000,1.0
2011-06-15,22.17,22.25,21.935,22.17,17.9463964304,333000,0.0000,1.0
2011-06-14,22.03,22.57,21.99,22.41,18.1406740643,219000,0.0000,1.0
2011-06-13,22.05,22.08,21.76,21.81,17.6549799796,169200,0.0000,1.0
2011-06-10,22.17,22.22,21.74,21.97,17.7844984022,412600,0.0000,1.0
2011-06-09,22.16,22.48,22.1,22.32,18.0678199516,294700,0.0000,1.0
2011-06-08,22.4,23.25,21.97,22.09,17.8816372191,445900,0.0000,1.0
2011-06-07,22.38,22.53,22.26,22.41,18.1406740643,280100,0.0000,1.0
2011-06-06,22.09,22.36,22.0,22.25,18.0111556417,355000,0.0000,1.0
2011-06-03,22.25,22.44,22.11,22.15,17.9302066276,217600,0.0000,1.0
2011-06-02,22.5,22.71,22.31,22.6,18.2944771911,283400,0.0000,1.0
2011-06-01,22.78,22.87,22.44,22.45,18.17305367,826700,0.0000,1.0
2011-05-31,22.73,22.87,22.68,22.78,18.4401854165,722800,0.0000,1.0
2011-05-27,23.36,23.36,22.42,22.49,18.2054332756,766200,0.0000,1.0
2011-05-26,22.44,22.78,22.41,22.6,18.2944771911,283200,0.0000,1.0
2011-05-25,22.61,22.8,22.51,22.55,18.2540026841,371400,0.0000,1.0
2011-05-24,22.99,23.04,22.66,22.69,18.3673313038,344900,0.0000,1.0
2011-05-23,22.92,23.17,22.84,22.96,18.585893642,386400,0.0000,1.0
2011-05-20,23.52,23.59,23.23,23.3,18.86112029,300900,0.0000,1.0
2011-05-19,23.87,23.91,23.39,23.65,19.1444418394,222200,0.0000,1.0
2011-05-18,23.62,23.79,23.53,23.75,19.2253908535,157100,0.0000,1.0
2011-05-17,23.56,23.8196,23.54,23.59,19.0958724309,184100,0.0000,1.0
2011-05-16,23.86,23.9776,23.5,23.69,19.176821445,267000,0.0000,1.0
2011-05-13,24.46,24.46,23.83,23.99,19.4196684874,294700,0.0000,1.0
2011-05-12,23.74,24.53,23.61,24.5,19.8325084594,317000,0.0000,1.0
2011-05-11,24.08,24.09,23.8,23.88,19.3306245719,203800,0.0000,1.0
2011-05-10,24.02,24.25,23.98,24.17,19.5653767128,165200,0.0000,1.0
2011-05-09,23.93,24.04,23.78,23.95,19.3872888818,203000,0.0000,1.0
2011-05-06,24.28,24.34,23.93,24.01,19.4358582902,224000,0.0000,1.0
2011-05-05,23.94,24.35,23.8,24.0,19.4277633888,301200,0.0000,1.0
2011-05-04,23.99,24.16,23.7,24.14,19.5410920086,471400,0.0000,1.0
2011-05-03,23.85,24.07,23.7401,23.94,19.3791939803,156000,0.0000,1.0
2011-05-02,24.44,24.44,23.83,23.91,19.3549092761,193000,0.0000,1.0
2011-04-29,24.41,24.41,24.16,24.32,19.686800234,124000,0.0000,1.0
2011-04-28,24.08,24.37,23.98,24.31,19.6787053326,126800,0.0000,1.0
2011-04-27,24.0,24.17,23.94,24.14,19.5410920086,222100,0.0000,1.0
2011-04-26,24.07,24.16,23.92,24.03,19.452048093,247500,0.0000,1.0
2011-04-25,24.06,24.15,23.98,24.05,19.4682378959,169900,0.0000,1.0
2011-04-21,24.44,24.44,24.08,24.12,19.5249022058,140000,0.0000,1.0
2011-04-20,24.53,24.58,24.07,24.27,19.6463257269,194200,0.0000,1.0
2011-04-19,24.24,24.3,23.99,24.15,19.54918691,168900,0.0000,1.0
2011-04-18,24.28,24.41,23.95,24.11,19.5168073043,142800,0.0000,1.0
2011-04-15,24.34,24.75,24.24,24.65,19.9539319806,166400,0.0000,1.0
2011-04-14,23.91,24.39,23.86,24.36,19.7191798396,215000,0.0000,1.0
2011-04-13,24.32,24.38,23.85,24.09,19.5006175015,224400,0.0000,1.0
2011-04-12,24.58,24.76,24.21,24.22,19.6058512199,171200,0.0000,1.0
2011-04-11,25.03,25.17,24.7,24.8,20.0753555018,111500,0.0000,1.0
2011-04-08,25.56,25.56,24.88,25.08,20.3020127413,169700,0.0000,1.0
2011-04-07,25.65,25.78,25.38,25.46,20.609618995,154100,0.0000,1.0
2011-04-06,25.69,25.98,25.5802,25.63,20.747232319,185000,0.0000,1.0
2011-04-05,25.32,25.76,25.18,25.61,20.7310425161,166100,0.1400,1.0
2011-04-04,25.38,25.63,25.29,25.55,20.5700247102,188900,0.0000,1.0
2011-04-01,25.52,25.59,25.21,25.37,20.4251086848,315700,0.0000,1.0
2011-03-31,25.45,25.52,25.28,25.39,20.4412104654,187800,0.0000,1.0
2011-03-30,25.27,25.61,25.26,25.42,20.4653631363,298200,0.0000,1.0
2011-03-29,25.18,25.41,25.04,25.26,20.3365488916,145200,0.0000,1.0
2011-03-28,25.43,25.5,25.19,25.21,20.2962944401,131000,0.0000,1.0
2011-03-25,25.36,25.72,25.11,25.39,20.4412104654,170400,0.0000,1.0
2011-03-24,25.36,25.4,25.15,25.22,20.3043453304,192100,0.0000,1.0
2011-03-23,25.05,25.3,24.79,25.21,20.2962944401,171900,0.0000,1.0
2011-03-22,25.21,25.45,25.14,25.17,20.2640908789,167700,0.0000,1.0
2011-03-21,24.86,25.19,24.75,25.18,20.2721417692,265800,0.0000,1.0
2011-03-18,24.42,24.7,24.09,24.61,19.8132410222,412900,0.0000,1.0
2011-03-17,24.62,24.66,24.17,24.24,19.5153580812,208900,0.0000,1.0
2011-03-16,24.54,24.61,24.21,24.24,19.5153580812,280000,0.0000,1.0
2011-03-15,24.05,24.88,23.93,24.69,19.8776481446,371200,0.0000,1.0
2011-03-14,23.9,24.91,22.8,24.81,19.9742588282,521400,0.0000,1.0
2011-03-11,24.64,24.85,24.4301,24.54,19.7568847901,431000,0.0000,1.0
2011-03-10,25.19,25.26,24.78,24.83,19.9903606088,441900,0.0000,1.0
2011-03-09,25.4,25.75,25.28,25.57,20.5861264908,320000,0.0000,1.0
2011-03-08,26.16,26.29,24.87,25.53,20.5539229296,713100,0.0000,1.0
2011-03-07,26.61,26.88,26.08,26.42,21.2704521661,231800,0.0000,1.0
2011-03-04,26.55,26.58,26.07,26.54,21.3670628496,210300,0.0000,1.0
2011-03-03,26.36,26.86,26.21,26.5,21.3348592885,318600,0.0000,1.0
2011-03-02,25.76,26.09,25.52,26.05,20.9725692251,198200,0.0000,1.0
2011-03-01,26.68,26.7,25.66,25.81,20.7793478579,214900,0.0000,1.0
2011-02-28,26.81,26.95,26.42,26.63,21.4395208623,114100,0.0000,1.0
2011-02-25,26.05,26.67,26.05,26.67,21.4717244235,150000,0.0000,1.0
2011-02-24,26.09,26.26,25.79,26.0,20.9323147736,237600,0.0000,1.0
2011-02-23,26.72,26.78,25.99,26.06,20.9806201154,234600,0.0000,1.0
2011-02-22,26.66,27.14,26.59,26.76,21.5441824362,246000,0.0000,1.0
2011-02-18,26.84,27.06,26.638,27.0,21.7374038033,136800,0.0000,1.0
2011-02-17,26.52,26.87,26.5,26.7,21.4958770944,108200,0.0000,1.0
2011-02-16,26.54,26.69,26.4,26.61,21.4234190817,84000,0.0000,1.0
2011-02-15,26.76,27.07,26.41,26.44,21.2865539467,222100,0.0000,1.0
2011-02-14,26.68,26.99,26.68,26.94,21.6890984615,95100,0.0000,1.0
2011-02-11,26.34,26.8,26.3,26.74,21.5280806556,112600,0.0000,1.0
2011-02-10,26.19,26.67,26.19,26.5,21.3348592885,155100,0.0000,1.0
2011-02-09,26.58,26.77,26.31,26.43,21.2785030564,111800,0.0000,1.0
2011-02-08,26.62,26.81,26.52,26.73,21.5200297653,166400,0.0000,1.0
2011-02-07,25.96,26.68,25.77,26.64,21.4475717526,195600,0.0000,1.0
2011-02-04,26.13,26.13,25.72,25.97,20.9081621027,130800,0.0000,1.0
2011-02-03,26.31,26.31,25.9,26.14,21.0450272377,129200,0.0000,1.0
2011-02-02,26.5,26.8,26.33,26.38,21.2382486049,133500,0.0000,1.0
2011-02-01,25.86,26.53,25.75,26.5,21.3348592885,197800,0.0000,1.0
2011-01-31,25.65,26.06,25.3,25.7,20.6907880647,227200,0.0000,1.0
2011-01-28,26.36,26.38,25.38,25.38,20.4331595751,230300,0.0000,1.0
2011-01-27,26.05,26.55,26.02,26.39,21.2462994952,170900,0.0000,1.0
2011-01-26,25.38,26.12,25.28,26.11,21.0208745669,257300,0.0000,1.0
2011-01-25,25.46,25.46,24.9,25.33,20.3929051236,337900,0.0000,1.0
2011-01-24,25.54,25.82,25.2,25.61,20.618330052,266400,0.0000,1.0
2011-01-21,25.76,25.79,25.46,25.59,20.6022282714,155300,0.0000,1.0
2011-01-20,25.81,25.99,25.58,25.62,20.6263809423,142900,0.0000,1.0
2011-01-19,26.5,26.69,25.8,25.87,20.8276531997,245200,0.0000,1.0
2011-01-18,26.42,26.5,26.25,26.47,21.3107066176,209200,0.0000,1.0
2011-01-14,26.25,26.51,26.0,26.51,21.3429101788,149600,0.0000,1.0
2011-01-13,26.3,26.3,26.08,26.24,21.1255361407,122100,0.0000,1.0
2011-01-12,26.3,26.38,26.16,26.27,21.1496888116,131500,0.0000,1.0
2011-01-11,25.99,26.18,25.82,26.04,20.9645183348,128100,0.0000,1.0
2011-01-10,25.65,26.04,25.28,25.84,20.8035005288,194100,0.0000,1.0
2011-01-07,26.25,26.37,25.52,25.79,20.7632460773,145000,0.0000,1.0
2011-01-06,26.47,26.5,26.04,26.2,21.0933325795,206700,0.0000,1.0
2011-01-05,26.03,26.5,25.94,26.5,21.3348592885,227700,0.0000,1.0
2011-01-04,26.62,26.62,25.68,26.08,20.996721896,227600,0.1400,1.0
2011-01-03,26.53,27.0,26.53,26.81,21.4691881781,277500,0.0000,1.0
2010-12-31,26.51,26.8,26.27,26.3,21.0607851207,154000,0.0000,1.0
2010-12-30,26.71,26.85,26.6,26.6,21.3010222133,81600,0.0000,1.0
2010-12-29,26.81,26.95,26.7,26.73,21.4051249534,130700,0.0000,1.0
2010-12-28,26.76,26.84,26.55,26.79,21.453172372,107300,0.0000,1.0
2010-12-27,26.44,26.88,26.44,26.76,21.4291486627,113000,0.0000,1.0
2010-12-23,26.65,26.8,26.46,26.57,21.276998504,129400,0.0000,1.0
2010-12-22,26.51,26.87,26.44,26.7,21.3811012442,236700,0.0000,1.0
2010-12-21,26.55,26.59,26.16,26.53,21.2449668917,175500,0.0000,1.0
2010-12-20,26.49,26.7,26.22,26.31,21.0687930238,303300,0.0000,1.0
2010-12-17,25.67,26.74,25.56,26.56,21.2689906009,735300,0.0000,1.0
2010-12-16,25.81,25.81,25.0,25.62,20.5162477107,484600,0.0000,1.0
2010-12-15,25.65,26.0,25.57,25.83,20.6844136755,505700,0.0000,1.0
2010-12-14,25.62,25.99,25.59,25.8,20.6603899663,299100,0.0000,1.0
2010-12-13,25.51,25.91,25.48,25.64,20.5322635169,486500,0.0000,1.0
2010-12-10,24.86,25.8,24.67,25.57,20.4762081953,600100,0.0000,1.0
2010-12-09,24.17,25.24,24.06,24.77,19.8355759482,750200,0.0000,1.0
2010-12-08,21.82,24.17,21.82,23.99,19.2109595074,1179800,0.0000,1.0
2010-12-07,22.44,23.23,21.5,21.83,17.4812524405,4552500,0.0000,1.0
2010-12-06,22.25,23.65,21.74,22.14,17.7294974362,1265000,0.0000,1.0
2010-12-03,23.43,23.5,22.18,22.32,17.8736396918,1189700,0.0000,1.0
2010-12-02,23.5,24.07,23.45,23.51,18.8265801592,1101500,0.0000,1.0
2010-12-01,23.45,23.76,23.21,23.32,18.6744300005,287400,0.0000,1.0
2010-11-30,23.2,23.21,22.66,23.03,18.442200811,276800,0.0000,1.0
2010-11-29,23.18,23.55,22.85,23.47,18.7945485468,175000,0.0000,1.0
2010-11-26,23.49,23.61,23.36,23.37,18.714469516,115900,0.0000,1.0
2010-11-24,23.55,23.7,23.42,23.67,18.9547066086,245700,0.0000,1.0
2010-11-23,23.36,23.46,23.015,23.4,18.7384932252,100300,0.0000,1.0
2010-11-22,23.43,23.69,23.15,23.62,18.9146670932,82500,0.0000,1.0
2010-11-19,23.47,23.71,23.44,23.55,18.8586117715,136500,0.0000,1.0
2010-11-18,23.29,23.66,23.26,23.58,18.8826354808,188300,0.0000,1.0
2010-11-17,23.47,23.51,22.92,23.04,18.4502087141,156500,0.0000,1.0
2010-11-16,23.56,23.75,23.28,23.43,18.7625169345,262500,0.0000,1.0
2010-11-15,23.84,24.07,23.72,23.82,19.0748251549,106200,0.0000,1.0
2010-11-12,23.76,24.16,23.51,23.74,19.0107619302,108900,0.0000,1.0
2010-11-11,23.93,24.25,23.87,24.04,19.2509990228,87800,0.0000,1.0
2010-11-10,23.94,24.494,23.72,24.25,19.4191649877,188300,0.0000,1.0
2010-11-09,23.9,24.25,23.71,23.9,19.1388883796,167000,0.0000,1.0
2010-11-08,23.81,24.15,23.5,23.9,19.1388883796,150700,0.0000,1.0
2010-11-05,23.91,24.15,23.78,23.92,19.1549041858,135500,0.0000,1.0
2010-11-04,23.77,24.0,23.62,23.87,19.1148646704,199600,0.0000,1.0
2010-11-03,23.14,23.54,23.0,23.38,18.7224774191,190300,0.0000,1.0
2010-11-02,22.72,23.15,22.58,23.15,18.538295648,205600,0.0000,1.0
2010-11-01,22.7,22.93,22.23,22.45,17.9777424319,166000,0.0000,1.0
2010-10-29,22.5,22.72,22.4,22.55,18.0578214628,153300,0.0000,1.0
2010-10-28,22.76,22.92,22.4,22.56,18.0658293659,123300,0.0000,1.0
2010-10-27,22.52,22.67,22.32,22.61,18.1058688813,136500,0.0000,1.0
2010-10-26,22.63,22.92,22.5,22.7,18.1779400091,111400,0.0000,1.0
2010-10-25,22.64,22.94,22.61,22.77,18.2339953307,136000,0.0000,1.0
2010-10-22,22.35,22.57,22.29,22.54,18.0498135597,119200,0.0000,1.0
2010-10-21,22.56,22.81,22.05,22.33,17.8816475948,166000,0.0000,1.0
2010-10-20,22.37,22.81,22.36,22.49,18.0097740442,150400,0.0000,1.0
2010-10-19,22.22,22.78,22.13,22.24,17.8095764671,200100,0.0000,1.0
2010-10-18,22.25,22.65,22.16,22.55,18.0578214628,366900,0.0000,1.0
2010-10-15,22.75,22.93,22.07,22.08,17.6814500177,372900,0.0000,1.0
2010-10-14,22.62,22.62,22.32,22.6,18.0978609782,174800,0.0000,1.0
2010-10-13,22.26,22.83,22.14,22.59,18.0898530751,174300,0.0000,1.0
2010-10-12,22.23,22.27,21.97,22.19,17.7695369516,114600,0.0000,1.0
2010-10-11,22.37,22.63,22.22,22.4,17.9377029165,119600,0.0000,1.0
2010-10-08,22.09,22.5,21.87,22.4,17.9377029165,182900,0.0000,1.0
2010-10-07,22.29,22.42,22.01,22.03,17.6414105022,154300,0.0000,1.0
2010-10-06,21.86,22.19,21.82,22.11,17.7054737269,268100,0.0000,1.0
2010-10-05,21.64,21.99,21.35,21.94,17.5693393744,312400,0.1350,1.0
2010-10-04,21.58,21.7,21.35,21.47,17.0878240711,401200,0.0000,1.0
2010-10-01,21.79,21.79,21.42,21.6,17.1912901693,324600,0.0000,1.0
2010-09-30,21.76,21.84,21.19,21.59,17.1833312387,360700,0.0000,1.0
2010-09-29,21.35,21.675,21.32,21.59,17.1833312387,241900,0.0000,1.0
2010-09-28,21.61,21.61,21.1,21.49,17.1037419323,329400,0.0000,1.0
2010-09-27,21.7,21.7,21.29,21.5,17.111700863,186600,0.0000,1.0
2010-09-24,21.8,21.8,21.405,21.65,17.2310848225,440800,0.0000,1.0
2010-09-23,21.6,21.83,21.41,21.46,17.0798651404,250000,0.0000,1.0
2010-09-22,21.71,21.95,21.68,21.79,17.3425098514,254300,0.0000,1.0
2010-09-21,21.86,22.0,21.81,21.84,17.3823045045,314300,0.0000,1.0
2010-09-20,21.58,21.94,21.33,21.92,17.4459759496,356000,0.0000,1.0
2010-09-17,21.68,21.71,21.14,21.57,17.1674133774,327000,0.0000,1.0
2010-09-16,21.8,21.82,21.18,21.51,17.1196597936,149700,0.0000,1.0
2010-09-15,21.81,22.0,21.54,21.9,17.4300580883,188900,0.0000,1.0
2010-09-14,21.86,22.01,21.71,21.87,17.4061812964,161200,0.0000,1.0
2010-09-13,21.75,22.01,21.69,21.95,17.4698527415,187100,0.0000,1.0
2010-09-10,21.47,21.77,21.23,21.58,17.175372308,174900,0.0000,1.0
2010-09-09,21.34,21.64,21.18,21.55,17.1514955161,216400,0.0000,1.0
2010-09-08,21.35,21.56,21.04,21.49,17.1037419323,401800,0.0000,1.0
2010-09-07,21.31,21.47,21.01,21.22,16.8888508052,323200,0.0000,1.0
2010-09-03,21.3,21.46,21.01,21.38,17.0161936954,253100,0.0000,1.0
2010-09-02,20.61,21.16,20.61,21.09,16.785384707,236100,0.0000,1.0
2010-09-01,19.99,20.86,19.79,20.8,16.5545757186,337200,0.0000,1.0
2010-08-31,19.85,20.07,19.54,19.61,15.6074629732,261800,0.0000,1.0
2010-08-30,20.1,20.26,19.84,19.86,15.806436239,251400,0.0000,1.0
2010-08-27,19.8,20.26,19.75,20.24,16.1088756031,272000,0.0000,1.0
2010-08-26,19.38,19.93,19.32,19.6,15.5995040425,349300,0.0000,1.0
2010-08-25,18.72,19.43,18.5601,19.38,15.4244075686,238600,0.0000,1.0
2010-08-24,18.91,19.14,18.71,18.81,14.9707485224,269600,0.0000,1.0
2010-08-23,19.59,19.64,19.08,19.08,15.1856396496,206000,0.0000,1.0
2010-08-20,19.37,19.5,19.02,19.41,15.4482843605,257600,0.0000,1.0
2010-08-19,20.37,20.47,19.36,19.52,15.5358325975,502900,0.0000,1.0
2010-08-18,20.73,21.0,20.5,20.78,16.5386578573,170900,0.0000,1.0
2010-08-17,20.63,21.05,20.45,20.75,16.5147810654,194800,0.0000,1.0
2010-08-16,19.98,20.43,19.98,20.36,16.2043827707,99100,0.0000,1.0
2010-08-13,20.2,20.44,20.0,20.15,16.0372452274,156900,0.0000,1.0
2010-08-12,19.75,20.35,19.75,20.31,16.1645881175,207000,0.0000,1.0
2010-08-11,20.67,20.74,20.09,20.16,16.045204158,231400,0.0000,1.0
2010-08-10,21.43,21.55,20.96,21.18,16.8570150827,137100,0.0000,1.0
2010-08-09,21.34,21.71,21.15,21.66,17.2390437531,157100,0.0000,1.0
2010-08-06,21.47,21.47,20.78,21.24,16.9047686665,128900,0.0000,1.0
2010-08-05,21.79,21.99,21.57,21.74,17.3027151982,93900,0.0000,1.0
2010-08-04,21.78,22.16,21.78,21.96,17.4778116721,90600,0.0000,1.0
2010-08-03,21.85,21.97,21.48,21.71,17.2788384063,137300,0.0000,1.0
2010-08-02,22.01,22.21,21.63,21.96,17.4778116721,122700,0.0000,1.0
2010-07-30,21.66,22.22,21.54,21.7,17.2708794757,138700,0.0000,1.0
2010-07-29,21.89,22.16,21.67,21.99,17.501688464,152700,0.0000,1.0
2010-07-28,22.05,22.22,21.58,21.64,17.2231258918,214600,0.0000,1.0
2010-07-27,22.1,22.25,21.95,22.15,17.6290313542,214000,0.0000,1.0
2010-07-26,21.41,21.99,21.37,21.99,17.501688464,206600,0.0000,1.0
2010-07-23,20.98,21.34,20.89,21.29,16.9445633197,367400,0.0000,1.0
2010-07-22,21.04,21.2,20.92,21.02,16.7296721925,328300,0.0000,1.0
2010-07-21,21.24,21.25,20.63,20.71,16.4829453429,162100,0.0000,1.0
2010-07-20,20.4,21.09,20.35,21.07,16.7694668457,247500,0.0000,1.0
2010-07-19,20.55,20.68,20.18,20.67,16.4511096204,148700,0.0000,1.0
2010-07-16,20.96,21.04,20.34,20.42,16.2521363545,303900,0.0000,1.0
2010-07-15,21.64,21.64,20.97,21.21,16.8808918746,406400,0.0000,1.0
2010-07-14,21.89,21.89,21.46,21.64,17.2231258918,154300,0.0000,1.0
2010-07-13,21.56,21.98,21.46,21.93,17.4539348802,181200,0.0000,1.0
2010-07-12,21.52,21.63,21.07,21.36,17.0002758341,120200,0.0000,1.0
2010-07-09,21.54,21.725,21.31,21.57,17.1674133774,217500,0.0000,1.0
2010-07-08,21.05,21.55,20.88,21.52,17.1276187242,330400,0.0000,1.0
2010-07-07,20.33,20.81,20.32,20.79,16.546616788,248500,0.0000,1.0
2010-07-06,20.96,21.0199,20.26,20.35,16.1964238401,316500,0.0000,1.0
2010-07-02,20.92,21.05,20.54,20.71,16.4829453429,146000,0.0000,1.0
2010-07-01,20.97,21.06,20.33,20.76,16.5227399961,308100,0.0000,1.0
2010-06-30,21.25,21.53,20.89,20.95,16.6739596781,238600,0.0000,1.0
2010-06-29,21.76,21.91,21.1,21.23,16.8968097359,221500,0.1350,1.0
2010-06-28,22.41,22.73,22.18,22.2,17.5571811905,202500,0.0000,1.0
2010-06-25,21.98,22.42,21.76,22.37,17.6916280735,915100,0.0000,1.0
2010-06-24,21.79,22.3,21.79,21.95,17.3594651861,326700,0.0000,1.0
2010-06-23,22.09,22.27,21.85,22.06,17.4464602281,211000,0.0000,1.0
2010-06-22,22.68,22.9,22.04,22.09,17.4701861486,148800,0.0000,1.0
2010-06-21,22.96,23.0,22.555,22.67,17.9288872788,298900,0.0000,1.0
2010-06-18,22.6,22.81,22.4,22.71,17.9605218395,394600,0.0000,1.0
2010-06-17,22.47,22.49,22.1,22.43,17.7390799146,133000,0.0000,1.0
2010-06-16,22.04,22.45,21.92,22.29,17.6283589521,306000,0.0000,1.0
2010-06-15,21.4,22.22,21.37,22.18,17.5413639102,265300,0.0000,1.0
2010-06-14,21.35,21.61,21.26,21.4,16.9244899765,331600,0.0000,1.0
2010-06-11,20.63,21.22,20.56,21.17,16.7425912524,186700,0.0000,1.0
2010-06-10,20.71,20.87,20.33,20.79,16.4420629257,340200,0.0000,1.0
2010-06-09,20.38,20.57,20.17,20.36,16.1019913982,320400,0.0000,1.0
2010-06-08,20.33,20.46,19.9,20.2,15.9754531554,1304800,0.0000,1.0
2010-06-07,20.52,20.72,20.1,20.3,16.0545395571,914800,0.0000,1.0
2010-06-04,21.34,21.69,20.44,20.52,16.228529641,746800,0.0000,1.0
2010-06-03,21.52,22.19,21.52,21.75,17.2012923826,529000,0.0000,1.0
2010-06-02,21.2,22.0,21.06,21.81,17.2487442237,233900,0.0000,1.0
2010-06-01,21.21,21.63,21.03,21.06,16.6555962105,301700,0.0000,1.0
2010-05-28,21.75,21.85,21.36,21.47,16.9798504577,480100,0.0000,1.0
2010-05-27,21.2,21.84,21.14,21.8,17.2408355835,511300,0.0000,1.0
2010-05-26,20.2,21.1,20.2,20.84,16.4816061266,364800,0.0000,1.0
2010-05-25,20.11,20.25,19.83,20.11,15.9042753938,237400,0.0000,1.0
2010-05-24,20.81,20.93,20.46,20.59,16.2838901222,165000,0.0000,1.0
2010-05-21,20.47,21.06,20.25,20.89,16.5211493275,354500,0.0000,1.0
2010-05-20,21.5,21.73,20.66,20.69,16.362976524,224600,0.0000,1.0
2010-05-19,22.2,22.6,21.82,21.94,17.351556546,148100,0.0000,1.0
2010-05-18,22.78,22.9,22.19,22.25,17.5967243914,139600,0.0000,1.0
2010-05-17,22.14,22.6,21.51,22.59,17.8656181574,242500,0.0000,1.0
2010-05-14,22.32,22.33,21.82,22.08,17.4622775084,117800,0.0000,1.0
2010-05-13,22.47,22.65,22.26,22.48,17.7786231155,154600,0.0000,1.0
2010-05-12,21.9,22.6,21.82,22.57,17.8498008771,146200,0.0000,1.0
2010-05-11,21.39,22.28,21.29,21.88,17.3041047049,166100,0.0000,1.0
2010-05-10,21.19,21.67,20.89,21.57,17.0589368595,240400,0.0000,1.0
2010-05-07,21.16,21.3,20.56,20.6,16.2917987624,360700,0.0000,1.0
2010-05-06,21.65,21.8075,20.9,21.18,16.7504998926,533500,0.0000,1.0
2010-05-05,21.85,22.22,21.68,21.72,17.1775664621,313800,0.0000,1.0
2010-05-04,21.81,21.81,21.45,21.73,17.1854751023,315900,0.0000,1.0
2010-05-03,21.63,22.04,21.44,22.03,17.4227343076,131000,0.0000,1.0
2010-04-30,21.98,22.05,21.47,21.49,16.9956677381,245300,0.0000,1.0
2010-04-29,21.99,22.14,21.65,22.0,17.399008387,185000,0.0000,1.0
2010-04-28,21.88,21.98,21.75,21.89,17.3120133451,224300,0.0000,1.0
2010-04-27,21.87,22.24,21.68,21.77,17.217109663,144100,0.0000,1.0
2010-04-26,21.74,22.05,21.72,21.9,17.3199219853,136400,0.0000,1.0
2010-04-23,21.71,21.92,21.69,21.78,17.2250183032,169600,0.0000,1.0
2010-04-22,21.48,21.87,21.42,21.76,17.2092010228,155600,0.0000,1.0
2010-04-21,21.56,21.71,21.45,21.63,17.1063887005,180000,0.0000,1.0
2010-04-20,21.48,21.64,21.4,21.59,17.0747541398,142300,0.0000,1.0
2010-04-19,21.28,21.5,21.05,21.45,16.9640331774,121100,0.0000,1.0
2010-04-16,21.42,21.59,21.22,21.36,16.8928554158,140600,0.0000,1.0
2010-04-15,21.33,21.59,21.31,21.5,17.0035763782,121400,0.0000,1.0
2010-04-14,21.34,21.43,21.08,21.39,16.9165813363,109900,0.0000,1.0
2010-04-13,20.85,21.26,20.85,21.19,16.7584085328,217400,0.0000,1.0
2010-04-12,20.88,21.03,20.595,20.91,16.5369666079,350400,0.0000,1.0
2010-04-09,20.68,20.85,20.26,20.81,16.4578802061,174200,0.0000,1.0
2010-04-08,20.84,20.84,20.55,20.68,16.3550678838,113100,0.0000,1.0
2010-04-07,20.78,20.92,20.71,20.87,16.5053320471,135100,0.0000,1.0
2010-04-06,20.9,20.94,20.78,20.86,16.497423407,94900,0.1350,1.0
2010-04-05,21.06,21.26,20.84,20.99,16.4934945136,183000,0.0000,1.0
2010-04-01,21.37,21.45,20.86,20.98,16.4856367268,223700,0.0000,1.0
2010-03-31,20.93,21.31,20.75,21.2,16.6585080366,472700,0.0000,1.0
2010-03-30,20.83,21.04,20.75,20.96,16.4699211531,436200,0.0000,1.0
2010-03-29,20.9,20.9725,20.55,20.75,16.3049076301,608300,0.0000,1.0
2010-03-26,20.86,21.22,20.82,20.92,16.4384900059,397300,0.0000,1.0
2010-03-25,20.97,21.09,20.76,20.86,16.391343285,426800,0.0000,1.0
2010-03-24,20.88,20.99,20.68,20.82,16.3599121378,297100,0.0000,1.0
2010-03-23,20.645,20.95,20.54,20.91,16.4306322191,198000,0.0000,1.0
2010-03-22,20.15,20.8,20.15,20.66,16.2341875488,227800,0.0000,1.0
2010-03-19,20.33,20.42,20.03,20.26,15.9198760765,443400,0.0000,1.0
2010-03-18,20.13,20.36,20.13,20.21,15.8805871424,234600,0.0000,1.0
2010-03-17,19.7,20.21,19.7,20.09,15.7862937007,209300,0.0000,1.0
2010-03-16,19.95,19.95,19.476,19.71,15.4876978019,360600,0.0000,1.0
2010-03-15,20.0,20.0,19.8,19.9,15.6369957513,218500,0.0000,1.0
2010-03-12,20.0,20.0,19.74,19.98,15.6998580458,229600,0.0000,1.0
2010-03-11,19.87,20.02,19.84,19.95,15.6762846854,180800,0.0000,1.0
2010-03-10,19.83,20.07,19.8,19.93,15.6605691117,161200,0.0000,1.0
2010-03-09,19.81,20.0,19.73,19.89,15.6291379645,307700,0.0000,1.0
2010-03-08,20.05,20.1296,19.76,19.93,15.6605691117,239100,0.0000,1.0
2010-03-05,19.82,20.1299,19.67,20.02,15.731289193,561100,0.0000,1.0
2010-03-04,19.77,19.81,19.46,19.75,15.5191289492,242500,0.0000,1.0
2010-03-03,19.68,19.92,19.55,19.67,15.4562666547,291800,0.0000,1.0
2010-03-02,20.6,20.6,19.21,19.7,15.4798400151,558000,0.0000,1.0
2010-03-01,20.73,21.21,20.6,21.16,16.6270768893,248800,0.0000,1.0
2010-02-26,20.74,20.8,20.41,20.48,16.0927473863,156200,0.0000,1.0
2010-02-25,20.46,20.81,20.46,20.76,16.3127654169,105100,0.0000,1.0
2010-02-24,20.66,20.97,20.61,20.75,16.3049076301,90900,0.0000,1.0
2010-02-23,20.67,20.8,20.38,20.56,16.1556096808,108300,0.0000,1.0
2010-02-22,20.76,20.86,20.54,20.75,16.3049076301,72000,0.0000,1.0
2010-02-19,20.37,20.75,20.22,20.65,16.226329762,159500,0.0000,1.0
2010-02-18,19.95,20.42,19.8101,20.37,16.0063117314,104600,0.0000,1.0
2010-02-17,19.9,19.93,19.63,19.92,15.6527113249,90600,0.0000,1.0
2010-02-16,19.96,19.98,19.73,19.88,15.6212801777,118800,0.0000,1.0
2010-02-12,19.45,19.79,19.44,19.79,15.5505600964,117700,0.0000,1.0
2010-02-11,19.25,19.63,18.98,19.61,15.4091199338,132700,0.0000,1.0
2010-02-10,19.24,19.4,18.96,19.34,15.19695969,116700,0.0000,1.0
2010-02-09,19.44,19.6,19.25,19.36,15.2126752636,956900,0.0000,1.0
2010-02-08,19.69,19.69,19.23,19.25,15.1262396087,94700,0.0000,1.0
2010-02-05,19.36,19.67,19.25,19.65,15.4405510811,167300,0.0000,1.0
2010-02-04,19.48,19.5485,19.13,19.37,15.2205330504,182000,0.0000,1.0
2010-02-03,19.4,19.79,19.38,19.55,15.361973213,89200,0.0000,1.0
2010-02-02,19.55,19.7,19.44,19.51,15.3305420657,132200,0.0000,1.0
2010-02-01,19.51,19.76,19.42,19.6,15.401262147,93500,0.0000,1.0
2010-01-29,19.55,19.9,19.4167,19.42,15.2598219844,135500,0.0000,1.0
2010-01-28,19.63,19.64,19.31,19.51,15.3305420657,138900,0.0000,1.0
2010-01-27,19.23,19.71,19.23,19.66,15.4484088679,127700,0.0000,1.0
2010-01-26,19.41,19.68,19.38,19.41,15.2519641976,128100,0.0000,1.0
2010-01-25,19.6,19.66,19.42,19.52,15.3383998525,112500,0.0000,1.0
2010-01-22,19.54,19.89,19.45,19.51,15.3305420657,125600,0.0000,1.0
2010-01-21,20.29,20.34,19.59,19.61,15.4091199338,230800,0.0000,1.0
2010-01-20,20.47,20.47,20.0,20.2,15.8727293556,135800,0.0000,1.0
2010-01-19,20.44,20.71,20.31,20.71,16.2734764829,148300,0.0000,1.0
2010-01-15,20.95,20.95,20.13,20.49,16.1006051731,166800,0.0000,1.0
2010-01-14,20.82,20.99,20.75,20.87,16.3992010719,241300,0.0000,1.0
2010-01-13,20.46,21.0219,20.41,20.96,16.4699211531,80800,0.0000,1.0
2010-01-12,20.98,21.16,20.81,20.94,16.4542055795,86700,0.0000,1.0
2010-01-11,21.25,21.3,21.14,21.17,16.6349346761,96900,0.0000,1.0
2010-01-08,21.12,21.26,21.01,21.22,16.6742236102,138000,0.0000,1.0
2010-01-07,20.89,21.24,20.64,21.24,16.6899391838,107100,0.0000,1.0
2010-01-06,20.91,21.24,20.89,20.97,16.4777789399,152100,0.0000,1.0
2010-01-05,21.12,21.2,20.75,20.97,16.4777789399,184100,0.1350,1.0
2010-01-04,20.96,21.33,20.95,21.26,16.5987955586,169300,0.0000,1.0
2009-12-31,20.93,21.12,20.62,20.66,16.1303441317,87200,0.0000,1.0
2009-12-30,20.98,21.35,20.86,21.0,16.3957999402,137100,0.0000,1.0
2009-12-29,21.4,21.65,21.03,21.09,16.4660676543,104900,0.0000,1.0
2009-12-28,21.14,21.41,21.1,21.37,16.6846783201,84800,0.0000,1.0
2009-12-24,21.0,21.16,20.96,21.14,16.5051052732,39300,0.0000,1.0
2009-12-23,20.93,21.09,20.66,21.0,16.3957999402,131100,0.0000,1.0
2009-12-22,20.94,21.08,20.78,20.81,16.2474569884,266100,0.0000,1.0
2009-12-21,20.38,21.155,20.23,20.96,16.3645698451,389600,0.0000,1.0
2009-12-18,19.02,20.25,19.02,20.23,15.7946206091,794700,0.0000,1.0
2009-12-17,19.32,19.8,18.72,18.95,14.7952575651,468900,0.0000,1.0
2009-12-16,20.18,20.3,19.75,19.98,15.5994325146,197500,0.0000,1.0
2009-12-15,20.09,20.25,20.04,20.09,15.6853152762,171000,0.0000,1.0
2009-12-14,19.97,20.23,19.78,20.2,15.7711980378,97400,0.0000,1.0
2009-12-11,19.97,20.035,19.55,19.88,15.5213572768,146400,0.0000,1.0
2009-12-10,19.8,20.1,19.65,19.82,15.4745121341,152100,0.0000,1.0
2009-12-09,19.95,20.13,19.6,19.72,15.3964368963,123900,0.0000,1.0
2009-12-08,20.6,20.82,19.87,20.0,15.6150475621,310400,0.0000,1.0
2009-12-07,19.66,21.35,19.65,20.85,16.2786870835,578500,0.0000,1.0
2009-12-04,19.48,19.99,19.28,19.72,15.3964368963,208100,0.0000,1.0
2009-12-03,19.22,19.55,19.01,19.06,14.8811403267,115800,0.0000,1.0
2009-12-02,18.61,19.23,18.58,19.21,14.9982531834,155000,0.0000,1.0
2009-12-01,18.65,18.77,18.36,18.63,14.5454168041,110000,0.0000,1.0
2009-11-30,18.56,18.6,17.94,18.43,14.3892663285,218900,0.0000,1.0
2009-11-27,18.53,18.88,18.47,18.53,14.4673415663,62600,0.0000,1.0
2009-11-25,19.21,19.369,19.018,19.09,14.9045628981,90200,0.0000,1.0
2009-11-24,19.24,19.34,18.86,19.18,14.9748306121,93400,0.0000,1.0
2009-11-23,19.07,19.56,19.07,19.34,15.0997509926,129100,0.0000,1.0
2009-11-20,18.92,18.96,18.7,18.8,14.6781447084,95400,0.0000,1.0
2009-11-19,19.35,19.42,18.81,19.02,14.8499102316,107800,0.0000,1.0
2009-11-18,19.69,19.92,19.37,19.51,15.2324788969,92700,0.0000,1.0
2009-11-17,19.5,19.9,19.44,19.78,15.443282039,101300,0.0000,1.0
2009-11-16,19.5,19.79,19.4599,19.62,15.3183616585,179000,0.0000,1.0
2009-11-13,19.12,19.5,18.82,19.38,15.1309810877,134800,0.0000,1.0
2009-11-12,19.35,19.5,18.97,19.0,14.834295184,115300,0.0000,1.0
2009-11-11,19.6,19.62,19.23,19.44,15.1778262304,98600,0.0000,1.0
2009-11-10,19.23,19.52,19.19,19.41,15.1544036591,146500,0.0000,1.0
2009-11-09,19.08,19.27,18.96,19.27,15.0450983261,100600,0.0000,1.0
2009-11-06,18.65,19.0,18.65,18.91,14.76402747,92400,0.0000,1.0
2009-11-05,18.53,18.9,18.49,18.86,14.7249898511,110400,0.0000,1.0
2009-11-04,18.88,18.97,18.35,18.35,14.3268061383,229500,0.0000,1.0
2009-11-03,18.41,18.79,18.31,18.77,14.6547221371,163800,0.0000,1.0
2009-11-02,18.83,18.84,18.22,18.57,14.4985716614,173000,0.0000,1.0
2009-10-30,19.19,19.19,18.67,18.78,14.6625296608,305500,0.0000,1.0
2009-10-29,19.21,19.312,18.87,19.27,15.0450983261,125100,0.0000,1.0
2009-10-28,19.4,19.65,18.94,18.98,14.8186801365,174500,0.0000,1.0
2009-10-27,19.43,19.6,19.14,19.42,15.1622111828,164600,0.0000,1.0
2009-10-26,19.45,19.75,18.93,19.33,15.0919434688,187900,0.0000,1.0
2009-10-23,19.79,19.85,19.4,19.48,15.2090563255,148500,0.0000,1.0
2009-10-22,19.76,19.925,19.28,19.79,15.4510895627,231100,0.0000,1.0
2009-10-21,20.28,20.75,19.74,19.8,15.4588970865,257500,0.0000,1.0
2009-10-20,20.79,20.79,20.35,20.39,15.9195409896,144100,0.0000,1.0
2009-10-19,20.4,20.84,20.25,20.7,16.1615742268,121400,0.0000,1.0
2009-10-16,20.36,20.39,19.7669,20.27,15.8258507042,152100,0.0000,1.0
2009-10-15,20.17,20.56,20.11,20.48,15.9898087036,140100,0.0000,1.0
2009-10-14,20.24,20.38,20.04,20.26,15.8180431804,145300,0.0000,1.0
2009-10-13,20.59,20.59,19.92,20.07,15.6697002286,122700,0.0000,1.0
2009-10-12,20.62,20.81,20.52,20.67,16.1381516555,61900,0.0000,1.0
2009-10-09,20.27,20.67,20.24,20.6,16.083498989,106800,0.0000,1.0
2009-10-08,20.08,20.55,20.05,20.28,15.833658228,165400,0.0000,1.0
2009-10-07,19.93,20.2,19.9,19.99,15.6072400384,80200,0.0000,1.0
2009-10-06,19.74,20.17,19.61,20.04,15.6462776573,187000,0.1300,1.0
2009-10-05,20.19,20.19,19.65,19.68,15.2661747295,196500,0.0000,1.0
2009-10-02,20.06,20.34,20.06,20.18,15.6540348599,87400,0.0000,1.0
2009-10-01,20.91,21.0,20.13,20.2,15.6695492651,160700,0.0000,1.0
2009-09-30,21.28,21.375,20.62,21.04,16.321154284,275300,0.0000,1.0
2009-09-29,21.11,21.56,20.9,21.33,16.5461131596,167800,0.0000,1.0
2009-09-28,20.3,21.34,20.3,21.11,16.3754547023,331700,0.0000,1.0
2009-09-25,20.12,20.45,20.08,20.26,15.7160924807,126500,0.0000,1.0
2009-09-24,20.42,20.61,19.77,20.29,15.7393640885,191500,0.0000,1.0
2009-09-23,20.68,20.925,20.31,20.4,15.8246933172,180600,0.0000,1.0
2009-09-22,21.05,21.05,20.63,20.71,16.065166598,155800,0.0000,1.0
2009-09-21,21.13,21.23,20.79,20.88,16.1970390423,241300,0.0000,1.0
2009-09-18,20.97,21.44,20.72,21.38,16.5848991726,429700,0.0000,1.0
2009-09-17,21.0,21.14,20.81,20.96,16.2590966632,112300,0.0000,1.0
2009-09-16,20.53,20.99,20.45,20.97,16.2668538658,85900,0.0000,1.0
2009-09-15,20.64,20.71,20.31,20.53,15.9255369511,167900,0.0000,1.0
2009-09-14,20.43,20.68,20.3,20.61,15.9875945719,113800,0.0000,1.0
2009-09-11,20.56,20.8,20.35,20.51,15.9100225459,131300,0.0000,1.0
2009-09-10,20.21,20.46,20.19,20.41,15.8324505198,116000,0.0000,1.0
2009-09-09,20.36,20.48,20.07,20.29,15.7393640885,200400,0.0000,1.0
2009-09-08,20.32,20.86,20.07,20.32,15.7626356964,389500,0.0000,1.0
2009-09-04,21.06,21.06,19.87,20.11,15.5997344416,459100,0.0000,1.0
2009-09-03,21.34,21.86,19.59,20.95,16.2513394606,648100,0.0000,1.0
2009-09-02,22.2,22.35,21.796,21.97,17.0425741264,180000,0.0000,1.0
2009-09-01,22.37,22.96,22.01,22.26,17.267533002,151045,0.0000,1.0
2009-08-31,22.49,22.7675,22.25,22.43,17.3994054463,196800,0.0000,1.0
2009-08-28,23.13,23.13,22.46,22.61,17.5390350932,113600,0.0000,1.0
2009-08-27,22.99,22.99,22.48,22.76,17.6553931323,67400,0.0000,1.0
2009-08-26,22.88,23.13,22.7,22.89,17.7562367662,95400,0.0000,1.0
2009-08-25,22.97,23.32,22.91,22.97,17.8182943871,141300,0.0000,1.0
2009-08-24,22.82,23.1,22.72,22.79,17.6786647402,133100,0.0000,1.0
2009-08-21,22.25,22.99,22.18,22.98,17.8260515897,234400,0.0000,1.0
2009-08-20,21.72,21.97,21.56,21.97,17.0425741264,69400,0.0000,1.0
2009-08-19,21.02,21.72,20.92,21.7,16.8331296561,95700,0.0000,1.0
2009-08-18,20.74,21.31,20.45,21.2,16.4452695257,125700,0.0000,1.0
2009-08-17,21.01,21.02,20.5001,20.59,15.9720801667,153600,0.0000,1.0
2009-08-14,21.74,22.09,21.0,21.37,16.57714197,153300,0.0000,1.0
2009-08-13,22.05,22.05,21.68,21.87,16.9650021004,74100,0.0000,1.0
2009-08-12,21.66,22.2,21.64,21.97,17.0425741264,161400,0.0000,1.0
2009-08-11,21.83,21.9499,21.25,21.59,16.7478004274,99800,0.0000,1.0
2009-08-10,21.84,22.13,21.8,22.0,17.0658457342,118500,0.0000,1.0
2009-08-07,21.39,22.36,21.35,22.0,17.0658457342,353700,0.0000,1.0
2009-08-06,21.36,21.51,20.74,21.06,16.3366686892,147900,0.0000,1.0
2009-08-05,21.53,21.91,21.05,21.34,16.5538703622,151700,0.0000,1.0
2009-08-04,21.29,22.0,21.29,21.75,16.8719156691,171200,0.0000,1.0
2009-08-03,21.31,21.49,20.84,21.49,16.6702284013,136200,0.0000,1.0
2009-07-31,20.97,21.26,20.85,21.07,16.3444258918,209800,0.0000,1.0
2009-07-30,20.56,21.0,20.48,20.95,16.2513394606,152600,0.0000,1.0
2009-07-29,20.41,20.62,20.29,20.39,15.8169361146,117800,0.0000,1.0
2009-07-28,20.35,20.85,20.23,20.63,16.0031089772,145100,0.0000,1.0
2009-07-27,20.82,20.82,20.14,20.51,15.9100225459,144400,0.0000,1.0
2009-07-24,20.69,20.98,20.52,20.79,16.1272242189,136400,0.0000,1.0
2009-07-23,19.84,20.94,19.55,20.91,16.2203106501,379700,0.0000,1.0
2009-07-22,19.27,20.0,19.21,19.76,15.3282323504,195500,0.0000,1.0
2009-07-21,19.29,19.43,18.92,19.41,15.0567302592,179600,0.0000,1.0
2009-07-20,18.95,19.07,18.8,19.04,14.7697137627,120200,0.0000,1.0
2009-07-17,18.79,18.96,18.525,18.91,14.6688701288,152200,0.0000,1.0
2009-07-16,18.29,18.77,18.22,18.74,14.5369976845,159700,0.0000,1.0
2009-07-15,17.81,18.45,17.8,18.43,14.2965244037,158400,0.0000,1.0
2009-07-14,17.28,17.75,17.06,17.66,13.699219803,163100,0.0000,1.0
2009-07-13,17.16,17.33,16.66,17.24,13.3734172936,286300,0.0000,1.0
2009-07-10,16.74,17.09,16.66,16.89,13.1019152023,201300,0.0000,1.0
2009-07-09,17.26,17.29,16.785,16.83,13.0553719867,120300,0.0000,1.0
2009-07-08,17.29,17.39,16.99,17.12,13.2803308623,199100,0.0000,1.0
2009-07-07,17.62,17.62,17.145,17.27,13.3966889014,101200,0.0000,1.0
2009-07-06,17.57,17.74,17.41,17.56,13.621647777,106700,0.0000,1.0
2009-07-02,18.37,18.37,17.77,17.95,13.9241786786,174400,0.0000,1.0
2009-07-01,18.39,18.66,17.9801,18.6,14.428396848,239400,0.0000,1.0
2009-06-30,18.11,18.3,17.96,18.07,14.0172651099,223600,0.1300,1.0
2009-06-29,17.8,18.4,17.75,18.14,13.9710543458,224000,0.0000,1.0
2009-06-26,17.44,18.01,17.27,17.96,13.8324220535,844500,0.0000,1.0
2009-06-25,17.12,17.52,17.0,17.49,13.4704377347,211500,0.0000,1.0
2009-06-24,17.0,17.3,16.75,17.2,13.2470857083,210000,0.0000,1.0
2009-06-23,17.06,17.07,16.67,16.83,12.9621193297,265800,0.0000,1.0
2009-06-22,17.27,17.27,16.84,16.99,13.0853480339,323600,0.0000,1.0
2009-06-19,17.97,18.46,17.44,17.45,13.4396305587,322900,0.0000,1.0
2009-06-18,17.87,17.89,17.51,17.79,13.7014915552,153300,0.0000,1.0
2009-06-17,17.88,18.21,17.72,17.95,13.8247202595,117600,0.0000,1.0
2009-06-16,18.13,18.22,17.76,17.82,13.7245969373,128800,0.0000,1.0
2009-06-15,18.33,18.38,17.79,18.15,13.9787561398,173000,0.0000,1.0
2009-06-12,18.44,18.59,18.2901,18.5,14.2483189304,166600,0.0000,1.0
2009-06-11,18.81,18.98,18.5,18.53,14.2714243124,198800,0.0000,1.0
2009-06-10,19.0,19.02,18.44,18.73,14.4254601928,351600,0.0000,1.0
2009-06-09,19.16,19.32,18.71,18.8,14.4793727509,192300,0.0000,1.0
2009-06-08,18.88,19.4,18.72,19.12,14.7258301594,343500,0.0000,1.0
2009-06-05,18.42,19.68,18.42,19.12,14.7258301594,932500,0.0000,1.0
2009-06-04,17.49,17.62,17.13,17.52,13.4935431168,268600,0.0000,1.0
2009-06-03,17.19,17.35,17.02,17.29,13.3164018544,177700,0.0000,1.0
2009-06-02,16.85,17.3,16.81,17.2,13.2470857083,192600,0.0000,1.0
2009-06-01,16.41,17.08,16.41,16.85,12.9775229177,282500,0.0000,1.0
2009-05-29,16.16,16.18,15.88,16.18,12.4615027186,307800,0.0000,1.0
2009-05-28,16.39,16.62,15.9,16.06,12.3690811904,197800,0.0000,1.0
2009-05-27,16.65,16.7499,16.2,16.24,12.5077134827,120100,0.0000,1.0
2009-05-26,15.92,16.84,15.92,16.7,12.8619960074,270100,0.0000,1.0
2009-05-22,16.14,16.18,15.86,16.02,12.3382740143,203800,0.0000,1.0
2009-05-21,15.91,16.1,15.75,16.04,12.3536776024,215200,0.0000,1.0
2009-05-20,16.16,16.46,15.92,16.01,12.3305722203,278000,0.0000,1.0
2009-05-19,16.29,16.5,15.9,16.09,12.3921865724,254100,0.0000,1.0
2009-05-18,16.57,16.63,16.37,16.48,12.6925565391,185700,0.0000,1.0
2009-05-15,16.59,16.66,16.2125,16.42,12.646345775,357500,0.0000,1.0
2009-05-14,16.23,16.79,16.21,16.61,12.7926798613,353300,0.0000,1.0
2009-05-13,16.46,16.56,16.12,16.32,12.5693278348,446100,0.0000,1.0
2009-05-12,16.76,16.95,16.24,16.76,12.9082067715,293100,0.0000,1.0
2009-05-11,16.71,16.87,16.38,16.67,12.8388906254,181000,0.0000,1.0
2009-05-08,17.21,17.25,16.65,16.91,13.0237336818,246300,0.0000,1.0
2009-05-07,17.49,17.55,16.6,16.74,12.8928031835,198000,0.0000,1.0
2009-05-06,17.22,17.4,16.9,17.32,13.3395072365,174800,0.0000,1.0
2009-05-05,17.3,17.42,16.93,17.15,13.2085767382,269700,0.0000,1.0
2009-05-04,17.68,17.76,16.98,17.43,13.4242269706,208700,0.0000,1.0
2009-05-01,17.46,17.79,17.4,17.59,13.5474556749,203100,0.0000,1.0
2009-04-30,17.87,18.1,17.51,17.52,13.4935431168,329600,0.0000,1.0
2009-04-29,17.11,17.89,17.1,17.75,13.6706843792,183200,0.0000,1.0
2009-04-28,16.93,17.48,16.84,17.22,13.2624892963,146100,0.0000,1.0
2009-04-27,17.16,17.41,16.86,17.06,13.139260592,236600,0.0000,1.0
2009-04-24,17.06,17.7225,16.9,17.45,13.4396305587,253900,0.0000,1.0
2009-04-23,17.3,17.3,16.57,16.93,13.0391372698,166600,0.0000,1.0
2009-04-22,16.98,17.64,16.77,17.3,13.3241036484,356000,0.0000,1.0
2009-04-21,16.72,17.3,16.72,17.22,13.2624892963,177800,0.0000,1.0
2009-04-20,17.41,17.42,16.8,16.88,13.0006282997,224200,0.0000,1.0
2009-04-17,17.58,17.95,17.38,17.87,13.7631059074,358900,0.0000,1.0
2009-04-16,17.43,17.74,17.15,17.59,13.5474556749,250600,0.0000,1.0
2009-04-15,16.87,17.48,16.75,17.34,13.3549108245,186500,0.0000,1.0
2009-04-14,17.1,17.27,16.7,16.95,13.0545408579,229400,0.0000,1.0
2009-04-13,17.15,17.39,16.95,17.37,13.3780162065,246700,0.0000,1.0
2009-04-09,17.01,17.56,16.81,17.42,13.4165251766,436000,0.0000,1.0
2009-04-08,16.73,16.82,16.24,16.7,12.8619960074,538300,0.0000,1.0
2009-04-07,16.8,17.08,16.56,16.56,12.7541708912,681500,0.1300,1.0
2009-04-06,16.72,17.29,16.72,17.11,13.0751266596,586000,0.0000,1.0
2009-04-03,16.28,16.85,16.22,16.81,12.8458725393,410200,0.0000,1.0
2009-04-02,16.08,16.4,15.61,16.27,12.4332151228,504800,0.0000,1.0
2009-04-01,16.1,16.1,15.49,15.75,12.0358413144,401200,0.0000,1.0
2009-03-31,16.31,16.82,16.13,16.4,12.5325585749,314000,0.0000,1.0
2009-03-30,16.3,16.46,15.81,16.14,12.3338716707,289100,0.0000,1.0
2009-03-27,16.75,17.06,16.33,16.37,12.5096331629,211000,0.0000,1.0
2009-03-26,16.99,17.16,16.6,17.03,13.0139922275,405000,0.0000,1.0
2009-03-25,16.56,17.09,16.13,16.8,12.8382307353,289300,0.0000,1.0
2009-03-24,16.98,17.1,16.35,16.38,12.5172749669,287400,0.0000,1.0
2009-03-23,16.54,17.22,15.93,17.22,13.1591865037,421200,0.0000,1.0
2009-03-20,16.47,16.71,16.01,16.09,12.2956626507,419600,0.0000,1.0
2009-03-19,16.3,16.56,16.16,16.34,12.4867077509,441900,0.0000,1.0
2009-03-18,16.01,16.32,15.72,16.15,12.3415134747,624300,0.0000,1.0
2009-03-17,15.72,16.09,15.5,16.04,12.2574536306,530400,0.0000,1.0
2009-03-16,15.64,16.19,15.46,15.53,11.8677216262,581900,0.0000,1.0
2009-03-13,15.65,15.68,15.33,15.53,11.8677216262,420000,0.0000,1.0
2009-03-12,14.8,15.74,14.76,15.62,11.9364978622,517600,0.0000,1.0
2009-03-11,15.01,15.05,14.64,14.92,11.4015715816,488300,0.0000,1.0
2009-03-10,13.89,14.99,13.81,14.86,11.3557207575,766200,0.0000,1.0
2009-03-09,13.37,14.15,13.37,13.51,10.3240772163,429800,0.0000,1.0
2009-03-06,13.25,13.71,13.15,13.48,10.3011518043,474600,0.0000,1.0
2009-03-05,13.67,13.89,13.0,13.13,10.033688664,627500,0.0000,1.0
2009-03-04,14.82,14.98,13.96,14.08,10.7596600448,955100,0.0000,1.0
2009-03-03,12.19,14.98,11.97,14.59,11.1493920493,2040200,0.0000,1.0
2009-03-02,11.9,12.15,11.78,11.79,9.00968692674,473800,0.0000,1.0
2009-02-27,11.95,12.47,11.94,12.23,9.34592630314,454100,0.0000,1.0
2009-02-26,12.4,12.42,12.063,12.18,9.3077172831,426900,0.0000,1.0
2009-02-25,12.38,12.57,12.15,12.27,9.37649351918,290000,0.0000,1.0
2009-02-24,12.45,12.63,12.17,12.52,9.56753861941,362500,0.0000,1.0
2009-02-23,12.37,12.59,12.22,12.28,9.38413532319,430800,0.0000,1.0
2009-02-20,12.3,12.33,11.64,12.3,9.39941893121,786700,0.0000,1.0
2009-02-19,12.71,12.86,12.48,12.48,9.53697140337,377400,0.0000,1.0
2009-02-18,12.5,12.72,12.06,12.58,9.61338944346,494600,0.0000,1.0
2009-02-17,12.76,12.8,12.37,12.46,9.52168779535,536000,0.0000,1.0
2009-02-13,13.29,13.68,13.12,13.17,10.06425588,377200,0.0000,1.0
2009-02-12,13.43,13.43,12.91,13.24,10.1177485081,430200,0.0000,1.0
2009-02-11,13.79,13.8,13.32,13.49,10.3087936083,796800,0.0000,1.0
2009-02-10,14.56,14.76,13.6,13.67,10.4463460805,467600,0.0000,1.0
2009-02-09,14.94,15.04,14.55,14.59,11.1493920493,210500,0.0000,1.0
2009-02-06,14.18,15.09,14.18,15.05,11.5009150337,365700,0.0000,1.0
2009-02-05,14.26,14.65,14.04,14.24,10.881928909,302300,0.0000,1.0
2009-02-04,14.69,15.1,14.18,14.33,10.9507051451,331800,0.0000,1.0
2009-02-03,15.03,15.03,14.38,14.64,11.1876010693,368100,0.0000,1.0
2009-02-02,14.82,15.02,14.41,14.94,11.4168551896,492300,0.0000,1.0
2009-01-30,15.8,15.91,14.79,14.85,11.3480789535,598100,0.0000,1.0
2009-01-29,16.35,16.35,15.59,15.63,11.9441396662,165200,0.0000,1.0
2009-01-28,16.39,16.72,16.0,16.5,12.608976615,230400,0.0000,1.0
2009-01-27,15.97,16.14,15.66,15.97,12.2039610026,283100,0.0000,1.0
2009-01-26,16.3,16.86,15.54,15.98,12.2116028066,440600,0.0000,1.0
2009-01-23,15.93,16.31,15.72,16.3,12.4561405349,477600,0.0000,1.0
2009-01-22,16.7,17.0,16.08,16.39,12.5249167709,343400,0.0000,1.0
2009-01-21,16.65,17.08,15.66,17.06,13.0369176395,592200,0.0000,1.0
2009-01-20,17.67,17.67,16.38,16.45,12.570767595,489500,0.0000,1.0
2009-01-16,18.12,18.15,17.17,17.85,13.6406201563,379000,0.0000,1.0
2009-01-15,17.04,18.1,16.81,17.97,13.7323218044,337900,0.0000,1.0
2009-01-14,18.0,18.01,17.06,17.08,13.0522012476,355100,0.0000,1.0
2009-01-13,17.93,18.31,17.66,18.01,13.7628890204,332300,0.0000,1.0
2009-01-12,18.07,18.2599,17.8,17.9,13.6788291763,275900,0.0000,1.0
2009-01-09,19.11,19.11,17.99,18.05,13.7934562364,380700,0.0000,1.0
2009-01-08,18.39,19.13,18.19,19.1,14.5958456574,455400,0.0000,1.0
2009-01-07,18.54,18.9455,18.29,18.49,14.1296956128,370300,0.0000,1.0
2009-01-06,18.74,19.2,18.47,18.91,14.4506513812,295800,0.1300,1.0
2009-01-05,18.85,19.0,18.45,18.88,14.329217336,287300,0.0000,1.0
2009-01-02,18.71,19.19,18.64,18.87,14.3216277082,171400,0.0000,1.0
2008-12-31,18.35,19.66,18.19,19.05,14.4582410091,374100,0.0000,1.0
2008-12-30,17.96,18.33,17.86,18.25,13.851070783,247300,0.0000,1.0
2008-12-29,18.16,18.16,17.55,17.79,13.5019479029,164400,0.0000,1.0
2008-12-26,18.09,18.35,17.77,18.12,13.7524056212,133300,0.0000,1.0
2008-12-24,18.14,18.57,17.78,18.04,13.6916885986,204000,0.0000,1.0
2008-12-23,18.03,18.48,17.43,18.04,13.6916885986,311300,0.0000,1.0
2008-12-22,18.06,18.19,17.15,17.85,13.5474856699,317800,0.0000,1.0
2008-12-19,18.12,18.66,17.62,17.94,13.6157923203,648500,0.0000,1.0
2008-12-18,17.95,18.23,17.23,17.83,13.5323064143,322800,0.0000,1.0
2008-12-17,17.65,18.28,17.04,17.89,13.5778441812,343600,0.0000,1.0
2008-12-16,16.77,18.04,15.85,18.0,13.6613300873,442200,0.0000,1.0
2008-12-15,17.92,18.14,16.85,17.12,12.9934428386,355200,0.0000,1.0
2008-12-12,17.41,18.3,16.94,17.72,13.4488205082,397900,0.0000,1.0
2008-12-11,17.97,18.54,17.56,17.81,13.5171271586,301800,0.0000,1.0
2008-12-10,17.97,18.54,17.81,18.32,13.9041981777,301400,0.0000,1.0
2008-12-09,18.47,19.12,17.44,17.74,13.4639997638,404600,0.0000,1.0
2008-12-08,18.55,18.95,18.13,18.57,14.0939388734,435000,0.0000,1.0
2008-12-05,16.42,18.22,15.57,18.11,13.7448159934,526800,0.0000,1.0
2008-12-04,16.74,17.56,15.97,16.39,12.4394000073,272400,0.0000,1.0
2008-12-03,16.18,17.24,16.0,16.98,12.887188049,402200,0.0000,1.0
2008-12-02,15.46,16.51,15.15,16.51,12.5304755412,300200,0.0000,1.0
2008-12-01,16.49,16.57,15.15,15.24,11.5665928072,281400,0.0000,1.0
2008-11-28,16.6,16.87,16.53,16.87,12.8037021429,151500,0.0000,1.0
2008-11-26,15.63,16.96,15.46,16.75,12.712626609,279000,0.0000,1.0
2008-11-25,15.89,15.94,15.26,15.91,12.0750978716,220900,0.0000,1.0
2008-11-24,14.65,16.01,14.32,15.73,11.9384845707,285300,0.0000,1.0
2008-11-21,13.64,14.52,12.83,14.43,10.9518329533,370200,0.0000,1.0
2008-11-20,13.7,14.4,13.4,13.42,10.1852805429,331300,0.0000,1.0
2008-11-19,14.32,14.55,13.73,13.8,10.4736864003,287100,0.0000,1.0
2008-11-18,14.6,15.35,13.74,14.33,10.8759366751,206200,0.0000,1.0
2008-11-17,14.41,15.24,14.06,14.59,11.0732669985,127300,0.0000,1.0
2008-11-14,15.48,15.98,14.48,14.5,11.0049603481,237200,0.0000,1.0
2008-11-13,14.2,15.74,13.5,15.69,11.9081260594,238700,0.0000,1.0
2008-11-12,14.81,14.99,14.07,14.09,10.6937856072,151500,0.0000,1.0
2008-11-11,15.26,15.56,14.88,14.99,11.3768521116,149300,0.0000,1.0
2008-11-10,16.14,16.19,15.15,15.45,11.7259749916,137300,0.0000,1.0
2008-11-07,15.31,15.94,15.1,15.77,11.968843082,191700,0.0000,1.0
2008-11-06,15.48,15.81,15.16,15.16,11.5058757846,181100,0.0000,1.0
2008-11-05,16.29,16.58,15.56,15.58,11.8246401533,171200,0.0000,1.0
2008-11-04,16.95,17.24,16.2,16.5,12.5228859134,228400,0.0000,1.0
2008-11-03,16.32,16.99,16.1,16.68,12.6594992142,255100,0.0000,1.0
2008-10-31,15.05,16.4,14.7,16.33,12.3938622403,338000,0.0000,1.0
2008-10-30,14.86,15.3,14.64,15.19,11.5286446681,156000,0.0000,1.0
2008-10-29,14.34,15.08,14.13,14.55,11.0429084872,327700,0.0000,1.0
2008-10-28,13.5,14.32,13.15,14.3,10.8531677916,361700,0.0000,1.0
2008-10-27,13.92,14.02,13.28,13.28,10.0790257533,374300,0.0000,1.0
2008-10-24,13.85,14.97,13.73,14.11,10.7089648629,490400,0.0000,1.0
2008-10-23,15.06,15.35,13.83,14.61,11.0884462542,376000,0.0000,1.0
2008-10-22,14.85,15.48,14.55,15.0,11.3844417394,453700,0.0000,1.0
2008-10-21,14.88,15.45,14.63,15.2,11.5362342959,416100,0.0000,1.0
2008-10-20,14.96,15.13,14.55,15.13,11.4831069012,319500,0.0000,1.0
2008-10-17,15.05,15.78,14.59,14.64,11.1112151377,573300,0.0000,1.0
2008-10-16,14.03,15.52,13.4,15.34,11.6424890855,646100,0.0000,1.0
2008-10-15,15.15,15.16,13.89,13.89,10.5419930507,570900,0.0000,1.0
2008-10-14,15.31,15.93,14.37,15.33,11.6348994577,734200,0.0000,1.0
2008-10-13,15.11,15.23,14.45,15.05,11.4223898785,645500,0.0000,1.0
2008-10-10,13.1,15.19,12.0,14.35,10.8911159307,814200,0.0000,1.0
2008-10-09,16.68,16.92,14.29,14.48,10.9897810924,1137900,0.0000,1.0
2008-10-08,17.65,17.97,16.33,16.5,12.5228859134,910600,0.0000,1.0
2008-10-07,19.8,19.92,18.14,18.15,13.7751745047,475900,0.1250,1.0
2008-10-06,20.14,20.95,18.65,19.57,14.7513086214,503500,0.0000,1.0
2008-10-03,20.81,21.52,20.49,20.58,15.5126178554,285200,0.0000,1.0
2008-10-02,21.15,21.59,20.65,20.76,15.6482967287,226900,0.0000,1.0
2008-10-01,21.66,21.8701,21.17,21.49,16.1985499374,224700,0.0000,1.0
2008-09-30,21.22,21.84,20.9,21.84,16.4623699689,280000,0.0000,1.0
2008-09-29,21.06,21.99,20.9,20.96,15.7990510325,358700,0.0000,1.0
2008-09-26,21.13,21.71,21.0,21.37,16.1080973551,123100,0.0000,1.0
2008-09-25,21.2,21.6,21.0,21.45,16.1683990766,231500,0.0000,1.0
2008-09-24,22.07,22.25,21.16,21.19,15.9724184818,252800,0.0000,1.0
2008-09-23,22.12,22.67,21.97,22.07,16.6357374183,422500,0.0000,1.0
2008-09-22,22.03,23.08,22.03,22.07,16.6357374183,346500,0.0000,1.0
2008-09-19,23.01,24.36,22.1501,22.35,16.8467934435,989800,0.0000,1.0
2008-09-18,21.03,22.18,20.33,21.92,16.5226716904,778200,0.0000,1.0
2008-09-17,21.05,21.09,20.25,20.57,15.5050801402,560900,0.0000,1.0
2008-09-16,21.09,21.44,20.6,21.24,16.0101070577,667800,0.0000,1.0
2008-09-15,21.04,22.24,21.04,21.5,16.2060876526,411700,0.0000,1.0
2008-09-12,21.37,21.75,21.0,21.75,16.3945305323,376700,0.0000,1.0
2008-09-11,21.08,21.63,20.9,21.5,16.2060876526,453400,0.0000,1.0
2008-09-10,21.01,21.38,20.84,21.14,15.9347299058,438100,0.0000,1.0
2008-09-09,21.15,21.66,20.69,20.69,15.5955327224,453200,0.0000,1.0
2008-09-08,21.75,21.75,20.63,21.15,15.942267621,661500,0.0000,1.0
2008-09-05,23.75,23.75,20.05,21.12,15.9196544755,1296500,0.0000,1.0
2008-09-04,27.4,27.4,25.92,25.93,19.5452954805,433000,0.0000,1.0
2008-09-03,26.24,27.47,25.76,27.39,20.6458018979,533100,0.0000,1.0
2008-09-02,26.29,27.13,25.68,26.17,19.726200645,426300,0.0000,1.0
2008-08-29,27.0,27.0,26.17,26.28,19.8091155121,189700,0.0000,1.0
2008-08-28,26.0,27.02,26.0,27.02,20.3669064359,223000,0.0000,1.0
2008-08-27,25.75,26.43,25.75,26.0,19.5980594868,246800,0.0000,1.0
2008-08-26,25.58,25.85,25.22,25.7,19.3719280312,131600,0.0000,1.0
2008-08-25,25.97,25.99,25.4,25.56,19.2664000186,149600,0.0000,1.0
2008-08-22,24.74,26.12,24.74,26.05,19.6357480628,279900,0.0000,1.0
2008-08-21,24.8,25.14,24.65,24.66,18.5880056518,122900,0.0000,1.0
2008-08-20,25.09,25.47,24.69,25.01,18.8518256833,169000,0.0000,1.0
2008-08-19,25.41,25.51,24.77,24.95,18.8065993922,153300,0.0000,1.0
2008-08-18,25.63,26.41,25.34,25.64,19.3267017401,206200,0.0000,1.0
2008-08-15,25.96,26.16,25.12,25.58,19.281475449,189600,0.0000,1.0
2008-08-14,24.94,25.67,24.8,25.63,19.3191640249,287900,0.0000,1.0
2008-08-13,25.12,25.37,24.71,25.24,19.0251931326,169700,0.0000,1.0
2008-08-12,25.65,25.67,25.1,25.17,18.9724291263,282600,0.0000,1.0
2008-08-11,24.9,26.17,24.81,25.76,19.4171543223,276700,0.0000,1.0
2008-08-08,24.27,25.1,24.18,24.93,18.7915239618,188300,0.0000,1.0
2008-08-07,24.22,24.34,23.8,24.29,18.3091101898,200700,0.0000,1.0
2008-08-06,24.27,24.49,23.94,24.42,18.4071004873,195600,0.0000,1.0
2008-08-05,23.9,24.49,23.72,24.43,18.4146382024,252600,0.0000,1.0
2008-08-04,24.15,24.18,23.52,23.61,17.7965455571,178000,0.0000,1.0
2008-08-01,23.95,24.42,23.66,24.24,18.2714216139,107600,0.0000,1.0
2008-07-31,23.82,24.38,23.75,23.93,18.0377524431,199800,0.0000,1.0
2008-07-30,24.08,24.484,23.5,24.14,18.196044462,208500,0.0000,1.0
2008-07-29,23.55,24.23,23.3,24.02,18.1055918798,247100,0.0000,1.0
2008-07-28,23.49,23.75,23.18,23.5,17.71363069,259300,0.0000,1.0
2008-07-25,23.74,23.99,23.33,23.6,17.7890078419,237300,0.0000,1.0
2008-07-24,23.8,23.91,23.1,23.48,17.6985552597,318900,0.0000,1.0
2008-07-23,22.88,23.71,22.88,23.64,17.8191587027,257200,0.0000,1.0
2008-07-22,21.81,22.98,21.637,22.95,17.2990563547,409300,0.0000,1.0
2008-07-21,22.08,22.17,21.37,22.0,16.5829734119,266500,0.0000,1.0
2008-07-18,22.67,22.67,21.91,21.96,16.5528225512,391000,0.0000,1.0
2008-07-17,22.52,22.69,21.83,22.64,17.0653871839,237000,0.0000,1.0
2008-07-16,21.85,22.46,21.49,22.44,16.9146328802,233000,0.0000,1.0
2008-07-15,21.02,22.19,20.72,21.73,16.3794551019,291500,0.0000,1.0
2008-07-14,21.79,21.89,20.81,21.33,16.0779464944,238900,0.0000,1.0
2008-07-11,22.16,22.16,20.98,21.57,16.2588516589,348900,0.0000,1.0
2008-07-10,21.62,22.49,21.59,22.44,16.9146328802,233300,0.0000,1.0
2008-07-09,22.26,22.4,21.58,21.64,16.3116156652,213100,0.0000,1.0
2008-07-08,21.07,22.41,20.87,22.3,16.8091048676,357200,0.0000,1.0
2008-07-07,21.32,21.32,20.72,21.0,15.8292018932,232600,0.0000,1.0
2008-07-03,21.45,21.69,21.15,21.27,16.0327202033,123100,0.0000,1.0
2008-07-02,22.19,22.32,21.34,21.35,16.0930219248,260000,0.0000,1.0
2008-07-01,21.93,22.39,21.72,22.26,16.7789540068,198200,0.1250,1.0
2008-06-30,21.44,22.63,21.44,22.25,16.6777630847,292000,0.0000,1.0
2008-06-27,22.75,22.93,22.2,22.3,16.715241204,485600,0.0000,1.0
2008-06-26,23.08,23.39,22.74,22.76,17.0600399015,198000,0.0000,1.0
2008-06-25,23.54,23.9,23.04,23.32,17.4797948376,260100,0.0000,1.0
2008-06-24,23.49,23.99,23.36,23.4,17.5397598284,410600,0.0000,1.0
2008-06-23,23.8,23.83,23.44,23.61,17.6971679295,271000,0.0000,1.0
2008-06-20,23.41,23.69,23.16,23.59,17.6821766817,492300,0.0000,1.0
2008-06-19,23.6,23.8,23.38,23.71,17.772124168,250500,0.0000,1.0
2008-06-18,23.49,23.86,23.4,23.59,17.6821766817,233400,0.0000,1.0
2008-06-17,23.93,23.99,23.39,23.52,17.6297073147,376800,0.0000,1.0
2008-06-16,23.39,23.99,23.2901,23.9,17.9145410213,248600,0.0000,1.0
2008-06-13,23.0,23.53,22.82,23.53,17.6372029386,480300,0.0000,1.0
2008-06-12,22.28,22.98,22.21,22.74,17.0450486538,341800,0.0000,1.0
2008-06-11,22.17,22.39,22.0,22.07,16.5428418553,299800,0.0000,1.0
2008-06-10,21.65,22.57,21.6,22.24,16.6702674609,224600,0.0000,1.0
2008-06-09,21.93,22.21,21.52,21.85,16.3779381304,257500,0.0000,1.0
2008-06-06,22.8,22.8,21.94,21.94,16.4453987451,307200,0.0000,1.0
2008-06-05,21.51,23.07,21.42,23.04,17.2699173695,403600,0.0000,1.0
2008-06-04,20.98,21.63,20.86,21.45,16.0781131761,248800,0.0000,1.0
2008-06-03,21.85,21.94,20.28,20.93,15.6883407354,660600,0.0000,1.0
2008-06-02,21.8,22.29,21.4,21.92,16.4304074974,545400,0.0000,1.0
2008-05-30,21.62,21.83,21.28,21.83,16.3629468827,234200,0.0000,1.0
2008-05-29,21.01,21.91,21.01,21.64,16.2205300294,192400,0.0000,1.0
2008-05-28,20.81,21.03,20.45,21.03,15.763296974,170700,0.0000,1.0
2008-05-27,20.35,20.88,20.25,20.77,15.5684107537,160300,0.0000,1.0
2008-05-23,20.58,20.58,20.1,20.37,15.2685857994,132800,0.0000,1.0
2008-05-22,20.65,21.02,20.39,20.76,15.5609151298,173800,0.0000,1.0
2008-05-21,20.96,21.14,20.3,20.65,15.4784632674,134700,0.0000,1.0
2008-05-20,20.89,21.02,20.63,20.89,15.65835824,124800,0.0000,1.0
2008-05-19,21.52,21.52,20.53,21.03,15.763296974,310200,0.0000,1.0
2008-05-16,21.69,21.79,21.09,21.48,16.1006000476,270900,0.0000,1.0
2008-05-15,21.3,21.65,21.1,21.52,16.1305825431,151500,0.0000,1.0
2008-05-14,21.34,21.77,21.28,21.39,16.0331394329,143100,0.0000,1.0
2008-05-13,21.35,21.42,20.89,21.34,15.9956613136,164300,0.0000,1.0
2008-05-12,20.56,21.4,20.5,21.27,15.9431919466,153100,0.0000,1.0
2008-05-09,20.3,20.65,20.13,20.48,15.3510376618,138100,0.0000,1.0
2008-05-08,20.75,20.8399,20.16,20.48,15.3510376618,185400,0.0000,1.0
2008-05-07,21.55,21.69,20.68,20.75,15.553419506,220800,0.0000,1.0
2008-05-06,20.73,21.52,20.52,21.48,16.1006000476,307800,0.0000,1.0
2008-05-05,21.35,21.45,20.77,20.81,15.5983932491,158400,0.0000,1.0
2008-05-02,21.6,21.78,21.24,21.44,16.0706175522,209700,0.0000,1.0
2008-05-01,20.97,21.77,20.8,21.45,16.0781131761,173600,0.0000,1.0
2008-04-30,21.06,21.34,20.69,20.94,15.6958363593,215300,0.0000,1.0
2008-04-29,21.15,21.31,20.57,20.96,15.710827607,246700,0.0000,1.0
2008-04-28,21.07,21.43,20.7,21.2,15.8907225796,237300,0.0000,1.0
2008-04-25,21.0,21.31,20.79,21.13,15.8382532126,178400,0.0000,1.0
2008-04-24,20.23,21.06,19.53,20.87,15.6433669923,234200,0.0000,1.0
2008-04-23,20.22,20.48,19.9215,20.18,15.1261689461,245500,0.0000,1.0
2008-04-22,20.45,20.55,19.81,20.13,15.0886908268,267400,0.0000,1.0
2008-04-21,20.95,20.95,20.27,20.48,15.3510376618,153700,0.0000,1.0
2008-04-18,20.73,21.296,20.68,21.13,15.8382532126,257000,0.0000,1.0
2008-04-17,21.09,21.09,20.39,20.39,15.2835770471,302400,0.0000,1.0
2008-04-16,20.81,21.24,20.53,21.15,15.8532444603,258200,0.0000,1.0
2008-04-15,20.29,20.65,20.06,20.65,15.4784632674,175200,0.0000,1.0
2008-04-14,20.07,20.45,19.8,20.19,15.1336645699,204400,0.0000,1.0
2008-04-11,21.01,21.01,20.05,20.09,15.0587083313,192700,0.0000,1.0
2008-04-10,21.06,21.29,20.7,21.11,15.8232619649,156200,0.0000,1.0
2008-04-09,21.55,21.75,21.0,21.03,15.763296974,257900,0.0000,1.0
2008-04-08,21.98,22.02,21.44,21.5,16.1155912954,322200,0.1250,1.0
2008-04-07,22.47,22.68,22.07,22.27,16.596264423,285200,0.0000,1.0
2008-04-04,22.97,22.97,22.18,22.4,16.6931442782,356700,0.0000,1.0
2008-04-03,22.51,23.0,22.39,22.97,17.1179251817,270300,0.0000,1.0
2008-04-02,22.87,22.9752,22.6,22.75,16.9539746575,230100,0.0000,1.0
2008-04-01,22.36,23.01,22.36,23.01,17.1477343679,294400,0.0000,1.0
2008-03-31,22.46,22.82,22.13,22.44,16.7229534644,229000,0.0000,1.0
2008-03-28,22.52,22.87,22.32,22.52,16.7825718368,388600,0.0000,1.0
2008-03-27,22.07,22.8,21.95,22.36,16.663335092,381000,0.0000,1.0
2008-03-26,20.95,22.08,20.87,22.05,16.4323138988,456700,0.0000,1.0
2008-03-25,21.19,21.29,20.87,21.03,15.6721796505,156800,0.0000,1.0
2008-03-24,21.36,21.57,20.98,21.12,15.7392503194,227700,0.0000,1.0
2008-03-20,20.94,21.43,20.51,21.35,15.9106531402,609500,0.0000,1.0
2008-03-19,20.79,21.33,20.62,20.62,15.3666354918,222800,0.0000,1.0
2008-03-18,20.17,20.84,19.88,20.77,15.4784199401,254600,0.0000,1.0
2008-03-17,19.56,20.29,19.5,19.74,14.7108333952,165500,0.0000,1.0
2008-03-14,20.97,21.04,19.95,20.09,14.9716637745,304600,0.0000,1.0
2008-03-13,20.12,20.89,20.03,20.84,15.530586016,259100,0.0000,1.0
2008-03-12,21.69,21.85,20.38,20.38,15.1877803745,486400,0.0000,1.0
2008-03-11,20.95,21.8,20.95,21.76,16.2161972988,395300,0.0000,1.0
2008-03-10,20.76,21.07,20.31,20.39,15.1952326711,246300,0.0000,1.0
2008-03-07,20.55,21.14,20.54,20.65,15.3889923815,208800,0.0000,1.0
2008-03-06,21.43,21.62,20.78,20.84,15.530586016,378800,0.0000,1.0
2008-03-05,21.85,21.95,21.03,21.6,16.096960554,305400,0.0000,1.0
2008-03-04,20.4,22.05,20.05,21.66,16.1416743333,661400,0.0000,1.0
2008-03-03,20.05,20.2,19.67,19.88,14.8151655469,227400,0.0000,1.0
2008-02-29,20.21,20.61,19.86,19.86,14.8002609538,254300,0.0000,1.0
2008-02-28,20.9,20.94,20.27,20.5,15.2772079332,265900,0.0000,1.0
2008-02-27,20.92,21.64,20.86,21.0,15.6498227608,286300,0.0000,1.0
2008-02-26,20.52,21.58,20.48,21.16,15.7690595056,226900,0.0000,1.0
2008-02-25,19.93,20.68,19.91,20.65,15.3889923815,230700,0.0000,1.0
2008-02-22,19.688,20.21,19.57,20.13,15.0014729607,223200,0.0000,1.0
2008-02-21,19.94,20.26,19.68,19.79,14.7480948779,168400,0.0000,1.0
2008-02-20,19.46,19.93,19.39,19.93,14.8524270297,237400,0.0000,1.0
2008-02-19,20.0,20.16,19.5,19.68,14.6661196158,266300,0.0000,1.0
2008-02-15,19.74,20.0,19.63,19.84,14.7853563607,206300,0.0000,1.0
2008-02-14,20.42,20.42,19.74,19.85,14.7928086572,168600,0.0000,1.0
2008-02-13,19.97,20.42,19.97,20.26,15.0983528159,183700,0.0000,1.0
2008-02-12,19.8325,20.0,19.64,19.89,14.8226178434,296700,0.0000,1.0
2008-02-11,19.82,20.01,19.55,19.77,14.7331902848,168000,0.0000,1.0
2008-02-08,19.95,20.18,19.58,19.79,14.7480948779,214700,0.0000,1.0
2008-02-07,19.59,20.14,19.49,20.1,14.9791160711,266500,0.0000,1.0
2008-02-06,19.69,20.0,19.44,19.71,14.6884765055,251200,0.0000,1.0
2008-02-05,19.61,19.89,19.48,19.57,14.5841443538,339200,0.0000,1.0
2008-02-04,19.96,20.21,19.54,20.0,14.9045931055,312600,0.0000,1.0
2008-02-01,20.76,21.07,19.89,20.3,15.1281620021,328600,0.0000,1.0
2008-01-31,19.43,20.95,19.25,20.72,15.4411584573,303700,0.0000,1.0
2008-01-30,19.85,20.23,19.61,19.65,14.6437627262,241400,0.0000,1.0
2008-01-29,20.22,20.48,19.79,20.27,15.1058051125,166100,0.0000,1.0
2008-01-28,19.56,20.24,19.45,20.13,15.0014729607,251900,0.0000,1.0
2008-01-25,20.02,20.39,19.45,19.71,14.6884765055,262200,0.0000,1.0
2008-01-24,19.69,19.98,19.36,19.84,14.7853563607,389700,0.0000,1.0
2008-01-23,18.8,19.69,18.5,19.61,14.61395354,554300,0.0000,1.0
2008-01-22,18.15,19.23,18.13,18.82,14.0252221123,703200,0.0000,1.0
2008-01-18,19.59,19.59,18.64,18.87,14.0624835951,543400,0.0000,1.0
2008-01-17,19.5,19.72,19.35,19.48,14.5170736848,359500,0.0000,1.0
2008-01-16,19.14,19.59,18.95,19.51,14.5394305744,269000,0.0000,1.0
2008-01-15,18.9,19.2,18.7501,19.09,14.2264341192,379100,0.0000,1.0
2008-01-14,19.02,19.36,18.83,19.23,14.330766271,291000,0.0000,1.0
2008-01-11,19.11,19.39,18.96,19.05,14.196624933,366900,0.0000,1.0
2008-01-10,19.39,19.5,19.0,19.34,14.412741533,349800,0.0000,1.0
2008-01-09,18.94,19.47,18.92,19.47,14.5096213882,421700,0.0000,1.0
2008-01-08,19.39,19.53,19.05,19.05,14.196624933,613600,0.1250,1.0
2008-01-07,19.37,19.59,19.18,19.48,14.4224382631,645900,0.0000,1.0
2008-01-04,19.24,19.79,19.03,19.3,14.2891713798,546300,0.0000,1.0
2008-01-03,20.16,20.3,19.42,19.46,14.4076308316,342900,0.0000,1.0
2008-01-02,20.31,20.53,20.02,20.2,14.9555057964,396600,0.0000,1.0
2007-12-31,20.56,20.72,20.35,20.39,15.0961763955,276000,0.0000,1.0
2007-12-28,20.31,21.0,20.11,20.75,15.3627101622,296100,0.0000,1.0
2007-12-27,21.15,21.32,20.04,20.11,14.8888723548,215000,0.0000,1.0
2007-12-26,20.84,21.12,20.17,20.87,15.4515547511,184500,0.0000,1.0
2007-12-24,20.58,20.99,20.47,20.99,15.54039934,69800,0.0000,1.0
2007-12-21,20.34,20.66,20.28,20.62,15.2664618576,517900,0.0000,1.0
2007-12-20,19.75,20.07,19.3,20.04,14.8370463446,252700,0.0000,1.0
2007-12-19,20.02,20.09,19.48,19.74,14.6149348724,413800,0.0000,1.0
2007-12-18,20.06,20.1,19.32,20.09,14.8740649233,377400,0.0000,1.0
2007-12-17,19.68,20.24,19.62,19.73,14.6075311566,545800,0.0000,1.0
2007-12-14,19.4,19.92,19.17,19.81,14.6667608826,607000,0.0000,1.0
2007-12-13,19.55,19.59,19.16,19.51,14.4446494103,381400,0.0000,1.0
2007-12-12,20.88,20.88,19.36,19.95,14.7704129029,824900,0.0000,1.0
2007-12-11,20.9,21.18,20.17,20.35,15.0665615326,254100,0.0000,1.0
2007-12-10,21.11,21.44,20.65,20.84,15.4293436039,301400,0.0000,1.0
2007-12-07,21.31,21.77,21.2,21.33,15.7921256752,146300,0.0000,1.0
2007-12-06,20.41,21.25,20.26,21.25,15.7328959492,269400,0.0000,1.0
2007-12-05,20.52,20.56,20.03,20.31,15.0369466696,335000,0.0000,1.0
2007-12-04,19.91,20.3,19.8,20.15,14.9184872177,234000,0.0000,1.0
2007-12-03,20.33,20.4,19.79,20.26,14.9999280909,290300,0.0000,1.0
2007-11-30,20.93,21.09,20.09,20.4,15.1035801113,362000,0.0000,1.0
2007-11-29,20.32,21.07,20.13,20.63,15.2738655733,265900,0.0000,1.0
2007-11-28,20.25,20.68,20.07,20.43,15.1257912585,306600,0.0000,1.0
2007-11-27,19.55,20.21,19.36,20.07,14.8592574918,298400,0.0000,1.0
2007-11-26,19.89,20.11,19.35,19.4,14.3632085372,166800,0.0000,1.0
2007-11-23,19.85,20.26,19.7,19.92,14.7482017557,148200,0.0000,1.0
2007-11-21,20.29,20.4,19.66,19.66,14.5557051464,325400,0.0000,1.0
2007-11-20,20.9,20.92,19.93,20.4,15.1035801113,378500,0.0000,1.0
2007-11-19,20.86,21.14,20.8,20.94,15.5033807613,275100,0.0000,1.0
2007-11-16,21.23,21.47,20.4,21.1,15.6218402131,373100,0.0000,1.0
2007-11-15,21.68,21.68,21.25,21.43,15.8661628326,280000,0.0000,1.0
2007-11-14,21.95,22.02,21.5,21.77,16.1178891678,236000,0.0000,1.0
2007-11-13,21.86,22.03,21.31,21.93,16.2363486196,329700,0.0000,1.0
2007-11-12,21.23,22.12,21.13,21.77,16.1178891678,374100,0.0000,1.0
2007-11-09,21.82,22.02,20.95,21.3,15.7699145279,344400,0.0000,1.0
2007-11-08,21.88,22.28,21.75,22.15,16.3992303659,419100,0.0000,1.0
2007-11-07,21.91,22.37,21.87,21.93,16.2363486196,538100,0.0000,1.0
2007-11-06,22.3,22.48,21.93,22.4,16.5843232594,306200,0.0000,1.0
2007-11-05,22.22,22.74,21.885,22.29,16.5028823863,472000,0.0000,1.0
2007-11-02,23.16,23.35,22.34,22.74,16.8360495946,416900,0.0000,1.0
2007-11-01,23.25,23.37,22.77,22.92,16.969316478,537600,0.0000,1.0
2007-10-31,23.26,23.82,23.08,23.52,17.4135394224,302800,0.0000,1.0
2007-10-30,23.63,23.92,22.95,23.2,17.1766205187,367300,0.0000,1.0
2007-10-29,23.4,23.85,23.22,23.72,17.5616137372,301000,0.0000,1.0
2007-10-26,22.88,23.37,22.8,23.34,17.2802725391,263000,0.0000,1.0
2007-10-25,22.66,23.11,22.3,22.67,16.7842235844,351500,0.0000,1.0
2007-10-24,22.7,22.86,22.26,22.66,16.7768198687,339600,0.0000,1.0
2007-10-23,23.34,23.46,22.58,22.85,16.9174904678,260100,0.0000,1.0
2007-10-22,22.16,23.21,21.76,23.09,17.0951796455,401800,0.0000,1.0
2007-10-19,24.19,24.19,22.48,22.48,16.6435529854,466000,0.0000,1.0
2007-10-18,23.15,23.5,23.1,23.35,17.2876762548,390000,0.0000,1.0
2007-10-17,23.45,23.75,22.86,23.25,17.2136390974,452700,0.0000,1.0
2007-10-16,23.34,23.44,22.94,23.17,17.1544093715,337300,0.0000,1.0
2007-10-15,24.04,24.13,23.1,23.27,17.2284465289,469900,0.0000,1.0
2007-10-12,23.98,24.17,23.88,24.05,17.8059363567,660300,0.0000,1.0
2007-10-11,23.4,24.32,23.3,24.08,17.8281475039,520900,0.0000,1.0
2007-10-10,23.17,23.47,23.09,23.32,17.2654651076,413100,0.0000,1.0
2007-10-09,23.27,23.44,22.55,23.17,17.1544093715,499200,0.1200,1.0
2007-10-08,22.5,23.53,21.5,23.21,17.0954848223,777300,0.0000,1.0
2007-10-05,20.39,21.01,20.22,20.77,15.2982860732,178000,0.0000,1.0
2007-10-04,20.35,20.35,19.85,20.13,14.82688968,239500,0.0000,1.0
2007-10-03,20.94,21.01,20.13,20.24,14.9079109351,249900,0.0000,1.0
2007-10-02,20.5,21.05,20.3,21.02,15.4824252893,224700,0.0000,1.0
2007-10-01,19.9,20.69,19.82,20.43,15.0478567393,289400,0.0000,1.0
2007-09-28,20.03,20.13,19.9,19.98,14.7164061504,222400,0.0000,1.0
2007-09-27,20.5,20.5,19.96,20.08,14.7900618368,200400,0.0000,1.0
2007-09-26,20.14,20.58,20.06,20.44,15.055222308,236600,0.0000,1.0
2007-09-25,20.26,20.36,19.94,20.1,14.8047929741,461800,0.0000,1.0
2007-09-24,20.6,20.95,20.16,20.32,14.9668354843,362700,0.0000,1.0
2007-09-21,20.74,20.91,20.33,20.56,15.1436091317,352300,0.0000,1.0
2007-09-20,20.76,20.76,19.97,20.54,15.1288779944,426900,0.0000,1.0
2007-09-19,21.02,21.14,20.65,20.81,15.3277483478,265300,0.0000,1.0
2007-09-18,19.89,20.83,19.85,20.76,15.2909205046,598400,0.0000,1.0
2007-09-17,19.95,20.16,19.81,19.85,14.620653758,598600,0.0000,1.0
2007-09-14,19.93,20.37,19.83,20.03,14.7532339936,412400,0.0000,1.0
2007-09-13,20.21,20.29,19.77,20.07,14.7826962682,431700,0.0000,1.0
2007-09-12,20.25,20.34,19.95,20.15,14.8416208173,315600,0.0000,1.0
2007-09-11,20.33,20.59,20.06,20.43,15.0478567393,323200,0.0000,1.0
2007-09-10,20.84,20.89,19.74,20.19,14.8710830919,506400,0.0000,1.0
2007-09-07,21.3,21.3,20.6,20.83,15.3424794851,525600,0.0000,1.0
2007-09-06,22.39,22.53,21.0,21.8,16.0569396435,575300,0.0000,1.0
2007-09-05,23.22,23.22,22.37,22.48,16.5577983113,338300,0.0000,1.0
2007-09-04,23.3,23.59,23.09,23.34,17.1912372147,197900,0.0000,1.0
2007-08-31,23.33,23.58,23.0,23.38,17.2206994893,178200,0.0000,1.0
2007-08-30,22.7,23.49,22.7,23.03,16.9629045867,131500,0.0000,1.0
2007-08-29,22.4,23.07,22.15,22.99,16.9334423122,191100,0.0000,1.0
2007-08-28,23.05,23.15,22.14,22.23,16.3736590952,209400,0.0000,1.0
2007-08-27,23.41,23.78,23.11,23.22,17.102850391,138800,0.0000,1.0
2007-08-24,23.45,23.74,23.22,23.52,17.3238174503,130100,0.0000,1.0
2007-08-23,23.6,23.79,22.86,23.45,17.2722584698,249800,0.0000,1.0
2007-08-22,22.69,23.66,22.69,23.45,17.2722584698,192400,0.0000,1.0
2007-08-21,22.8,23.59,22.37,22.49,16.56516388,194300,0.0000,1.0
2007-08-20,22.82,23.39,22.5,22.93,16.8892489003,286300,0.0000,1.0
2007-08-17,22.72,23.24,21.85,22.82,16.8082276452,472400,0.0000,1.0
2007-08-16,21.7,22.46,21.24,21.96,16.1747887418,534000,0.0000,1.0
2007-08-15,22.39,22.77,21.57,21.7,15.9832839571,328300,0.0000,1.0
2007-08-14,23.0,23.25,22.23,22.4,16.4988737622,407800,0.0000,1.0
2007-08-13,23.26,24.7,23.04,23.08,16.99973243,441600,0.0000,1.0
2007-08-10,20.45,24.75,20.45,22.96,16.9113456062,918500,0.0000,1.0
2007-08-09,19.5,21.5,19.04,20.85,15.3572106224,1252800,0.0000,1.0
2007-08-08,21.53,21.56,19.54,19.63,14.4586112478,1144600,0.0000,1.0
2007-08-07,22.44,22.73,20.98,21.3,15.6886612113,588400,0.0000,1.0
2007-08-06,23.15,23.33,22.06,22.66,16.6903785469,525200,0.0000,1.0
2007-08-03,24.89,24.89,22.41,22.56,16.6167228605,464500,0.0000,1.0
2007-08-02,25.22,25.41,24.42,24.99,18.4065560409,304800,0.0000,1.0
2007-08-01,25.14,25.72,24.54,25.12,18.5023084333,493400,0.0000,1.0
2007-07-31,24.92,26.11,24.92,25.16,18.5317707079,518500,0.0000,1.0
2007-07-30,23.17,23.59,22.62,23.35,17.1986027833,314500,0.0000,1.0
2007-07-27,24.02,24.27,23.04,23.09,17.0070979986,319200,0.0000,1.0
2007-07-26,24.7,24.8,23.49,24.19,17.8173105494,419800,0.0000,1.0
2007-07-25,23.78,25.66,23.55,25.18,18.5465018452,732900,0.0000,1.0
2007-07-24,23.98,24.09,22.96,23.02,16.9555390181,356300,0.0000,1.0
2007-07-23,24.44,25.01,24.26,24.28,17.8836006672,242000,0.0000,1.0
2007-07-20,24.91,24.93,23.74,24.19,17.8173105494,315000,0.0000,1.0
2007-07-19,25.0,25.04,24.81,24.96,18.384459335,124500,0.0000,1.0
2007-07-18,25.25,25.27,24.61,24.89,18.3329003545,240800,0.0000,1.0
2007-07-17,25.41,25.56,25.34,25.39,18.7011787867,211700,0.0000,1.0
2007-07-16,25.54,25.55,25.2,25.3,18.6348886689,269600,0.0000,1.0
2007-07-13,25.69,25.69,25.51,25.57,18.8337590223,115900,0.0000,1.0
2007-07-12,25.67,25.83,25.56,25.75,18.9663392579,160600,0.0000,1.0
2007-07-11,25.44,25.59,25.24,25.47,18.7601033358,176100,0.0000,1.0
2007-07-10,25.95,26.15,25.49,25.49,18.7748344731,242500,0.0000,1.0
2007-07-09,26.01,26.36,25.92,26.24,19.3272521214,456200,0.0000,1.0
2007-07-06,26.05,26.15,25.77,26.01,19.1578440426,625200,0.0000,1.0
2007-07-05,25.7,26.06,25.35,26.03,19.1725751799,307200,0.0000,1.0
2007-07-03,25.88,26.24,25.671,25.78,18.9884359638,100700,0.0000,1.0
2007-07-02,25.95,26.11,25.54,26.0,19.1504784739,227200,0.1200,1.0
2007-06-29,25.95,26.18,25.78,25.81,18.9231948473,277700,0.0000,1.0
2007-06-28,25.38,26.26,25.31,25.85,18.9525217669,302100,0.0000,1.0
2007-06-27,24.69,25.38,24.51,25.28,18.5346131631,413800,0.0000,1.0
2007-06-26,25.14,25.18,24.79,24.89,18.2486756974,351400,0.0000,1.0
2007-06-25,25.58,25.63,24.85,25.11,18.409973755,323300,0.0000,1.0
2007-06-22,25.91,25.98,25.46,25.74,18.8718727381,359300,0.0000,1.0
2007-06-21,25.9,26.15,25.86,26.06,19.1064880946,268000,0.0000,1.0
2007-06-20,25.82,26.32,25.65,25.97,19.0405025256,290100,0.0000,1.0
2007-06-19,26.16,26.16,25.76,25.82,18.9305265772,247500,0.0000,1.0
2007-06-18,26.56,26.65,26.1,26.26,19.2531226924,144300,0.0000,1.0
2007-06-15,27.16,27.24,26.5,26.54,19.4584111293,342200,0.0000,1.0
2007-06-14,26.13,26.29,26.04,26.16,19.1798053935,140000,0.0000,1.0
2007-06-13,26.24,26.36,25.9,26.14,19.1651419337,236900,0.0000,1.0
2007-06-12,27.2,27.2,25.83,26.09,19.1284832843,634500,0.0000,1.0
2007-06-11,27.26,27.58,27.14,27.33,20.0376177907,253300,0.0000,1.0
2007-06-08,27.3,27.46,26.75,27.26,19.9862956815,369900,0.0000,1.0
2007-06-07,28.02,28.33,27.07,27.32,20.0302860608,709400,0.0000,1.0
2007-06-06,31.2,31.2,27.51,27.91,20.4628581243,906400,0.0000,1.0
2007-06-05,30.5,30.5,29.67,30.43,22.3104540567,343100,0.0000,1.0
2007-06-04,29.86,30.25,29.79,30.13,22.09050216,218000,0.0000,1.0
2007-06-01,29.62,30.16,29.62,29.98,21.9805262117,449500,0.0000,1.0
2007-05-31,29.5,29.77,29.37,29.51,21.6359349068,177100,0.0000,1.0
2007-05-30,28.93,29.5,28.89,29.46,21.5992762574,156500,0.0000,1.0
2007-05-29,29.06,29.26,28.96,29.18,21.3939878204,163800,0.0000,1.0
2007-05-25,28.72,29.0,28.68,28.92,21.2033628433,151100,0.0000,1.0
2007-05-24,28.98,29.2,28.4,28.55,20.9320888373,204800,0.0000,1.0
2007-05-23,29.22,29.45,28.94,28.97,21.2400214927,204800,0.0000,1.0
2007-05-22,28.64,29.34,28.64,29.22,21.42331474,233700,0.0000,1.0
2007-05-21,28.32,28.82,28.16,28.73,21.0640599754,134100,0.0000,1.0
2007-05-18,28.3,28.45,28.08,28.32,20.7634590499,117800,0.0000,1.0
2007-05-17,28.52,28.74,28.12,28.29,20.7414638602,184000,0.0000,1.0
2007-05-16,27.79,28.63,27.79,28.62,20.9834109466,259900,0.0000,1.0
2007-05-15,28.35,28.65,27.73,27.76,20.352882176,224100,0.0000,1.0
2007-05-14,28.59,28.85,28.3,28.36,20.7927859694,233600,0.0000,1.0
2007-05-11,28.41,28.75,28.41,28.67,21.020069596,191900,0.0000,1.0
2007-05-10,29.135,29.2,28.18,28.26,20.7194686705,448900,0.0000,1.0
2007-05-09,28.81,29.5,28.71,29.41,21.5626176079,231100,0.0000,1.0
2007-05-08,28.88,28.99,28.54,28.99,21.2546849525,199500,0.0000,1.0
2007-05-07,28.88,29.0,28.78,28.89,21.1813676536,215200,0.0000,1.0
2007-05-04,28.79,28.96,28.57,28.88,21.1740359237,217200,0.0000,1.0
2007-05-03,28.8,28.9,28.45,28.8,21.1153820846,197400,0.0000,1.0
2007-05-02,28.38,29.0,28.38,28.86,21.1593724639,270400,0.0000,1.0
2007-05-01,28.22,28.57,27.67,28.42,20.8367763488,285800,0.0000,1.0
2007-04-30,28.77,28.86,28.1,28.14,20.6314879118,322400,0.0000,1.0
2007-04-27,28.65,28.8,28.5,28.69,21.0347330558,265300,0.0000,1.0
2007-04-26,28.55,28.85,28.4,28.65,21.0054061362,308700,0.0000,1.0
2007-04-25,28.08,28.87,28.0255,28.55,20.9320888373,309000,0.0000,1.0
2007-04-24,28.02,28.23,27.86,28.05,20.5655023428,275400,0.0000,1.0
2007-04-23,27.81,28.07,27.75,28.02,20.5435071531,256900,0.0000,1.0
2007-04-20,27.82,27.9,27.68,27.85,20.418867745,283800,0.0000,1.0
2007-04-19,27.4,27.61,27.35,27.45,20.1255985494,323000,0.0000,1.0
2007-04-18,27.55,27.79,27.4,27.62,20.2502379575,281000,0.0000,1.0
2007-04-17,27.36,27.8,27.28,27.71,20.3162235265,319300,0.0000,1.0
2007-04-16,27.14,27.43,27.12,27.4,20.0889398999,187500,0.0000,1.0
2007-04-13,27.0,27.14,26.8,27.08,19.8543245434,709700,0.0000,1.0
2007-04-12,26.89,27.0,26.52,26.98,19.7810072445,281500,0.0000,1.0
2007-04-11,26.76,26.79,26.48,26.75,19.612377457,528000,0.0000,1.0
2007-04-10,26.42,26.81,26.25,26.76,19.6197091869,573300,0.1200,1.0
2007-04-09,26.95,26.97,26.08,26.23,19.145274255,363400,0.0000,1.0
2007-04-05,26.23,26.88,26.16,26.84,19.5905131911,473200,0.0000,1.0
2007-04-04,26.38,26.4,26.13,26.19,19.1160782591,233800,0.0000,1.0
2007-04-03,26.45,26.45,26.36,26.38,19.2547592393,307100,0.0000,1.0
2007-04-02,26.36,26.56,26.18,26.36,19.2401612414,392000,0.0000,1.0
2007-03-30,26.21,26.45,25.99,26.39,19.2620582382,518100,0.0000,1.0
2007-03-29,26.42,26.43,26.02,26.15,19.0868822633,319900,0.0000,1.0
2007-03-28,26.4,26.46,26.25,26.29,19.1890682487,745600,0.0000,1.0
2007-03-27,26.4,26.49,26.28,26.33,19.2182642445,517500,0.0000,1.0
2007-03-26,25.98,26.5,25.93,26.5,19.3423472267,494000,0.0000,1.0
2007-03-23,25.94,26.09,25.89,26.0,18.977397279,268200,0.0000,1.0
2007-03-22,26.35,26.4,25.86,26.0,18.977397279,635000,0.0000,1.0
2007-03-21,26.0,26.29,25.92,26.22,19.137975256,385300,0.0000,1.0
2007-03-20,26.08,26.23,25.9302,26.0,18.977397279,404000,0.0000,1.0
2007-03-19,26.25,26.31,25.94,26.0,18.977397279,499400,0.0000,1.0
2007-03-16,25.95,26.29,25.81,25.97,18.9555002822,614300,0.0000,1.0
2007-03-15,25.83,26.1,25.47,25.9,18.9044072895,476900,0.0000,1.0
2007-03-14,25.65,26.08,25.35,25.79,18.824118301,747700,0.0000,1.0
2007-03-13,26.3,26.31,25.66,25.74,18.7876233062,468100,0.0000,1.0
2007-03-12,26.4,26.55,26.32,26.4,19.2693572372,594500,0.0000,1.0
2007-03-09,26.97,26.97,26.38,26.5,19.3423472267,490600,0.0000,1.0
2007-03-08,27.23,27.4,26.61,26.74,19.5175232016,627100,0.0000,1.0
2007-03-07,27.0,27.66,26.61,27.19,19.8459781545,423200,0.0000,1.0
2007-03-06,28.0,28.84,26.85,27.0,19.7072971744,842800,0.0000,1.0
2007-03-05,25.5401,26.46,25.5401,25.92,18.9190052874,286400,0.0000,1.0
2007-03-02,26.7,26.96,26.3,26.33,19.2182642445,300100,0.0000,1.0
2007-03-01,25.85,27.13,25.65,26.86,19.605111189,361700,0.0000,1.0
2007-02-28,26.18,26.61,25.78,26.3,19.1963672476,286600,0.0000,1.0
2007-02-27,26.97,27.26,25.61,26.27,19.1744702508,426700,0.0000,1.0
2007-02-26,27.52,27.52,27.06,27.36,19.9700611367,144500,0.0000,1.0
2007-02-23,27.52,27.6,27.32,27.42,20.0138551304,145700,0.0000,1.0
2007-02-22,27.15,27.6,27.01,27.6,20.1452371116,204200,0.0000,1.0
2007-02-21,27.1,27.38,26.76,27.07,19.7583901671,388400,0.0000,1.0
2007-02-20,27.255,27.39,27.01,27.25,19.8897721482,363500,0.0000,1.0
2007-02-16,26.86,27.51,26.72,27.38,19.9846591346,305300,0.0000,1.0
2007-02-15,26.62,27.05,26.62,26.86,19.605111189,183600,0.0000,1.0
2007-02-14,26.83,26.99,26.72,26.78,19.5467191974,136900,0.0000,1.0
2007-02-13,26.69,26.85,26.59,26.75,19.5248222005,162100,0.0000,1.0
2007-02-12,26.6699,26.73,26.46,26.67,19.4664302089,263800,0.0000,1.0
2007-02-09,26.54,26.7,26.43,26.6,19.4153372162,221900,0.0000,1.0
2007-02-08,26.41,26.75,26.395,26.59,19.4080382173,297200,0.0000,1.0
2007-02-07,26.41,26.63,26.35,26.4,19.2693572372,250900,0.0000,1.0
2007-02-06,26.22,26.6,26.2,26.57,19.3934402194,520800,0.0000,1.0
2007-02-05,25.79,26.29,25.76,26.19,19.1160782591,387900,0.0000,1.0
2007-02-02,26.1,26.1,25.67,25.74,18.7876233062,353000,0.0000,1.0
2007-02-01,25.9,26.3,25.84,26.19,19.1160782591,301200,0.0000,1.0
2007-01-31,25.52,26.0,25.41,25.84,18.8606132958,471100,0.0000,1.0
2007-01-30,25.4,25.6,25.24,25.53,18.6343443282,215500,0.0000,1.0
2007-01-29,24.69,25.52,24.61,25.42,18.5540553397,440800,0.0000,1.0
2007-01-26,24.5,24.74,24.36,24.7,18.0285274151,182200,0.0000,1.0
2007-01-25,24.39,24.56,24.21,24.43,17.8314544433,348100,0.0000,1.0
2007-01-24,24.02,24.46,24.02,24.35,17.7730624517,506000,0.0000,1.0
2007-01-23,24.35,24.5,24.24,24.3,17.7365674569,367200,0.0000,1.0
2007-01-22,24.35,24.46,24.2,24.35,17.7730624517,382000,0.0000,1.0
2007-01-19,24.5,24.53,24.28,24.31,17.7438664559,252200,0.0000,1.0
2007-01-18,24.69,24.81,24.48,24.5,17.882547436,299400,0.0000,1.0
2007-01-17,24.2,24.79,24.19,24.73,18.0504244119,368700,0.0000,1.0
2007-01-16,24.83,24.92,24.19,24.24,17.6927734632,369700,0.0000,1.0
2007-01-12,23.96,24.35,23.82,24.35,17.7730624517,370500,0.0000,1.0
2007-01-11,23.53,24.42,23.5,23.98,17.5029994904,456100,0.0000,1.0
2007-01-10,23.0,23.54,22.97,23.47,17.1307505438,295900,0.1200,1.0
2007-01-09,23.2,23.32,23.05,23.08,16.7603951908,379600,0.0000,1.0
2007-01-08,23.11,23.27,22.86,23.16,16.8184901481,448700,0.0000,1.0
2007-01-05,23.6,23.62,22.93,23.07,16.7531333211,429400,0.0000,1.0
2007-01-04,23.1,23.77,22.9,23.7,17.2106311101,442200,0.0000,1.0
2007-01-03,22.9,23.26,22.75,23.12,16.7894426695,520700,0.0000,1.0
2006-12-29,22.94,23.03,22.71,22.71,16.4917060131,236400,0.0000,1.0
2006-12-28,23.3,23.35,22.9401,22.99,16.6950383638,426000,0.0000,1.0
2006-12-27,23.09,23.77,23.055,23.32,16.9346800628,340400,0.0000,1.0
2006-12-26,23.02,23.3,23.02,23.09,16.7676570605,275800,0.0000,1.0
2006-12-22,23.19,23.29,23.0,23.1,16.7749189301,140900,0.0000,1.0
2006-12-21,23.47,23.8,22.99,23.26,16.8911088448,286200,0.0000,1.0
2006-12-20,23.5,23.9499,23.33,23.49,17.0581318471,250300,0.0000,1.0
2006-12-19,23.55,23.69,23.35,23.45,17.0290843685,358200,0.0000,1.0
2006-12-18,23.22,24.0,23.22,23.7,17.2106311101,351900,0.0000,1.0
2006-12-15,23.19,23.2,22.78,23.12,16.7894426695,501200,0.0000,1.0
2006-12-14,21.52,23.63,21.46,23.19,16.8402757571,729700,0.0000,1.0
2006-12-13,22.79,22.79,21.05,21.49,15.6057579138,654600,0.0000,1.0
2006-12-12,20.75,20.95,20.59,20.95,15.2136169518,103200,0.0000,1.0
2006-12-11,20.9,20.94,20.76,20.84,15.1337363855,80700,0.0000,1.0
2006-12-08,20.75,20.95,20.48,20.95,15.2136169518,78600,0.0000,1.0
2006-12-07,20.9,20.95,20.75,20.75,15.0683795585,91500,0.0000,1.0
2006-12-06,20.76,20.95,20.73,20.95,15.2136169518,85200,0.0000,1.0
2006-12-05,20.88,20.95,20.84,20.86,15.1482601248,92500,0.0000,1.0
2006-12-04,20.84,20.94,20.7,20.93,15.1990932125,147800,0.0000,1.0
2006-12-01,20.72,20.85,20.31,20.85,15.1409982551,184100,0.0000,1.0
2006-11-30,20.73,20.86,20.57,20.77,15.0829032978,109900,0.0000,1.0
2006-11-29,20.64,20.85,20.46,20.77,15.0829032978,82900,0.0000,1.0
2006-11-28,20.24,20.59,20.24,20.58,14.9449277741,104800,0.0000,1.0
2006-11-27,20.73,20.73,20.2,20.31,14.7488572931,112700,0.0000,1.0
2006-11-24,20.56,20.86,20.53,20.82,15.1192126461,19400,0.0000,1.0
2006-11-22,20.81,20.84,20.62,20.71,15.0393320798,36800,0.0000,1.0
2006-11-21,20.86,20.87,20.7075,20.8,15.1046889068,114600,0.0000,1.0
2006-11-20,20.75,20.89,20.65,20.87,15.1555219945,110100,0.0000,1.0
2006-11-17,20.74,20.79,20.56,20.75,15.0683795585,134700,0.0000,1.0
2006-11-16,20.68,20.8,20.6,20.74,15.0611176888,110800,0.0000,1.0
2006-11-15,20.6,20.69,20.52,20.68,15.0175464708,137900,0.0000,1.0
2006-11-14,20.13,20.6,20.0,20.59,14.9521896438,176200,0.0000,1.0
2006-11-13,20.22,20.49,20.21,20.46,14.8577853381,131000,0.0000,1.0
2006-11-10,19.97,20.31,19.94,20.31,14.7488572931,101200,0.0000,1.0
2006-11-09,20.11,20.4,19.86,20.04,14.5527868121,154900,0.0000,1.0
2006-11-08,20.05,20.42,20.05,20.36,14.7851666415,126100,0.0000,1.0
2006-11-07,20.0,20.28,20.0,20.15,14.6326673785,146400,0.0000,1.0
2006-11-06,19.95,20.09,19.78,20.03,14.5455249425,226800,0.0000,1.0
2006-11-03,19.64,19.96,19.58,19.96,14.4946918548,128100,0.0000,1.0
2006-11-02,19.6,19.81,19.58,19.59,14.2260026771,92600,0.0000,1.0
2006-11-01,19.86,19.99,19.72,19.74,14.3349307221,158800,0.0000,1.0
2006-10-31,20.0,20.0,19.74,19.86,14.4220731581,212500,0.0000,1.0
2006-10-30,19.7,20.0,19.65,20.0,14.5237393334,169400,0.0000,1.0
2006-10-27,19.9,19.95,19.72,19.73,14.3276688524,101100,0.0000,1.0
2006-10-26,19.8,19.9,19.67,19.9,14.4511206368,133700,0.0000,1.0
2006-10-25,19.68,19.82,19.52,19.79,14.3712400704,134200,0.0000,1.0
2006-10-24,19.74,19.74,19.52,19.67,14.2840976344,71500,0.0000,1.0
2006-10-23,19.57,19.75,19.55,19.74,14.3349307221,114900,0.0000,1.0
2006-10-20,19.67,19.74,19.59,19.66,14.2768357648,109300,0.0000,1.0
2006-10-19,19.56,19.73,19.5,19.67,14.2840976344,156900,0.0000,1.0
2006-10-18,19.75,19.8,19.5,19.59,14.2260026771,167700,0.0000,1.0
2006-10-17,19.5,19.73,19.37,19.72,14.3204069828,123400,0.0000,1.0
2006-10-16,19.54,19.88,19.54,19.7,14.3058832434,126600,0.0000,1.0
2006-10-13,19.49,19.59,19.31,19.54,14.1896933288,169000,0.0000,1.0
2006-10-12,19.2,19.5,19.2,19.5,14.1606458501,208500,0.0000,1.0
2006-10-11,19.13,19.2797,19.0024,19.15,13.9064804118,177600,0.1100,1.0
2006-10-10,19.18,19.28,19.08,19.08,13.7765133051,175100,0.0000,1.0
2006-10-09,18.97,19.29,18.94,19.18,13.8487172533,188200,0.0000,1.0
2006-10-06,19.04,19.15,18.92,19.07,13.7692929103,189100,0.0000,1.0
2006-10-05,18.75,19.2,18.75,19.14,13.819835674,239400,0.0000,1.0
2006-10-04,18.85,18.98,18.73,18.82,13.58878304,296300,0.0000,1.0
2006-10-03,18.71,19.01,18.67,18.9,13.6465461985,166100,0.0000,1.0
2006-10-02,18.73,18.92,18.69,18.71,13.509358697,174700,0.0000,1.0
2006-09-29,18.9,18.91,18.69,18.76,13.5454606711,281700,0.0000,1.0
2006-09-28,19.07,19.08,18.78,18.94,13.6754277777,207600,0.0000,1.0
2006-09-27,19.0,19.15,18.94,19.08,13.7765133051,185200,0.0000,1.0
2006-09-26,19.0,19.18,18.88,19.0,13.7187501466,258900,0.0000,1.0
2006-09-25,18.76,19.07,18.69,19.01,13.7259705414,359900,0.0000,1.0
2006-09-22,18.88,18.95,18.56,18.81,13.5815626451,164200,0.0000,1.0
2006-09-21,18.87,18.94,18.64,18.88,13.6321054088,212700,0.0000,1.0
2006-09-20,18.87,18.88,18.51,18.87,13.624885014,312500,0.0000,1.0
2006-09-19,18.74,18.87,18.6,18.77,13.5526810659,273000,0.0000,1.0
2006-09-18,18.75,18.91,18.61,18.8,13.5743422503,242100,0.0000,1.0
2006-09-15,18.7,18.9,18.58,18.75,13.5382402763,567800,0.0000,1.0
2006-09-14,18.75,18.75,18.44,18.57,13.4082731696,128500,0.0000,1.0
2006-09-13,18.76,18.81,18.58,18.73,13.5237994866,188700,0.0000,1.0
2006-09-12,18.5,18.78,18.33,18.76,13.5454606711,318600,0.0000,1.0
2006-09-11,18.15,18.65,18.04,18.46,13.3288488267,231600,0.0000,1.0
2006-09-08,18.19,18.35,17.86,18.27,13.1916613252,187600,0.0000,1.0
2006-09-07,18.92,18.95,18.09,18.13,13.0905757978,461600,0.0000,1.0
2006-09-06,18.31,18.41,18.11,18.3,13.2133225096,101200,0.0000,1.0
2006-09-05,18.56,18.63,18.31,18.46,13.3288488267,120300,0.0000,1.0
2006-09-01,18.01,18.62,17.95,18.46,13.3288488267,155000,0.0000,1.0
2006-08-31,18.0,18.12,17.87,17.99,12.9894902704,108700,0.0000,1.0
2006-08-30,18.0,18.13,17.92,17.92,12.9389475067,205600,0.0000,1.0
2006-08-29,17.6901,18.09,17.55,18.0,12.9967106652,132600,0.0000,1.0
2006-08-28,17.5,17.74,17.5,17.72,12.7945396104,104700,0.0000,1.0
2006-08-25,17.53,17.77,17.53,17.54,12.6645725038,58000,0.0000,1.0
2006-08-24,17.7,17.73,17.47,17.65,12.7439968467,110500,0.0000,1.0
2006-08-23,17.67,17.82,17.51,17.71,12.7873192156,184500,0.0000,1.0
2006-08-22,17.7,17.88,17.57,17.72,12.7945396104,46100,0.0000,1.0
2006-08-21,17.8,17.89,17.54,17.79,12.8450823741,58500,0.0000,1.0
2006-08-18,17.97,18.0,17.75,17.94,12.9533882963,75800,0.0000,1.0
2006-08-17,18.0,18.07,17.85,17.94,12.9533882963,107900,0.0000,1.0
2006-08-16,17.15,18.3,17.11,17.97,12.9750494808,523400,0.0000,1.0
2006-08-15,16.66,16.97,16.5,16.96,12.2457896046,118200,0.0000,1.0
2006-08-14,16.42,16.85,16.31,16.41,11.8486678898,87300,0.0000,1.0
2006-08-11,16.38,16.42,16.25,16.34,11.7981251261,69200,0.0000,1.0
2006-08-10,16.15,16.55,16.11,16.47,11.8919902587,125500,0.0000,1.0
2006-08-09,16.27,16.61,16.21,16.3,11.7692435468,159800,0.0000,1.0
2006-08-08,16.45,16.64,16.2,16.22,11.7114803883,112600,0.0000,1.0
2006-08-07,16.56,16.63,16.31,16.46,11.8847698639,79400,0.0000,1.0
2006-08-04,16.87,17.0,16.4,16.65,12.0219573653,133300,0.0000,1.0
2006-08-03,16.31,16.97,16.23,16.79,12.1230428927,126300,0.0000,1.0
2006-08-02,16.35,16.55,16.23,16.41,11.8486678898,199000,0.0000,1.0
2006-08-01,16.5,16.5,16.2,16.33,11.7909047313,132400,0.0000,1.0
2006-07-31,16.78,16.78,16.31,16.5,11.9136514431,161800,0.0000,1.0
2006-07-28,16.53,16.81,16.45,16.79,12.1230428927,176300,0.0000,1.0
2006-07-27,16.9,16.96,16.34,16.44,11.8703290742,141300,0.0000,1.0
2006-07-26,16.87,17.06,16.46,16.8,12.1302632875,171200,0.0000,1.0
2006-07-25,16.77,17.12,16.65,16.97,12.2530099994,110900,0.0000,1.0
2006-07-24,16.51,16.89,16.51,16.75,12.0941613135,63300,0.0000,1.0
2006-07-21,16.62,16.62,16.2,16.46,11.8847698639,118900,0.0000,1.0
2006-07-20,17.1,17.15,16.53,16.62,12.0002961809,167700,0.0000,1.0
2006-07-19,16.6,17.13,16.6,17.06,12.3179935527,126400,0.0000,1.0
2006-07-18,16.52,16.67,16.25,16.6,11.9858553913,246700,0.0000,1.0
2006-07-17,16.4,16.72,16.34,16.42,11.8558882846,112200,0.0000,1.0
2006-07-14,16.54,16.65,16.31,16.41,11.8486678898,208500,0.0000,1.0
2006-07-13,16.43,16.69,16.22,16.5,11.9136514431,208600,0.0000,1.0
2006-07-12,16.79,16.8,16.43,16.52,11.9280922327,201000,0.0000,1.0
2006-07-11,16.61,16.88,16.47,16.86,12.1735856564,201300,0.0000,1.0
2006-07-10,16.672,16.8,16.51,16.61,11.9930757861,133800,0.0000,1.0
2006-07-07,16.72,16.77,16.55,16.56,11.956973812,128500,0.0000,1.0
2006-07-06,16.95,17.02,16.69,16.82,12.1447040772,173100,0.0000,1.0
2006-07-05,17.0,17.0,16.52,16.75,12.0941613135,313600,0.1100,1.0
2006-07-03,17.1,17.27,16.87,17.08,12.25197362,82100,0.0000,1.0
2006-06-30,17.42,17.44,16.97,17.1,12.2663201934,488700,0.0000,1.0
2006-06-29,17.0601,17.41,16.95,17.41,12.4886920799,264000,0.0000,1.0
2006-06-28,17.18,17.28,16.58,17.02,12.2089339001,310300,0.0000,1.0
2006-06-27,17.55,17.69,17.15,17.18,12.3237064867,149400,0.0000,1.0
2006-06-26,17.5,17.59,17.3,17.56,12.5962913799,143800,0.0000,1.0
2006-06-23,17.54,17.54,17.21,17.43,12.5030386532,226800,0.0000,1.0
2006-06-22,17.72,17.75,17.48,17.58,12.6106379532,148500,0.0000,1.0
2006-06-21,17.64,17.93,17.58,17.82,12.7827968331,180800,0.0000,1.0
2006-06-20,17.5,17.78,17.5,17.55,12.5891180932,129800,0.0000,1.0
2006-06-19,17.54,17.86,17.42,17.5,12.5532516599,167200,0.0000,1.0
2006-06-16,17.93,17.96,17.44,17.54,12.5819448065,566700,0.0000,1.0
2006-06-15,17.56,18.03,17.4,17.96,12.8832228464,176800,0.0000,1.0
2006-06-14,17.3,17.47,17.04,17.43,12.5030386532,135600,0.0000,1.0
2006-06-13,17.2,17.64,17.09,17.33,12.4313057866,189700,0.0000,1.0
2006-06-12,17.23,17.68,17.18,17.29,12.40261264,233300,0.0000,1.0
2006-06-09,18.15,18.16,17.53,17.61,12.6321578132,224500,0.0000,1.0
2006-06-08,17.75,18.22,17.7,18.17,13.0338618663,397600,0.0000,1.0
2006-06-07,17.44,18.18,17.33,17.9,12.8401831264,363800,0.0000,1.0
2006-06-06,17.28,17.37,17.16,17.25,12.3739194933,284900,0.0000,1.0
2006-06-05,17.7699,17.8,17.24,17.28,12.3954393533,274000,0.0000,1.0
2006-06-02,17.74,17.89,17.48,17.79,12.7612769731,167300,0.0000,1.0
2006-06-01,17.33,17.68,17.3,17.66,12.6680242465,151300,0.0000,1.0
2006-05-31,17.16,17.4,17.16,17.35,12.4456523599,236000,0.0000,1.0
2006-05-30,17.18,17.37,17.01,17.15,12.3021866267,255800,0.0000,1.0
2006-05-26,17.76,17.76,17.14,17.29,12.40261264,204700,0.0000,1.0
2006-05-25,17.93,17.96,17.6,17.82,12.7827968331,171800,0.0000,1.0
2006-05-24,17.35,17.8,17.16,17.73,12.7182372531,236600,0.0000,1.0
2006-05-23,17.21,17.59,17.21,17.39,12.4743455066,305500,0.0000,1.0
2006-05-22,17.44,17.71,17.16,17.61,12.6321578132,342500,0.0000,1.0
2006-05-19,17.46,17.58,17.2,17.54,12.5819448065,238000,0.0000,1.0
2006-05-18,17.18,17.61,17.18,17.5,12.5532516599,205900,0.0000,1.0
2006-05-17,17.25,17.38,17.17,17.25,12.3739194933,209900,0.0000,1.0
2006-05-16,17.2,17.41,17.12,17.36,12.4528256466,164400,0.0000,1.0
2006-05-15,17.1,17.35,17.02,17.25,12.3739194933,289300,0.0000,1.0
2006-05-12,17.1,17.22,17.07,17.16,12.3093599133,188600,0.0000,1.0
2006-05-11,17.3,17.3,17.12,17.2,12.33805306,265500,0.0000,1.0
2006-05-10,17.3,17.38,17.2,17.38,12.4671722199,166700,0.0000,1.0
2006-05-09,17.35,17.41,17.3,17.39,12.4743455066,86500,0.0000,1.0
2006-05-08,17.51,17.51,17.27,17.42,12.4958653666,161300,0.0000,1.0
2006-05-05,17.44,17.66,17.41,17.55,12.5891180932,131500,0.0000,1.0
2006-05-04,17.4,17.53,17.31,17.47,12.5317317999,213700,0.0000,1.0
2006-05-03,17.29,17.4,17.14,17.4,12.4815187933,216000,0.0000,1.0
2006-05-02,17.37,17.45,17.12,17.29,12.40261264,186100,0.0000,1.0
2006-05-01,17.32,17.46,17.2,17.34,12.4384790733,178500,0.0000,1.0
2006-04-28,17.53,17.59,17.2,17.2,12.33805306,227900,0.0000,1.0
2006-04-27,17.6,17.93,17.31,17.61,12.6321578132,274300,0.0000,1.0
2006-04-26,17.32,17.61,17.22,17.6,12.6249845265,258300,0.0000,1.0
2006-04-25,17.1,17.32,16.9,17.32,12.4241325,197900,0.0000,1.0
2006-04-24,17.41,17.41,17.03,17.12,12.2806667667,160300,0.0000,1.0
2006-04-21,17.7,17.7,17.22,17.41,12.4886920799,199400,0.0000,1.0
2006-04-20,17.31,17.54,17.15,17.41,12.4886920799,216200,0.0000,1.0
2006-04-19,17.25,17.45,17.23,17.25,12.3739194933,289400,0.0000,1.0
2006-04-18,17.27,17.44,17.24,17.25,12.3739194933,337600,0.0000,1.0
2006-04-17,17.2,17.3,17.08,17.21,12.3452263467,210400,0.0000,1.0
2006-04-13,17.47,17.47,17.21,17.22,12.3523996333,250400,0.0000,1.0
2006-04-12,17.56,17.62,17.31,17.52,12.5675982332,305100,0.0000,1.0
2006-04-11,17.35,17.68,17.35,17.63,12.6465043865,258700,0.1100,1.0
2006-04-10,17.74,17.75,17.37,17.47,12.4540265858,480900,0.0000,1.0
2006-04-07,18.4,18.42,17.77,17.86,12.7320500757,238000,0.0000,1.0
2006-04-06,18.47,18.47,18.06,18.31,13.0528464102,126500,0.0000,1.0
2006-04-05,18.44,18.73,18.21,18.47,13.1669073291,218800,0.0000,1.0
2006-04-04,18.75,18.78,18.43,18.48,13.1740361366,177100,0.0000,1.0
2006-04-03,19.15,19.16,18.7,18.75,13.3665139373,217700,0.0000,1.0
2006-03-31,18.55,19.17,18.55,19.17,13.6659238494,301000,0.0000,1.0
2006-03-30,18.33,18.99,18.3,18.56,13.231066596,515800,0.0000,1.0
2006-03-29,17.61,17.98,17.61,17.83,12.7106636534,192700,0.0000,1.0
2006-03-28,17.5,17.86,17.5,17.61,12.5538298899,180000,0.0000,1.0
2006-03-27,17.5,17.6,17.38,17.5,12.4754130081,207400,0.0000,1.0
2006-03-24,17.62,17.67,17.48,17.53,12.4967994304,144000,0.0000,1.0
2006-03-23,17.5,17.58,17.31,17.54,12.5039282378,146100,0.0000,1.0
2006-03-22,17.01,17.59,17.0,17.59,12.539572275,173300,0.0000,1.0
2006-03-21,17.22,17.48,17.01,17.05,12.1546166736,293200,0.0000,1.0
2006-03-20,17.2,17.3,17.064,17.26,12.3043216297,185300,0.0000,1.0
2006-03-17,17.05,17.3,16.98,17.2,12.2615487851,515500,0.0000,1.0
2006-03-16,17.49,17.6,16.98,17.05,12.1546166736,290700,0.0000,1.0
2006-03-15,17.06,17.47,16.87,17.42,12.4183825486,289400,0.0000,1.0
2006-03-14,16.76,17.06,16.35,17.06,12.161745481,795600,0.0000,1.0
2006-03-13,17.25,18.65,16.86,17.41,12.4112537412,636100,0.0000,1.0
2006-03-10,18.76,18.89,18.63,18.74,13.3593851298,90200,0.0000,1.0
2006-03-09,18.66,18.95,18.58,18.71,13.3379987075,105200,0.0000,1.0
2006-03-08,18.85,18.88,18.54,18.66,13.3023546704,67800,0.0000,1.0
2006-03-07,18.75,18.85,18.65,18.85,13.4378020116,124100,0.0000,1.0
2006-03-06,18.45,18.87,18.45,18.77,13.3807715521,106700,0.0000,1.0
2006-03-03,18.55,18.79,18.47,18.73,13.3522563224,136900,0.0000,1.0
2006-03-02,18.68,18.75,18.51,18.65,13.2952258629,163600,0.0000,1.0
2006-03-01,18.54,18.79,18.45,18.73,13.3522563224,149000,0.0000,1.0
2006-02-28,18.8,18.8,18.45,18.45,13.1526497143,163200,0.0000,1.0
2006-02-27,18.65,18.91,18.65,18.81,13.4092867818,145100,0.0000,1.0
2006-02-24,18.47,18.79,18.45,18.71,13.3379987075,201900,0.0000,1.0
2006-02-23,18.71,18.84,18.56,18.57,13.2381954035,162800,0.0000,1.0
2006-02-22,18.68,18.9,18.68,18.75,13.3665139373,165300,0.0000,1.0
2006-02-21,18.87,18.97,18.65,18.71,13.3379987075,160400,0.0000,1.0
2006-02-17,18.99,19.03,18.83,18.89,13.4663172413,111600,0.0000,1.0
2006-02-16,18.9,19.05,18.9,18.99,13.5376053156,128900,0.0000,1.0
2006-02-15,18.86,19.03,18.86,18.9,13.4734460487,168800,0.0000,1.0
2006-02-14,18.85,19.1,18.76,18.93,13.494832471,147400,0.0000,1.0
2006-02-13,18.93,19.02,18.77,18.8,13.4021579744,178300,0.0000,1.0
2006-02-10,18.91,19.0,18.83,18.95,13.5090900859,123600,0.0000,1.0
2006-02-09,19.11,19.14,18.91,18.96,13.5162188933,140600,0.0000,1.0
2006-02-08,18.91,19.17,18.91,19.11,13.6231510048,124500,0.0000,1.0
2006-02-07,19.13,19.4,18.92,18.95,13.5090900859,110100,0.0000,1.0
2006-02-06,19.0,19.3,18.92,19.21,13.6944390792,165000,0.0000,1.0
2006-02-03,18.7,19.27,18.7,19.01,13.5518629305,162000,0.0000,1.0
2006-02-02,19.03,19.1,18.78,18.84,13.4306732041,138200,0.0000,1.0
2006-02-01,19.13,19.18,19.05,19.11,13.6231510048,105500,0.0000,1.0
2006-01-31,19.0,19.24,18.93,19.11,13.6231510048,150400,0.0000,1.0
2006-01-30,19.05,19.14,18.95,19.06,13.5875069677,186400,0.0000,1.0
2006-01-27,19.3,19.39,18.96,19.07,13.5946357751,164800,0.0000,1.0
2006-01-26,19.29,19.47,19.01,19.37,13.8084999981,197200,0.0000,1.0
2006-01-25,19.29,19.29,19.04,19.29,13.7514695386,111000,0.0000,1.0
2006-01-24,19.15,19.32,19.05,19.29,13.7514695386,165900,0.0000,1.0
2006-01-23,19.07,19.4,18.98,19.09,13.60889339,209100,0.0000,1.0
2006-01-20,19.45,19.45,18.97,19.03,13.5661205454,160700,0.0000,1.0
2006-01-19,19.54,19.54,19.33,19.35,13.7942423832,125700,0.0000,1.0
2006-01-18,19.5,19.64,19.45,19.54,13.9296897245,149100,0.0000,1.0
2006-01-17,19.7,19.7,19.5,19.5,13.9011744947,137600,0.0000,1.0
2006-01-13,19.69,19.87,19.6,19.7,14.0437506434,79200,0.0000,1.0
2006-01-12,19.85,19.9,19.54,19.72,14.0580082583,104900,0.0000,1.0
2006-01-11,20.23,20.23,19.65,19.95,14.2219708292,139000,0.1100,1.0
2006-01-10,20.05,20.49,19.92,20.33,14.4133931684,109100,0.0000,1.0
2006-01-09,20.06,20.36,20.02,20.2,14.321226857,132900,0.0000,1.0
2006-01-06,19.89,20.0,19.84,19.99,14.1723428154,138700,0.0000,1.0
2006-01-05,19.71,20.1,19.71,19.89,14.1014456527,126700,0.0000,1.0
2006-01-04,19.6,19.86,19.52,19.8,14.0376382063,228000,0.0000,1.0
2006-01-03,19.6,19.8,19.44,19.68,13.9525616111,406200,0.0000,1.0
2005-12-30,19.55,19.72,19.41,19.55,13.8603952997,227100,0.0000,1.0
2005-12-29,19.58,19.8,19.4,19.66,13.9383821786,225100,0.0000,1.0
2005-12-28,19.85,19.9,19.52,19.58,13.8816644485,204200,0.0000,1.0
2005-12-27,19.94,20.18,19.71,19.75,14.002189625,257600,0.0000,1.0
2005-12-23,19.91,20.09,19.8,19.94,14.136894234,252200,0.0000,1.0
2005-12-22,19.85,19.9,19.7,19.83,14.0589073551,194800,0.0000,1.0
2005-12-21,20.06,20.09,19.75,19.83,14.0589073551,233200,0.0000,1.0
2005-12-20,19.79,20.05,19.7,19.95,14.1439839503,134100,0.0000,1.0
2005-12-19,20.1,20.1,19.42,19.79,14.0305484901,266200,0.0000,1.0
2005-12-16,20.39,20.39,19.98,20.15,14.2857782756,634900,0.0000,1.0
2005-12-15,20.83,21.19,20.27,20.39,14.455931466,273800,0.0000,1.0
2005-12-14,20.43,21.0,20.43,20.6,14.6048155076,224400,0.0000,1.0
2005-12-13,20.39,20.56,20.2,20.43,14.4842903311,205300,0.0000,1.0
2005-12-12,20.9,20.95,20.27,20.47,14.5126491961,246000,0.0000,1.0
2005-12-09,20.83,21.24,20.54,20.75,14.7111612516,145300,0.0000,1.0
2005-12-08,20.83,21.04,20.49,20.78,14.7324304004,166700,0.0000,1.0
2005-12-07,20.81,20.92,20.64,20.84,14.774968698,118600,0.0000,1.0
2005-12-06,21.1,21.44,20.75,20.86,14.7891481305,99800,0.0000,1.0
2005-12-05,21.22,21.22,20.68,21.01,14.8954938745,123200,0.0000,1.0
2005-12-02,21.53,21.53,20.98,21.37,15.1507236601,215100,0.0000,1.0
2005-12-01,21.55,21.8,21.54,21.65,15.3492357155,172200,0.0000,1.0
2005-11-30,21.12,21.89,21.01,21.55,15.2783385528,345000,0.0000,1.0
2005-11-29,20.95,21.25,20.82,21.05,14.9238527396,102600,0.0000,1.0
2005-11-28,21.04,21.1,20.63,20.83,14.7678789817,119700,0.0000,1.0
2005-11-25,20.8,21.18,20.7,21.09,14.9522116046,23300,0.0000,1.0
2005-11-23,20.96,21.15,20.8,20.86,14.7891481305,114300,0.0000,1.0
2005-11-22,21.34,21.34,21.03,21.09,14.9522116046,134800,0.0000,1.0
2005-11-21,20.91,21.38,20.695,21.33,15.122364795,113100,0.0000,1.0
2005-11-18,20.63,20.91,20.41,20.9,14.8175069956,146100,0.0000,1.0
2005-11-17,20.0,20.42,20.0,20.42,14.4772006148,66300,0.0000,1.0
2005-11-16,19.69,19.94,19.54,19.94,14.136894234,105600,0.0000,1.0
2005-11-15,20.24,20.24,19.62,19.74,13.9950999087,96600,0.0000,1.0
2005-11-14,20.52,20.52,20.0,20.3,14.3921240196,54400,0.0000,1.0
2005-11-11,20.52,20.57,20.35,20.53,14.5551874937,31800,0.0000,1.0
2005-11-10,20.4,20.6,20.01,20.58,14.5906360751,82800,0.0000,1.0
2005-11-09,20.26,20.6,20.12,20.45,14.4984697636,81200,0.0000,1.0
2005-11-08,20.23,20.36,19.97,20.26,14.3637651546,73500,0.0000,1.0
2005-11-07,20.0,20.47,19.89,20.39,14.455931466,81200,0.0000,1.0
2005-11-04,20.3,20.47,19.85,20.08,14.2361502618,129900,0.0000,1.0
2005-11-03,20.2,20.27,20.0,20.21,14.3283165732,102000,0.0000,1.0
2005-11-02,19.5,20.14,19.5,20.08,14.2361502618,212100,0.0000,1.0
2005-11-01,19.71,19.74,19.34,19.5,13.8249467183,98100,0.0000,1.0
2005-10-31,19.5,19.94,19.5,19.78,14.0234587738,142300,0.0000,1.0
2005-10-28,19.38,19.66,19.3,19.49,13.8178570021,94900,0.0000,1.0
2005-10-27,19.4,19.51,19.19,19.31,13.6902421093,78200,0.0000,1.0
2005-10-26,19.8,19.94,19.46,19.54,13.8533055834,126400,0.0000,1.0
2005-10-25,19.95,19.95,19.36,19.88,14.0943559364,124600,0.0000,1.0
2005-10-24,19.7,20.0,19.54,20.0,14.1794325316,79500,0.0000,1.0
2005-10-21,19.71,20.03,19.54,19.6,13.895843881,93800,0.0000,1.0
2005-10-20,20.1,20.12,19.36,19.71,13.9738307599,152300,0.0000,1.0
2005-10-19,19.4,20.2,19.19,20.2,14.321226857,130400,0.0000,1.0
2005-10-18,19.7,19.74,19.3,19.5,13.8249467183,114000,0.0000,1.0
2005-10-17,19.6,19.62,19.17,19.56,13.8674850159,103800,0.0000,1.0
2005-10-14,19.69,19.85,19.41,19.7,13.9667410437,92100,0.0000,1.0
2005-10-13,19.35,19.71,19.2,19.52,13.8391261509,136400,0.0000,1.0
2005-10-12,19.65,19.78,19.18,19.43,13.7753187045,99100,0.1050,1.0
2005-10-11,20.3,20.3,19.81,19.83,13.9833411779,143800,0.0000,1.0
2005-10-10,20.12,20.24,19.74,20.23,14.2654055486,148100,0.0000,1.0
2005-10-07,19.9,20.33,19.9,20.22,14.2583539393,158400,0.0000,1.0
2005-10-06,20.02,20.34,19.6,19.9,14.0327024428,201200,0.0000,1.0
2005-10-05,21.0,21.01,20.02,20.07,14.1525798003,213700,0.0000,1.0
2005-10-04,20.95,21.05,20.77,20.95,14.7731214159,168800,0.0000,1.0
2005-10-03,20.78,21.0,20.78,20.95,14.7731214159,219800,0.0000,1.0
2005-09-30,20.88,20.88,20.5,20.81,14.6743988861,118000,0.0000,1.0
2005-09-29,20.42,20.88,20.17,20.88,14.723760151,108100,0.0000,1.0
2005-09-28,20.7,20.7,20.23,20.56,14.4981086544,92700,0.0000,1.0
2005-09-27,20.54,20.88,20.2,20.61,14.5333667008,144700,0.0000,1.0
2005-09-26,20.65,20.71,20.37,20.56,14.4981086544,131500,0.0000,1.0
2005-09-23,20.52,20.68,20.29,20.51,14.4628506081,102800,0.0000,1.0
2005-09-22,20.45,20.74,20.2,20.74,14.6250376212,150900,0.0000,1.0
2005-09-21,20.7,21.01,20.41,20.52,14.4699022174,224600,0.0000,1.0
2005-09-20,20.75,20.9,20.57,20.75,14.6320892305,194600,0.0000,1.0
2005-09-19,20.84,20.84,20.57,20.65,14.5615731378,130700,0.0000,1.0
2005-09-16,20.6,20.95,20.32,20.82,14.6814504954,602100,0.0000,1.0
2005-09-15,20.97,20.97,20.38,20.45,14.4205409525,159400,0.0000,1.0
2005-09-14,20.98,21.06,20.84,20.9,14.7378633695,203400,0.0000,1.0
2005-09-13,21.2,21.2,20.78,20.87,14.7167085417,278300,0.0000,1.0
2005-09-12,20.56,21.43,20.4,21.35,15.0551857866,425100,0.0000,1.0
2005-09-09,19.99,20.78,19.875,20.67,14.5756763564,210100,0.0000,1.0
2005-09-08,20.9,20.97,19.82,19.95,14.0679604891,221600,0.0000,1.0
2005-09-07,20.0,20.2,19.74,20.19,14.2371991115,69500,0.0000,1.0
2005-09-06,19.73,20.18,19.73,20.18,14.2301475023,136900,0.0000,1.0
2005-09-02,19.67,19.8,19.5,19.66,13.8634638203,51200,0.0000,1.0
2005-09-01,19.83,20.02,19.5,19.66,13.8634638203,121200,0.0000,1.0
2005-08-31,19.35,19.9,19.29,19.83,13.9833411779,118100,0.0000,1.0
2005-08-30,19.22,19.4,19.14,19.35,13.644863933,63700,0.0000,1.0
2005-08-29,19.17,19.52,19.03,19.38,13.6660187608,79500,0.0000,1.0
2005-08-26,19.65,19.65,19.08,19.16,13.5108833569,94900,0.0000,1.0
2005-08-25,19.2,19.72,19.11,19.65,13.8564122111,110000,0.0000,1.0
2005-08-24,19.22,19.76,19.18,19.18,13.5249865755,121500,0.0000,1.0
2005-08-23,19.34,19.37,19.09,19.23,13.5602446218,90200,0.0000,1.0
2005-08-22,19.19,19.37,19.04,19.36,13.6519155423,68100,0.0000,1.0
2005-08-19,18.9,19.21,18.76,19.13,13.4897285291,90300,0.0000,1.0
2005-08-18,18.98,19.09,18.77,18.94,13.3557479531,123800,0.0000,1.0
2005-08-17,18.9,19.17,18.79,19.0,13.3980576087,179800,0.0000,1.0
2005-08-16,19.26,19.38,18.9,18.9,13.327541516,186200,0.0000,1.0
2005-08-15,19.23,19.45,19.2,19.33,13.6307607145,116600,0.0000,1.0
2005-08-12,19.83,19.83,19.36,19.36,13.6519155423,131600,0.0000,1.0
2005-08-11,19.35,19.87,19.24,19.8,13.9621863501,180100,0.0000,1.0
2005-08-10,19.64,19.74,19.28,19.4,13.6801219794,95200,0.0000,1.0
2005-08-09,19.49,19.59,19.25,19.48,13.7365348535,107800,0.0000,1.0
2005-08-08,19.48,19.6,19.06,19.48,13.7365348535,136700,0.0000,1.0
2005-08-05,19.4,19.56,19.16,19.5,13.7506380721,143800,0.0000,1.0
2005-08-04,20.0,20.0,19.38,19.46,13.722431635,134100,0.0000,1.0
2005-08-03,20.3,20.3,19.98,20.06,14.145528191,97200,0.0000,1.0
2005-08-02,19.89,20.42,19.85,20.42,14.3993861247,215400,0.0000,1.0
2005-08-01,19.61,19.98,19.59,19.85,13.9974443964,99000,0.0000,1.0
2005-07-29,19.8,19.92,19.51,19.6,13.8211541647,139500,0.0000,1.0
2005-07-28,19.62,19.97,19.51,19.97,14.0820637076,156500,0.0000,1.0
2005-07-27,19.8,19.84,19.59,19.6,13.8211541647,149400,0.0000,1.0
2005-07-26,19.75,19.95,19.59,19.79,13.9551347408,139300,0.0000,1.0
2005-07-25,19.8,19.97,19.65,19.75,13.9269283037,145500,0.0000,1.0
2005-07-22,19.47,19.9,19.41,19.9,14.0327024428,159200,0.0000,1.0
2005-07-21,19.85,19.95,19.48,19.53,13.7717928999,188700,0.0000,1.0
2005-07-20,19.48,19.8,19.47,19.78,13.9480831315,150000,0.0000,1.0
2005-07-19,19.5,19.66,19.5,19.62,13.8352573833,219000,0.0000,1.0
2005-07-18,19.64,19.69,19.42,19.5,13.7506380721,224800,0.0000,1.0
2005-07-15,19.71,19.84,19.55,19.63,13.8423089925,174600,0.0000,1.0
2005-07-14,19.9,19.98,19.71,19.76,13.933979913,112400,0.0000,1.0
2005-07-13,19.92,20.0,19.79,19.85,13.9974443964,154700,0.0000,1.0
2005-07-12,19.8,20.03,19.8,19.92,14.0468056613,312700,0.0000,1.0
2005-07-11,19.84,20.27,19.78,19.95,14.0679604891,205700,0.0000,1.0
2005-07-08,19.75,19.99,19.74,19.86,14.0044960057,248200,0.0000,1.0
2005-07-07,19.57,19.97,19.5,19.8,13.9621863501,220400,0.0000,1.0
2005-07-06,19.73,19.8,19.65,19.77,13.9410315223,199300,0.1050,1.0
2005-07-05,19.84,19.95,19.58,19.8,13.8884238562,185900,0.0000,1.0
2005-07-01,19.43,19.83,19.39,19.83,13.9094669226,149700,0.0000,1.0
2005-06-30,19.53,19.68,19.38,19.5,13.6779931917,157300,0.0000,1.0
2005-06-29,19.2,19.58,19.18,19.46,13.6499357697,163300,0.0000,1.0
2005-06-28,19.0,19.25,18.89,19.24,13.4956199491,167900,0.0000,1.0
2005-06-27,18.87,19.06,18.8,18.94,13.2851892846,110300,0.0000,1.0
2005-06-24,19.3,19.41,18.97,19.0,13.3272754175,175400,0.0000,1.0
2005-06-23,19.4,19.59,19.12,19.37,13.5868065704,197200,0.0000,1.0
2005-06-22,19.46,19.67,19.27,19.52,13.6920219026,190700,0.0000,1.0
2005-06-21,19.33,19.52,19.29,19.44,13.6359070588,228200,0.0000,1.0
2005-06-20,19.58,19.6,19.26,19.3,13.537706082,197900,0.0000,1.0
2005-06-17,19.48,19.81,19.42,19.57,13.7270936801,277000,0.0000,1.0
2005-06-16,18.83,19.4,18.8,19.4,13.6078496368,159000,0.0000,1.0
2005-06-15,18.51,18.94,18.42,18.9,13.2571318627,358000,0.0000,1.0
2005-06-14,18.21,18.65,18.21,18.49,12.9695432879,191800,0.0000,1.0
2005-06-13,18.2,18.51,18.18,18.3,12.8362705337,187600,0.0000,1.0
2005-06-10,18.79,18.79,18.3,18.32,12.8502992447,242200,0.0000,1.0
2005-06-09,19.05,19.05,18.52,18.79,13.1799739524,314900,0.0000,1.0
2005-06-08,19.7,20.2,18.8,18.99,13.320261062,322100,0.0000,1.0
2005-06-07,19.55,19.75,19.39,19.54,13.7060506136,108000,0.0000,1.0
2005-06-06,19.29,19.59,19.07,19.5,13.6779931917,96900,0.0000,1.0
2005-06-03,19.36,19.49,19.15,19.34,13.5657635039,62800,0.0000,1.0
2005-06-02,19.5,19.55,19.36,19.43,13.6288927033,126400,0.0000,1.0
2005-06-01,19.17,19.5,19.17,19.5,13.6779931917,96000,0.0000,1.0
2005-05-31,19.12,19.29,19.02,19.07,13.3763759059,50900,0.0000,1.0
2005-05-27,19.05,19.25,18.91,19.22,13.4815912381,76600,0.0000,1.0
2005-05-26,18.9,19.25,18.81,19.16,13.4395051053,71900,0.0000,1.0
2005-05-25,19.3,19.3,18.83,18.85,13.2220600853,82300,0.0000,1.0
2005-05-24,19.38,19.47,19.2,19.35,13.5727778594,63600,0.0000,1.0
2005-05-23,19.21,19.5,19.21,19.42,13.6218783478,50100,0.0000,1.0
2005-05-20,19.49,19.49,19.06,19.31,13.5447204375,67000,0.0000,1.0
2005-05-19,19.05,19.47,19.05,19.45,13.6429214143,101400,0.0000,1.0
2005-05-18,18.74,19.2,18.74,19.15,13.4324907498,106400,0.0000,1.0
2005-05-17,18.7,18.95,18.5,18.74,13.144902175,67300,0.0000,1.0
2005-05-16,18.35,18.82,18.35,18.82,13.2010170188,66200,0.0000,1.0
2005-05-13,18.54,18.65,18.35,18.35,12.8713423111,71300,0.0000,1.0
2005-05-12,18.73,18.86,18.52,18.54,13.0046150653,120000,0.0000,1.0
2005-05-11,18.81,18.85,18.5,18.73,13.1378878195,70900,0.0000,1.0
2005-05-10,18.78,19.0,18.59,18.72,13.130873464,116200,0.0000,1.0
2005-05-09,18.67,18.88,18.47,18.88,13.2431031517,63400,0.0000,1.0
2005-05-06,18.51,18.7,18.43,18.67,13.0958016866,69100,0.0000,1.0
2005-05-05,18.65,18.69,18.35,18.44,12.9344715105,100600,0.0000,1.0
2005-05-04,18.35,18.68,18.35,18.68,13.1028160421,65000,0.0000,1.0
2005-05-03,18.35,18.4,18.08,18.27,12.8152274673,95200,0.0000,1.0
2005-05-02,18.17,18.41,18.16,18.41,12.913428444,74400,0.0000,1.0
2005-04-29,18.45,18.5,18.02,18.17,12.7450839124,87700,0.0000,1.0
2005-04-28,18.27,18.41,18.18,18.35,12.8713423111,131600,0.0000,1.0
2005-04-27,18.44,18.76,18.35,18.36,12.8783566666,104300,0.0000,1.0
2005-04-26,18.45,18.68,18.35,18.44,12.9344715105,145900,0.0000,1.0
2005-04-25,18.5,18.55,18.22,18.55,13.0116294208,91000,0.0000,1.0
2005-04-22,18.8,18.8,18.11,18.5,12.9765576434,168300,0.0000,1.0
2005-04-21,18.2,18.89,18.15,18.89,13.2501175072,120500,0.0000,1.0
2005-04-20,18.62,18.62,18.01,18.15,12.7310552015,138500,0.0000,1.0
2005-04-19,18.55,18.75,18.42,18.63,13.0677442647,129500,0.0000,1.0
2005-04-18,18.65,18.75,18.44,18.65,13.0817729756,122100,0.0000,1.0
2005-04-15,18.53,18.75,18.53,18.61,13.0537155537,148300,0.0000,1.0
2005-04-14,18.81,19.06,18.48,18.52,12.9905863543,144700,0.0000,1.0
2005-04-13,19.18,19.26,18.65,18.87,13.2360887962,131200,0.0000,1.0
2005-04-12,18.73,19.32,18.6,19.29,13.5306917265,127900,0.0000,1.0
2005-04-11,19.18,19.42,18.8,18.8,13.1869883079,85800,0.0000,1.0
2005-04-08,19.2,19.45,19.18,19.18,13.4535338162,125200,0.0000,1.0
2005-04-07,19.0,19.38,19.0,19.23,13.4886055936,105400,0.0000,1.0
2005-04-06,19.35,19.48,19.03,19.03,13.348318484,158600,0.1050,1.0
2005-04-05,19.37,19.5,19.1,19.34,13.4913237251,180400,0.0000,1.0
2005-04-04,18.85,19.5,18.7,19.43,13.5541065139,124100,0.0000,1.0
2005-04-01,19.24,19.35,18.9,18.97,13.2332167045,136800,0.0000,1.0
2005-03-31,19.17,19.27,19.02,19.23,13.4145892055,172100,0.0000,1.0
2005-03-30,19.21,19.42,19.16,19.25,13.4285409363,130400,0.0000,1.0
2005-03-29,19.15,19.38,19.0,19.24,13.4215650709,183400,0.0000,1.0
2005-03-28,19.36,19.45,18.97,19.05,13.2890236279,136000,0.0000,1.0
2005-03-24,19.22,19.46,19.22,19.31,13.4703961288,103700,0.0000,1.0
2005-03-23,19.27,19.44,19.12,19.21,13.4006374746,164600,0.0000,1.0
2005-03-22,19.27,19.47,19.17,19.34,13.4913237251,120400,0.0000,1.0
2005-03-21,19.3,19.49,19.11,19.42,13.5471306485,128600,0.0000,1.0
2005-03-18,19.88,19.88,19.35,19.45,13.5680582447,336000,0.0000,1.0
2005-03-17,19.65,20.03,19.51,19.87,13.8610445925,159000,0.0000,1.0
2005-03-16,19.75,19.85,19.58,19.66,13.7145514186,157400,0.0000,1.0
2005-03-15,19.7,19.88,19.59,19.76,13.7843100728,512400,0.0000,1.0
2005-03-14,19.05,19.54,19.05,19.51,13.6099134373,174700,0.0000,1.0
2005-03-11,19.09,19.37,18.91,18.95,13.2192649737,548800,0.0000,1.0
2005-03-10,19.37,19.76,19.12,19.19,13.3866857438,209200,0.0000,1.0
2005-03-09,19.29,19.68,19.15,19.5,13.6029375719,255000,0.0000,1.0
2005-03-08,19.45,20.18,19.29,19.29,13.456444398,382400,0.0000,1.0
2005-03-07,18.74,19.1,18.71,18.85,13.1495063195,93100,0.0000,1.0
2005-03-04,18.7,18.78,18.52,18.73,13.0657959344,136800,0.0000,1.0
2005-03-03,18.68,18.77,18.25,18.58,12.9611579531,85900,0.0000,1.0
2005-03-02,18.47,18.85,18.45,18.56,12.9472062222,124300,0.0000,1.0
2005-03-01,18.4,18.81,18.38,18.67,13.0239407419,139500,0.0000,1.0
2005-02-28,18.55,18.6,18.29,18.53,12.926278626,115200,0.0000,1.0
2005-02-25,18.25,18.62,18.19,18.61,12.9820855493,92100,0.0000,1.0
2005-02-24,18.32,18.45,18.06,18.42,12.8495441063,73300,0.0000,1.0
2005-02-23,18.32,18.55,18.3,18.35,12.8007130484,116100,0.0000,1.0
2005-02-22,18.45,18.5,18.29,18.32,12.7797854521,154800,0.0000,1.0
2005-02-18,18.41,18.55,18.36,18.5,12.9053510297,143000,0.0000,1.0
2005-02-17,18.6,18.65,18.35,18.4,12.8355923755,145800,0.0000,1.0
2005-02-16,18.41,18.59,18.29,18.5,12.9053510297,88700,0.0000,1.0
2005-02-15,18.3,18.55,18.26,18.4,12.8355923755,99400,0.0000,1.0
2005-02-14,18.32,18.59,18.32,18.35,12.8007130484,90600,0.0000,1.0
2005-02-11,18.1,18.6,18.05,18.42,12.8495441063,85100,0.0000,1.0
2005-02-10,18.12,18.2,18.05,18.1,12.6263164129,154000,0.0000,1.0
2005-02-09,18.5,18.5,18.05,18.1,12.6263164129,126800,0.0000,1.0
2005-02-08,18.55,18.69,18.41,18.5,12.9053510297,108600,0.0000,1.0
2005-02-07,18.25,18.67,18.25,18.67,13.0239407419,179600,0.0000,1.0
2005-02-04,18.3,18.5,18.25,18.4,12.8355923755,137100,0.0000,1.0
2005-02-03,18.47,18.5,18.06,18.2,12.6960750671,103500,0.0000,1.0
2005-02-02,18.07,18.24,17.99,18.22,12.7100267979,298600,0.0000,1.0
2005-02-01,18.3,18.36,18.05,18.09,12.6193405474,237200,0.0000,1.0
2005-01-31,18.11,18.4,18.09,18.3,12.7658337213,143700,0.0000,1.0
2005-01-28,18.35,18.5,18.1,18.11,12.6332922783,102300,0.0000,1.0
2005-01-27,18.34,18.5,18.13,18.27,12.744906125,105600,0.0000,1.0
2005-01-26,18.06,18.62,18.06,18.54,12.9332544914,170800,0.0000,1.0
2005-01-25,17.96,18.39,17.91,18.17,12.6751474708,169300,0.0000,1.0
2005-01-24,18.07,18.24,17.83,17.99,12.5495818932,195200,0.0000,1.0
2005-01-21,18.05,18.35,17.9,18.02,12.5705094895,158800,0.0000,1.0
2005-01-20,18.2,18.34,18.04,18.15,12.66119574,103700,0.0000,1.0
2005-01-19,18.59,18.7,18.2,18.26,12.7379302596,105100,0.0000,1.0
2005-01-18,18.1,18.7,18.1,18.66,13.0169648765,145700,0.0000,1.0
2005-01-14,18.27,18.33,18.0,18.24,12.7239785288,245900,0.0000,1.0
2005-01-13,18.5,18.63,18.17,18.17,12.6751474708,158200,0.0000,1.0
2005-01-12,18.52,18.55,18.2,18.41,12.8425682409,93200,0.1050,1.0
2005-01-11,18.77,18.77,18.45,18.5,12.8321637838,128200,0.0000,1.0
2005-01-10,18.57,19.03,18.5,18.89,13.102679669,162400,0.0000,1.0
2005-01-07,18.77,19.19,18.51,18.67,12.9500809645,230100,0.0000,1.0
2005-01-06,18.42,19.07,18.31,18.82,13.0541255357,149200,0.0000,1.0
2005-01-05,18.5,19.08,18.5,18.51,12.8391000885,225300,0.0000,1.0
2005-01-04,18.82,19.19,18.41,18.52,12.8460363933,209200,0.0000,1.0
2005-01-03,19.69,19.9,18.81,18.92,13.1234885832,223500,0.0000,1.0
2004-12-31,19.88,19.89,19.45,19.72,13.6783929631,89000,0.0000,1.0
2004-12-30,19.81,19.97,19.76,19.78,13.7200107915,77500,0.0000,1.0
2004-12-29,19.4,19.81,19.4,19.6,13.5951573061,66100,0.0000,1.0
2004-12-28,19.37,19.7,19.24,19.46,13.4980490396,142400,0.0000,1.0
2004-12-27,19.95,19.99,19.33,19.45,13.4911127349,118500,0.0000,1.0
2004-12-23,19.83,20.06,19.54,19.86,13.7755012295,128100,0.0000,1.0
2004-12-22,19.38,19.76,19.32,19.73,13.6853292678,97100,0.0000,1.0
2004-12-21,19.15,19.48,19.11,19.48,13.5119216491,158000,0.0000,1.0
2004-12-20,19.62,19.68,19.23,19.34,13.4148133826,305100,0.0000,1.0
2004-12-17,19.95,20.03,19.7,19.74,13.6922655725,159800,0.0000,1.0
2004-12-16,19.74,20.01,19.57,19.95,13.8379279723,181700,0.0000,1.0
2004-12-15,20.0,20.07,19.58,19.74,13.6922655725,309400,0.0000,1.0
2004-12-14,20.2,20.37,19.99,20.0,13.872609496,285200,0.0000,1.0
2004-12-13,21.39,21.52,19.76,20.05,13.9072910197,375900,0.0000,1.0
2004-12-10,21.01,21.55,20.81,21.49,14.9061189034,160400,0.0000,1.0
2004-12-09,20.99,21.12,20.57,21.11,14.642539323,164500,0.0000,1.0
2004-12-08,20.92,21.29,20.92,21.14,14.6633482373,150800,0.0000,1.0
2004-12-07,21.39,21.49,20.83,20.92,14.5107495328,193000,0.0000,1.0
2004-12-06,21.65,21.83,21.57,21.6,14.9824182557,160900,0.0000,1.0
2004-12-03,22.01,22.12,21.78,21.81,15.1280806554,136000,0.0000,1.0
2004-12-02,22.29,22.47,22.11,22.25,15.4332780643,199800,0.0000,1.0
2004-12-01,21.9,22.49,21.9,22.39,15.5303863308,193700,0.0000,1.0
2004-11-30,21.75,22.09,21.65,21.95,15.2251889219,162000,0.0000,1.0
2004-11-29,21.71,21.98,21.42,21.85,15.1558258744,145200,0.0000,1.0
2004-11-26,21.67,21.85,21.61,21.61,14.9893545604,10100,0.0000,1.0
2004-11-24,21.5,21.85,21.44,21.77,15.1003354364,108300,0.0000,1.0
2004-11-23,21.5,21.74,21.33,21.5,14.9130552082,107700,0.0000,1.0
2004-11-22,21.15,21.63,21.1,21.6,14.9824182557,98500,0.0000,1.0
2004-11-19,21.63,21.69,21.25,21.25,14.7396475895,101700,0.0000,1.0
2004-11-18,21.66,21.92,21.4,21.66,15.0240360842,122100,0.0000,1.0
2004-11-17,21.67,21.99,21.62,21.74,15.0795265221,166200,0.0000,1.0
2004-11-16,21.7,21.97,21.59,21.65,15.0170997794,79800,0.0000,1.0
2004-11-15,21.7,21.92,21.55,21.84,15.1488895696,88000,0.0000,1.0
2004-11-12,21.69,21.9,21.55,21.85,15.1558258744,108900,0.0000,1.0
2004-11-11,21.11,21.86,21.11,21.84,15.1488895696,130900,0.0000,1.0
2004-11-10,21.3,21.65,21.1,21.11,14.642539323,117300,0.0000,1.0
2004-11-09,21.01,21.21,20.97,21.1,14.6356030183,84900,0.0000,1.0
2004-11-08,21.41,21.41,21.02,21.06,14.6078577993,177400,0.0000,1.0
2004-11-05,21.49,21.55,21.13,21.41,14.8506284655,213600,0.0000,1.0
2004-11-04,21.05,21.47,20.96,21.31,14.781265418,236300,0.0000,1.0
2004-11-03,20.77,21.22,20.77,21.18,14.6910934563,158800,0.0000,1.0
2004-11-02,20.85,21.36,20.55,20.67,14.3373419141,130300,0.0000,1.0
2004-11-01,20.6,21.1,20.37,21.04,14.5939851898,107000,0.0000,1.0
2004-10-29,20.5,20.8,20.45,20.75,14.3928323521,75500,0.0000,1.0
2004-10-28,20.77,20.89,20.43,20.67,14.3373419141,86600,0.0000,1.0
2004-10-27,20.36,20.87,20.32,20.87,14.4760680091,156000,0.0000,1.0
2004-10-26,20.0,20.57,19.75,20.46,14.1916795144,96000,0.0000,1.0
2004-10-25,19.51,20.35,19.25,20.07,13.9211636292,167500,0.0000,1.0
2004-10-22,20.15,20.29,19.7,19.71,13.6714566583,54500,0.0000,1.0
2004-10-21,19.93,20.3,19.83,20.15,13.9766540672,77600,0.0000,1.0
2004-10-20,19.76,20.14,19.61,20.13,13.9627814577,86100,0.0000,1.0
2004-10-19,19.93,20.17,19.8,19.86,13.7755012295,55400,0.0000,1.0
2004-10-18,20.19,20.19,19.5,19.93,13.8240553628,129900,0.0000,1.0
2004-10-15,19.82,20.6,19.81,20.18,13.9974629815,135700,0.0000,1.0
2004-10-14,20.01,20.26,19.81,19.81,13.7408197058,89600,0.0000,1.0
2004-10-13,20.02,20.27,19.85,20.05,13.9072910197,155400,0.0000,1.0
2004-10-12,19.95,19.99,19.73,19.89,13.7963101438,120400,0.0000,1.0
2004-10-11,20.01,20.25,19.94,20.2,14.011335591,140300,0.0000,1.0
2004-10-08,20.39,20.55,20.06,20.06,13.9142273245,119700,0.0000,1.0
2004-10-07,20.75,20.8,20.47,20.49,14.2124884286,121900,0.0000,1.0
2004-10-06,20.63,20.74,20.45,20.71,14.3650871331,133700,0.1000,1.0
2004-10-05,20.65,20.93,20.65,20.72,14.3029603747,54900,0.0000,1.0
2004-10-04,20.9,21.01,20.6,20.77,14.3374752405,162500,0.0000,1.0
2004-10-01,20.15,20.7,20.1,20.66,14.2615425358,130100,0.0000,1.0
2004-09-30,20.2,20.38,20.1,20.15,13.909490905,69600,0.0000,1.0
2004-09-29,20.01,20.4,20.01,20.35,14.047550368,70200,0.0000,1.0
2004-09-28,19.91,20.4,19.91,20.12,13.8887819855,108700,0.0000,1.0
2004-09-27,20.04,20.33,19.92,19.96,13.778334415,94100,0.0000,1.0
2004-09-24,20.3,20.55,20.3,20.36,14.0544533412,69200,0.0000,1.0
2004-09-23,20.29,20.6,20.23,20.36,14.0544533412,113300,0.0000,1.0
2004-09-22,20.15,20.39,20.05,20.25,13.9785206365,159700,0.0000,1.0
2004-09-21,20.06,20.5,20.06,20.5,14.1510949653,157100,0.0000,1.0
2004-09-20,20.01,20.39,19.93,20.05,13.8404611734,429000,0.0000,1.0
2004-09-17,20.54,20.59,20.23,20.23,13.9647146902,267100,0.0000,1.0
2004-09-16,19.9,20.55,19.9,20.54,14.1787068579,215900,0.0000,1.0
2004-09-15,19.58,20.13,19.58,19.92,13.7507225224,192000,0.0000,1.0
2004-09-14,20.02,20.14,19.6,19.7,13.598857113,115700,0.0000,1.0
2004-09-13,19.5,20.19,19.5,20.0,13.8059463076,241800,0.0000,1.0
2004-09-10,19.25,19.69,19.11,19.6,13.5298273815,208600,0.0000,1.0
2004-09-09,18.61,19.24,18.61,19.21,13.2606114285,160200,0.0000,1.0
2004-09-08,18.85,19.09,18.35,18.52,12.7843062809,113400,0.0000,1.0
2004-09-07,18.6,19.0,18.6,19.0,13.1156489923,66800,0.0000,1.0
2004-09-03,18.6,18.94,18.51,18.68,12.8947538513,70000,0.0000,1.0
2004-09-02,18.25,18.77,18.25,18.75,12.9430746634,88100,0.0000,1.0
2004-09-01,17.86,18.4,17.86,18.39,12.6945676299,152300,0.0000,1.0
2004-08-31,17.83,18.07,17.69,17.96,12.3977397843,64800,0.0000,1.0
2004-08-30,18.16,18.2,17.89,17.98,12.4115457306,85600,0.0000,1.0
2004-08-27,17.95,18.3,17.85,18.26,12.6048289789,47600,0.0000,1.0
2004-08-26,18.14,18.3,17.99,18.05,12.4598665426,50200,0.0000,1.0
2004-08-25,18.09,18.25,17.92,18.24,12.5910230326,107600,0.0000,1.0
2004-08-24,17.7,18.12,17.7,18.12,12.5081873547,48700,0.0000,1.0
2004-08-23,17.79,17.9,17.55,17.55,12.114717885,149500,0.0000,1.0
2004-08-20,17.55,18.05,17.55,18.04,12.4529635695,61500,0.0000,1.0
2004-08-19,17.8,17.9,17.53,17.7,12.2182624823,62400,0.0000,1.0
2004-08-18,17.62,17.99,17.5,17.93,12.3770308648,51700,0.0000,1.0
2004-08-17,17.64,17.85,17.57,17.6,12.1492327507,59100,0.0000,1.0
2004-08-16,16.9,17.65,16.9,17.65,12.1837476165,85700,0.0000,1.0
2004-08-13,17.15,17.2,16.94,17.12,11.8178900393,69300,0.0000,1.0
2004-08-12,17.27,17.27,16.95,17.05,11.7695692273,102300,0.0000,1.0
2004-08-11,17.58,17.58,17.03,17.52,12.0940089655,125200,0.0000,1.0
2004-08-10,17.1,17.68,17.1,17.68,12.204456536,116000,0.0000,1.0
2004-08-09,16.82,17.1,16.8,17.1,11.804084093,169500,0.0000,1.0
2004-08-06,17.15,17.15,16.77,16.92,11.6798305763,120800,0.0000,1.0
2004-08-05,17.75,17.79,17.19,17.25,11.9076286903,119800,0.0000,1.0
2004-08-04,17.8,17.96,17.52,17.85,12.3218070796,99400,0.0000,1.0
2004-08-03,17.98,18.06,17.76,17.93,12.3770308648,95600,0.0000,1.0
2004-08-02,17.89,18.24,17.75,18.24,12.5910230326,119100,0.0000,1.0
2004-07-30,18.1,18.25,17.7,17.99,12.4184487037,80500,0.0000,1.0
2004-07-29,18.1,18.22,17.69,18.17,12.5427022205,72200,0.0000,1.0
2004-07-28,18.17,18.28,17.6,18.03,12.4460605963,96600,0.0000,1.0
2004-07-27,17.96,18.27,17.81,18.27,12.611731952,55000,0.0000,1.0
2004-07-26,18.15,18.2,17.8,17.97,12.4046427574,108900,0.0000,1.0
2004-07-23,18.01,18.26,17.97,18.18,12.5496051936,107600,0.0000,1.0
2004-07-22,18.16,18.28,18.03,18.05,12.4598665426,130800,0.0000,1.0
2004-07-21,18.6,18.63,18.16,18.16,12.5357992473,97900,0.0000,1.0
2004-07-20,18.47,18.54,18.4,18.5,12.7705003346,187900,0.0000,1.0
2004-07-19,18.4,18.59,18.29,18.47,12.7497914151,111000,0.0000,1.0
2004-07-16,18.67,18.79,18.45,18.51,12.7774033077,83600,0.0000,1.0
2004-07-15,18.54,18.77,18.54,18.67,12.8878508782,80500,0.0000,1.0
2004-07-14,18.9,18.9,18.62,18.62,12.8533360124,102200,0.0000,1.0
2004-07-13,18.8,19.1,18.79,18.99,13.1087460191,77800,0.0000,1.0
2004-07-12,18.62,19.05,18.42,18.85,13.012104395,87100,0.0000,1.0
2004-07-09,18.78,18.9,18.68,18.73,12.9292687171,61900,0.0000,1.0
2004-07-08,19.06,19.21,18.72,18.77,12.9568806097,137400,0.1000,1.0
2004-07-07,18.75,19.37,18.75,19.24,13.2109370923,85700,0.0000,1.0
2004-07-06,19.32,19.32,18.85,18.85,12.9431478269,79800,0.0000,1.0
2004-07-02,19.05,19.45,19.04,19.32,13.2658682236,94900,0.0000,1.0
2004-07-01,19.37,19.49,18.96,19.05,13.0804756553,136200,0.0000,1.0
2004-06-30,19.49,19.55,19.45,19.47,13.3688640949,93500,0.0000,1.0
2004-06-29,19.3,19.55,19.25,19.49,13.3825968778,137000,0.0000,1.0
2004-06-28,19.4,19.59,19.12,19.35,13.2864673979,184300,0.0000,1.0
2004-06-25,18.95,19.4,18.8,19.4,13.320799355,335600,0.0000,1.0
2004-06-24,18.8,19.05,18.75,18.92,12.9912125668,103200,0.0000,1.0
2004-06-23,18.65,18.97,18.4,18.93,12.9980789582,140800,0.0000,1.0
2004-06-22,18.06,18.74,18.05,18.71,12.847018347,255500,0.0000,1.0
2004-06-21,18.31,18.31,17.93,18.1,12.4281684704,194500,0.0000,1.0
2004-06-18,18.41,18.6,18.21,18.36,12.6066946473,209100,0.0000,1.0
2004-06-17,18.0,18.43,18.0,18.41,12.6410266044,177600,0.0000,1.0
2004-06-16,18.35,18.37,18.05,18.05,12.3938365133,204300,0.0000,1.0
2004-06-15,18.17,18.47,18.17,18.33,12.586095473,188400,0.0000,1.0
2004-06-14,18.3,18.3,17.98,18.0,12.3595045562,322500,0.0000,1.0
2004-06-10,18.87,19.09,18.3,18.39,12.6272938216,307900,0.0000,1.0
2004-06-09,19.05,19.26,18.95,19.0,13.0461436982,233600,0.0000,1.0
2004-06-08,19.02,19.63,19.0,19.55,13.4237952263,135000,0.0000,1.0
2004-06-07,18.82,19.32,18.76,19.32,13.2658682236,104400,0.0000,1.0
2004-06-04,18.88,19.05,18.79,19.0,13.0461436982,75200,0.0000,1.0
2004-06-03,19.05,19.05,18.73,18.88,12.9637470011,229500,0.0000,1.0
2004-06-02,19.05,19.19,18.95,19.19,13.1766051352,119700,0.0000,1.0
2004-06-01,18.9,19.08,18.9,19.04,13.0736092639,102900,0.0000,1.0
2004-05-28,19.08,19.18,18.96,19.02,13.059876481,77100,0.0000,1.0
2004-05-27,19.0,19.09,18.91,19.07,13.0942084381,147100,0.0000,1.0
2004-05-26,19.15,19.15,18.91,19.08,13.1010748295,134700,0.0000,1.0
2004-05-25,18.75,19.2,18.75,19.15,13.1491395695,207200,0.0000,1.0
2004-05-24,19.1,19.25,18.87,19.02,13.059876481,224800,0.0000,1.0
2004-05-21,19.18,19.21,18.84,19.1,13.1148076124,199400,0.0000,1.0
2004-05-20,18.5,19.03,18.4,19.01,13.0530100896,162000,0.0000,1.0
2004-05-19,18.27,18.8,18.27,18.67,12.8195527813,130500,0.0000,1.0
2004-05-18,18.55,18.6,18.26,18.4,12.634160213,68100,0.0000,1.0
2004-05-17,18.12,18.55,18.0,18.39,12.6272938216,201100,0.0000,1.0
2004-05-14,18.01,18.44,18.01,18.12,12.4419012532,133000,0.0000,1.0
2004-05-13,18.27,18.47,18.18,18.26,12.5380307331,92100,0.0000,1.0
2004-05-12,17.8,18.34,17.67,18.34,12.5929618645,109600,0.0000,1.0
2004-05-11,18.05,18.12,17.9,18.0,12.3595045562,95700,0.0000,1.0
2004-05-10,17.61,18.25,17.53,17.75,12.1878447707,171600,0.0000,1.0
2004-05-07,18.0,18.33,17.86,17.86,12.2633750763,89100,0.0000,1.0
2004-05-06,18.2,18.42,17.93,18.21,12.503698776,90400,0.0000,1.0
2004-05-05,18.5,18.72,18.44,18.44,12.6616257787,106900,0.0000,1.0
2004-05-04,18.35,18.85,18.2,18.64,12.7989536071,198500,0.0000,1.0
2004-05-03,18.26,18.8,18.2,18.55,12.7371560843,110500,0.0000,1.0
2004-04-30,18.15,18.5,18.14,18.46,12.6753585615,194800,0.0000,1.0
2004-04-29,18.2,18.7,18.11,18.15,12.4625004275,132200,0.0000,1.0
2004-04-28,18.4,18.47,18.18,18.25,12.5311643417,96500,0.0000,1.0
2004-04-27,18.38,18.76,18.38,18.58,12.7577552585,103800,0.0000,1.0
2004-04-26,18.37,18.72,18.26,18.46,12.6753585615,88200,0.0000,1.0
2004-04-23,18.52,18.59,18.26,18.52,12.71655691,86400,0.0000,1.0
2004-04-22,18.05,18.85,18.05,18.75,12.8744839127,120700,0.0000,1.0
2004-04-21,17.9,18.46,17.84,18.28,12.5517635159,137500,0.0000,1.0
2004-04-20,18.26,18.6,18.1,18.1,12.4281684704,130400,0.0000,1.0
2004-04-19,18.1,18.36,17.81,18.26,12.5380307331,99500,0.0000,1.0
2004-04-16,17.95,18.65,17.89,18.25,12.5311643417,123700,0.0000,1.0
2004-04-15,18.1,18.19,17.7,17.88,12.2771078591,97800,0.0000,1.0
2004-04-14,17.91,18.79,17.71,18.0,12.3595045562,214300,0.0000,1.0
2004-04-13,18.47,18.5,17.91,17.91,12.2977070334,132200,0.0000,1.0
2004-04-12,17.94,18.48,17.94,18.47,12.6822249529,166800,0.0000,1.0
2004-04-08,18.08,18.41,17.94,17.94,12.3183062077,74600,0.0000,1.0
2004-04-07,18.24,18.26,17.9,18.18,12.4830996017,112900,0.1000,1.0
2004-04-06,18.05,18.49,18.05,18.39,12.5582167219,178300,0.0000,1.0
2004-04-05,18.14,18.33,17.7,18.25,12.4626131144,245000,0.0000,1.0
2004-04-02,18.02,18.18,18.0,18.0,12.2918923868,207500,0.0000,1.0
2004-04-01,17.82,18.2,17.8,18.02,12.305550045,129500,0.0000,1.0
2004-03-31,17.98,18.0,17.82,17.95,12.2577482413,162900,0.0000,1.0
2004-03-30,17.99,18.39,17.7,17.98,12.2782347286,117800,0.0000,1.0
2004-03-29,17.6,18.29,17.6,18.06,12.3328653615,178300,0.0000,1.0
2004-03-26,17.68,17.89,17.5,17.64,12.0460545391,71800,0.0000,1.0
2004-03-25,17.35,17.8,17.26,17.73,12.107514001,104300,0.0000,1.0
2004-03-24,17.32,17.7,16.97,17.35,11.8480184951,169600,0.0000,1.0
2004-03-23,17.25,17.8,17.12,17.42,11.8958202988,266500,0.0000,1.0
2004-03-22,17.25,17.62,16.85,17.4,11.8821626406,173900,0.0000,1.0
2004-03-19,18.05,18.06,17.57,17.78,12.1416581465,123900,0.0000,1.0
2004-03-18,18.05,18.1,17.65,17.9,12.2236040958,88200,0.0000,1.0
2004-03-17,17.8,18.5,17.8,18.17,12.4079824816,87200,0.0000,1.0
2004-03-16,17.4,18.2,17.4,17.92,12.237261754,167200,0.0000,1.0
2004-03-15,18.05,18.05,17.55,17.81,12.1621446339,94000,0.0000,1.0
2004-03-12,17.83,18.4,17.61,18.4,12.565045551,89100,0.0000,1.0
2004-03-11,17.9,18.13,17.75,17.8,12.1553158048,118800,0.0000,1.0
2004-03-10,17.85,18.21,17.85,18.05,12.3260365323,102400,0.0000,1.0
2004-03-09,17.75,18.36,17.73,18.02,12.305550045,108300,0.0000,1.0
2004-03-08,18.1,18.29,17.81,17.98,12.2782347286,97700,0.0000,1.0
2004-03-05,18.25,18.48,18.01,18.28,12.4830996017,71500,0.0000,1.0
2004-03-04,17.83,18.35,17.69,18.35,12.5309014055,71200,0.0000,1.0
2004-03-03,17.66,18.05,17.51,17.83,12.1758022921,83400,0.0000,1.0
2004-03-02,18.04,18.2,17.71,17.86,12.1962887794,81200,0.0000,1.0
2004-03-01,18.0,18.25,17.92,18.24,12.4557842853,86700,0.0000,1.0
2004-02-27,17.88,18.06,17.75,18.06,12.3328653615,128700,0.0000,1.0
2004-02-26,17.85,18.0,17.71,18.0,12.2918923868,83100,0.0000,1.0
2004-02-25,17.75,18.0,17.7,17.96,12.2645770704,86300,0.0000,1.0
2004-02-24,17.5,17.89,17.41,17.87,12.2031176085,83100,0.0000,1.0
2004-02-23,18.19,18.3,17.28,17.59,12.0119103936,143800,0.0000,1.0
2004-02-20,17.9,18.45,17.9,18.19,12.4216401398,106200,0.0000,1.0
2004-02-19,18.18,18.45,17.8,17.9,12.2236040958,134500,0.0000,1.0
2004-02-18,18.3,18.71,18.23,18.38,12.5513878928,127700,0.0000,1.0
2004-02-17,18.0,18.6,18.0,18.48,12.6196761838,108600,0.0000,1.0
2004-02-13,18.05,18.23,17.85,18.0,12.2918923868,148500,0.0000,1.0
2004-02-12,18.4,18.4,18.08,18.15,12.3943248234,122100,0.0000,1.0
2004-02-11,18.15,18.6,18.15,18.59,12.694793304,88100,0.0000,1.0
2004-02-10,17.96,18.3,17.96,18.3,12.4967572599,89200,0.0000,1.0
2004-02-09,18.54,18.6,18.12,18.15,12.3943248234,45400,0.0000,1.0
2004-02-06,18.1,18.66,18.05,18.66,12.7425951077,79100,0.0000,1.0
2004-02-05,17.88,18.17,17.85,18.17,12.4079824816,66200,0.0000,1.0
2004-02-04,17.89,18.04,17.7,17.86,12.1962887794,193500,0.0000,1.0
2004-02-03,17.82,18.19,17.82,17.89,12.2167752667,84800,0.0000,1.0
2004-02-02,17.98,18.22,17.85,17.99,12.2850635577,106400,0.0000,1.0
2004-01-30,17.82,18.2,17.82,18.05,12.3260365323,65200,0.0000,1.0
2004-01-29,18.15,18.27,17.85,18.07,12.3396941906,83400,0.0000,1.0
2004-01-28,18.29,18.53,18.29,18.32,12.5104149182,76900,0.0000,1.0
2004-01-27,18.65,18.83,18.42,18.54,12.6606491584,70100,0.0000,1.0
2004-01-26,18.66,18.8,18.47,18.8,12.8381987151,73800,0.0000,1.0
2004-01-23,18.2,18.68,18.2,18.68,12.7562527659,130800,0.0000,1.0
2004-01-22,18.55,18.75,18.34,18.42,12.5787032092,196300,0.0000,1.0
2004-01-21,18.6,18.75,18.4,18.63,12.7221086204,110500,0.0000,1.0
2004-01-20,18.55,18.73,18.36,18.72,12.7835680823,112300,0.0000,1.0
2004-01-16,18.62,18.72,18.52,18.6,12.7016221331,108600,0.0000,1.0
2004-01-15,18.3,18.7,18.06,18.67,12.7494239368,299300,0.0000,1.0
2004-01-14,18.2,18.55,18.08,18.55,12.6674779875,112900,0.0000,1.0
2004-01-13,17.85,18.33,17.8,18.33,12.5172437473,119100,0.0000,1.0
2004-01-12,17.88,18.0,17.73,17.93,12.2440905831,97300,0.0000,1.0
2004-01-09,17.6,18.11,17.6,17.99,12.2850635577,142400,0.0000,1.0
2004-01-08,17.8,18.2,17.75,18.11,12.367009507,92900,0.1000,1.0
2004-01-07,17.6,18.21,17.6,18.1,12.2923048916,178500,0.0000,1.0
2004-01-06,17.65,17.94,17.53,17.7,12.0206517448,116700,0.0000,1.0
2004-01-05,17.3,17.88,17.21,17.78,12.0749823742,176400,0.0000,1.0
2004-01-02,17.35,17.9,17.35,17.7,12.0206517448,104300,0.0000,1.0
2003-12-31,17.86,17.95,17.41,17.41,11.8237032134,125700,0.0000,1.0
2003-12-30,17.82,17.99,17.6,17.99,12.2176002762,211600,0.0000,1.0
2003-12-29,17.73,17.85,17.67,17.7,12.0206517448,201000,0.0000,1.0
2003-12-26,17.51,17.75,17.51,17.59,11.9459471295,38500,0.0000,1.0
2003-12-24,17.81,17.88,17.66,17.67,12.0002777588,85800,0.0000,1.0
2003-12-23,17.32,17.93,17.19,17.93,12.1768523042,229300,0.0000,1.0
2003-12-22,17.2,17.6,17.05,17.35,11.7829552414,274400,0.0000,1.0
2003-12-19,16.46,16.54,16.29,16.54,11.2328576192,110900,0.0000,1.0
2003-12-18,16.45,16.6,16.35,16.45,11.1717356612,118500,0.0000,1.0
2003-12-17,16.45,16.46,16.34,16.43,11.1581530038,148700,0.0000,1.0
2003-12-16,16.0,16.27,15.97,16.27,11.0494917451,71400,0.0000,1.0
2003-12-15,16.45,16.7,15.9,15.9,10.7982125843,92800,0.0000,1.0
2003-12-12,16.38,16.7,16.38,16.47,11.1853183185,104300,0.0000,1.0
2003-12-11,16.24,16.54,16.21,16.44,11.1649443325,181500,0.0000,1.0
2003-12-10,15.85,16.32,15.85,16.27,11.0494917451,125100,0.0000,1.0
2003-12-09,15.76,16.03,15.76,15.9,10.7982125843,81900,0.0000,1.0
2003-12-08,15.9,16.09,15.8,16.02,10.8797085284,67100,0.0000,1.0
2003-12-05,16.0,16.15,16.0,16.0,10.866125871,68100,0.0000,1.0
2003-12-04,16.1,16.2,16.0,16.0,10.866125871,89100,0.0000,1.0
2003-12-03,16.1,16.4,16.1,16.15,10.9679958011,100200,0.0000,1.0
2003-12-02,16.1,16.4,16.1,16.21,11.0087437731,103600,0.0000,1.0
2003-12-01,16.0,16.45,15.98,16.2,11.0019524444,119100,0.0000,1.0
2003-11-28,15.95,16.1,15.85,15.85,10.764255941,29500,0.0000,1.0
2003-11-26,15.99,16.23,15.85,15.97,10.845751885,67200,0.0000,1.0
2003-11-25,15.7,16.1,15.7,16.02,10.8797085284,85000,0.0000,1.0
2003-11-24,15.33,15.81,15.33,15.81,10.7370906263,175500,0.0000,1.0
2003-11-21,15.45,15.55,15.4,15.5,10.5265594376,106500,0.0000,1.0
2003-11-20,15.42,15.53,15.35,15.42,10.4722288082,133200,0.0000,1.0
2003-11-19,15.38,15.55,15.38,15.5,10.5265594376,86400,0.0000,1.0
2003-11-18,15.4,15.58,15.4,15.4,10.4586461509,160900,0.0000,1.0
2003-11-17,15.35,15.52,15.2,15.47,10.5061854516,186100,0.0000,1.0
2003-11-14,15.47,15.7,15.31,15.43,10.4790201369,98500,0.0000,1.0
2003-11-13,15.45,15.75,15.4,15.45,10.4926027942,69400,0.0000,1.0
2003-11-12,15.2,15.75,15.2,15.5,10.5265594376,108600,0.0000,1.0
2003-11-11,15.12,15.51,15.12,15.32,10.4043155215,52600,0.0000,1.0
2003-11-10,15.15,15.49,15.13,15.25,10.3567762208,147800,0.0000,1.0
2003-11-07,15.4,15.63,15.26,15.3,10.3907328642,86700,0.0000,1.0
2003-11-06,15.13,15.35,15.13,15.3,10.3907328642,92300,0.0000,1.0
2003-11-05,15.25,15.4,15.1,15.25,10.3567762208,102500,0.0000,1.0
2003-11-04,15.37,15.75,15.37,15.5,10.5265594376,102800,0.0000,1.0
2003-11-03,15.31,15.8,15.31,15.62,10.6080553816,243300,0.0000,1.0
2003-10-31,15.22,15.56,15.16,15.56,10.5673074096,136400,0.0000,1.0
2003-10-30,15.4,15.75,15.24,15.26,10.3635675495,119400,0.0000,1.0
2003-10-29,15.13,15.6,15.13,15.58,10.5808900669,126700,0.0000,1.0
2003-10-28,14.7,15.2,14.7,15.15,10.2888629341,399600,0.0000,1.0
2003-10-27,14.73,15.21,14.7,14.89,10.1122883887,164300,0.0000,1.0
2003-10-24,14.6,14.92,14.51,14.68,9.96967048667,97600,0.0000,1.0
2003-10-23,14.6,14.96,14.56,14.7,9.98325314401,99500,0.0000,1.0
2003-10-22,14.72,14.95,14.51,14.67,9.96287915801,123000,0.0000,1.0
2003-10-21,14.75,15.03,14.61,14.82,10.064749088,132200,0.0000,1.0
2003-10-20,14.6,14.98,14.55,14.98,10.1734103468,107200,0.0000,1.0
2003-10-17,14.97,15.14,14.75,14.81,10.0579577594,88800,0.0000,1.0
2003-10-16,15.0,15.35,14.85,15.0,10.1869930041,141800,0.0000,1.0
2003-10-15,15.3,15.3,14.8,15.11,10.2616976195,200300,0.0000,1.0
2003-10-14,15.4,15.51,15.21,15.42,10.4722288082,111000,0.0000,1.0
2003-10-13,15.2,15.62,15.0,15.53,10.5469334236,166600,0.0000,1.0
2003-10-10,15.08,15.25,14.98,15.2,10.3228195775,125500,0.0000,1.0
2003-10-09,14.83,15.14,14.75,15.09,10.2481149621,104600,0.0000,1.0
2003-10-08,14.83,15.1,14.66,14.85,10.0851230741,122000,0.0950,1.0
2003-10-07,14.9,15.23,14.75,15.18,10.2437048019,131500,0.0000,1.0
2003-10-06,14.99,15.25,14.87,15.03,10.1424824224,128800,0.0000,1.0
2003-10-03,15.25,15.3,14.92,15.13,10.2099640087,187300,0.0000,1.0
2003-10-02,14.64,15.06,14.6,14.85,10.0210155671,164200,0.0000,1.0
2003-10-01,14.11,14.87,14.11,14.78,9.97377845664,140500,0.0000,1.0
2003-09-30,14.37,14.59,14.1,14.15,9.54864446289,186000,0.0000,1.0
2003-09-29,14.1,14.46,14.0,14.37,9.69710395277,203900,0.0000,1.0
2003-09-26,14.3,14.3,13.94,14.1,9.51490366973,161800,0.0000,1.0
2003-09-25,14.46,14.6,14.2,14.27,9.62962236646,154500,0.0000,1.0
2003-09-24,14.82,14.86,14.34,14.47,9.76458553908,193300,0.0000,1.0
2003-09-23,14.6,15.0,14.58,15.0,10.1222379465,169000,0.0000,1.0
2003-09-22,14.85,14.85,14.35,14.5,9.78483001497,191900,0.0000,1.0
2003-09-19,15.0,15.05,14.6,14.82,10.0007710912,263100,0.0000,1.0
2003-09-18,14.95,15.1,14.82,14.85,10.0210155671,225000,0.0000,1.0
2003-09-17,15.25,15.4,14.96,15.0,10.1222379465,129000,0.0000,1.0
2003-09-16,15.16,15.45,15.1,15.45,10.4259050849,204100,0.0000,1.0
2003-09-15,14.8,15.12,14.8,15.1,10.1897195328,202900,0.0000,1.0
2003-09-12,15.0,15.06,14.71,14.9,10.0547563602,328600,0.0000,1.0
2003-09-11,14.85,15.15,14.6,15.07,10.1694750569,192900,0.0000,1.0
2003-09-10,15.6,15.6,14.91,15.0,10.1222379465,223000,0.0000,1.0
2003-09-09,15.94,16.25,15.55,15.59,10.5203793058,155400,0.0000,1.0
2003-09-08,15.76,16.32,15.76,16.07,10.84429092,93300,0.0000,1.0
2003-09-05,15.83,15.99,15.6,15.89,10.7228240647,114300,0.0000,1.0
2003-09-04,15.89,16.01,15.8,16.0,10.7970538096,94100,0.0000,1.0
2003-09-03,15.72,16.1,15.7,16.05,10.8307946028,250300,0.0000,1.0
2003-09-02,15.57,16.05,15.54,15.82,10.6755869543,173600,0.0000,1.0
2003-08-29,15.7,15.85,15.55,15.65,10.5608682575,120200,0.0000,1.0
2003-08-28,15.2,15.89,15.2,15.66,10.5676164162,141300,0.0000,1.0
2003-08-27,15.5,15.7,15.28,15.55,10.4933866712,81100,0.0000,1.0
2003-08-26,15.34,15.5,15.15,15.5,10.4596458781,78900,0.0000,1.0
2003-08-25,15.55,15.7,15.32,15.5,10.4596458781,63500,0.0000,1.0
2003-08-22,16.2,16.35,15.47,15.7,10.5946090507,185500,0.0000,1.0
2003-08-21,16.2,16.57,16.16,16.4,11.0669801549,155200,0.0000,1.0
2003-08-20,15.87,16.3,15.78,16.25,10.9657577754,156200,0.0000,1.0
2003-08-19,15.83,16.08,15.6,16.01,10.8038019683,99000,0.0000,1.0
2003-08-18,15.67,15.88,15.5,15.88,10.7160759061,85300,0.0000,1.0
2003-08-15,15.65,15.91,15.55,15.67,10.5743645748,54100,0.0000,1.0
2003-08-14,15.42,15.78,15.38,15.7,10.5946090507,53500,0.0000,1.0
2003-08-13,15.25,15.64,15.09,15.5,10.4596458781,291000,0.0000,1.0
2003-08-12,14.98,15.32,14.98,15.28,10.3111863882,122000,0.0000,1.0
2003-08-11,15.05,15.3,14.92,15.08,10.1762232156,88900,0.0000,1.0
2003-08-08,15.1,15.45,15.06,15.15,10.223460326,93100,0.0000,1.0
2003-08-07,15.25,15.35,14.95,15.22,10.2706974364,154400,0.0000,1.0
2003-08-06,15.35,15.5,15.15,15.15,10.223460326,181300,0.0000,1.0
2003-08-05,15.35,15.79,15.35,15.41,10.3989124504,96200,0.0000,1.0
2003-08-04,16.1,16.25,15.85,15.86,10.7025795888,80900,0.0000,1.0
2003-08-01,16.1,16.28,15.75,15.96,10.7700611751,87900,0.0000,1.0
2003-07-31,16.15,16.72,16.12,16.22,10.9455132995,84400,0.0000,1.0
2003-07-30,15.9,16.47,15.9,16.44,11.0939727894,89900,0.0000,1.0
2003-07-29,15.9,16.25,15.9,16.03,10.8172982855,71500,0.0000,1.0
2003-07-28,15.74,16.2,15.74,16.03,10.8172982855,87600,0.0000,1.0
2003-07-25,15.34,15.95,15.34,15.7,10.5946090507,64900,0.0000,1.0
2003-07-24,15.24,15.85,15.24,15.51,10.4663940367,175000,0.0000,1.0
2003-07-23,15.35,15.65,15.22,15.4,10.3921642918,72400,0.0000,1.0
2003-07-22,15.3,15.8,15.29,15.5,10.4596458781,127200,0.0000,1.0
2003-07-21,16.05,16.05,15.51,15.52,10.4731421953,88500,0.0000,1.0
2003-07-18,15.9,16.19,15.9,16.15,10.8982761891,46200,0.0000,1.0
2003-07-17,16.1,16.23,15.82,15.84,10.6890832715,105400,0.0000,1.0
2003-07-16,16.45,16.45,15.95,16.22,10.9455132995,176300,0.0000,1.0
2003-07-15,16.0,16.73,16.0,16.36,11.0399875203,192600,0.0000,1.0
2003-07-14,15.7,16.12,15.7,15.98,10.7835574924,89100,0.0000,1.0
2003-07-11,15.55,16.14,15.55,15.7,10.5946090507,89100,0.0000,1.0
2003-07-10,15.88,15.99,15.52,15.73,10.6148535266,81500,0.0950,1.0
2003-07-09,15.6,15.99,15.55,15.98,10.7188220761,133300,0.0000,1.0
2003-07-08,15.81,15.99,15.6,15.6,10.4639314385,111100,0.0000,1.0
2003-07-07,15.78,16.0,15.54,15.8,10.5980844057,114600,0.0000,1.0
2003-07-03,15.71,15.95,15.7,15.78,10.584669109,43200,0.0000,1.0
2003-07-02,15.35,15.96,15.31,15.96,10.7054067794,151000,0.0000,1.0
2003-07-01,15.26,15.6,14.85,15.55,10.4303931967,100800,0.0000,1.0
2003-06-30,15.7,15.9,15.35,15.4,10.3297784714,229000,0.0000,1.0
2003-06-27,15.5,15.91,15.5,15.85,10.6316226475,104200,0.0000,1.0
2003-06-26,15.5,15.8,15.4,15.6,10.4639314385,62300,0.0000,1.0
2003-06-25,15.71,15.82,15.4,15.7,10.5310079221,159700,0.0000,1.0
2003-06-24,15.23,15.94,15.23,15.71,10.5377155705,158600,0.0000,1.0
2003-06-23,15.7,15.7,15.31,15.31,10.2694096362,152200,0.0000,1.0
2003-06-20,15.61,16.0,15.61,15.95,10.6986991311,134400,0.0000,1.0
2003-06-19,15.74,16.0,15.74,15.85,10.6316226475,180400,0.0000,1.0
2003-06-18,15.3,15.99,15.29,15.99,10.7255297245,129600,0.0000,1.0
2003-06-17,15.11,15.67,15.1,15.66,10.5041773287,192200,0.0000,1.0
2003-06-16,14.97,15.23,14.97,15.14,10.1553796141,115000,0.0000,1.0
2003-06-13,15.08,15.25,14.92,15.02,10.0748878338,91800,0.0000,1.0
2003-06-12,14.95,15.2,14.9,15.09,10.1218413723,90700,0.0000,1.0
2003-06-11,14.55,15.21,14.41,15.17,10.1755025591,148200,0.0000,1.0
2003-06-10,14.53,14.81,14.53,14.75,9.8937813281,107600,0.0000,1.0
2003-06-09,14.55,14.78,14.55,14.56,9.7663360093,82100,0.0000,1.0
2003-06-06,14.85,15.36,14.7,14.75,9.8937813281,104100,0.0000,1.0
2003-06-05,14.6,15.25,14.56,15.0,10.0614725371,110800,0.0000,1.0
2003-06-04,14.56,15.0,14.56,14.79,9.92061192153,138500,0.0000,1.0
2003-06-03,14.68,14.98,14.68,14.82,9.94073486661,128300,0.0000,1.0
2003-06-02,14.7,15.0,14.7,14.85,9.96085781168,97600,0.0000,1.0
2003-05-30,14.68,14.99,14.67,14.78,9.91390427317,123600,0.0000,1.0
2003-05-29,14.33,14.74,14.31,14.63,9.8132895478,114400,0.0000,1.0
2003-05-28,14.11,14.5,14.11,14.39,9.65230598721,218000,0.0000,1.0
2003-05-27,13.49,14.25,13.4,14.13,9.4779071299,112200,0.0000,1.0
2003-05-23,13.63,13.74,13.45,13.49,9.04861763499,82700,0.0000,1.0
2003-05-22,13.6,13.9,13.6,13.73,9.20960119558,47700,0.0000,1.0
2003-05-21,13.67,13.87,13.49,13.85,9.29009297588,63000,0.0000,1.0
2003-05-20,13.4,13.67,13.25,13.67,9.16935530543,85600,0.0000,1.0
2003-05-19,13.56,13.6,13.25,13.45,9.02178704156,129100,0.0000,1.0
2003-05-16,14.16,14.41,13.66,13.66,9.16264765707,148400,0.0000,1.0
2003-05-15,14.03,14.3,14.03,14.3,9.59193715199,154000,0.0000,1.0
2003-05-14,14.07,14.15,13.9,14.08,9.44436888811,72500,0.0000,1.0
2003-05-13,13.96,14.2,13.85,14.12,9.47119948154,80400,0.0000,1.0
2003-05-12,13.76,14.08,13.76,14.06,9.4309535914,68600,0.0000,1.0
2003-05-09,13.69,13.96,13.57,13.96,9.36387710782,52900,0.0000,1.0
2003-05-08,13.7,14.03,13.6,13.79,9.24984708573,103800,0.0000,1.0
2003-05-07,13.94,14.1,13.8,13.9,9.32363121767,82900,0.0000,1.0
2003-05-06,14.04,14.2,13.95,14.04,9.41753829468,91000,0.0000,1.0
2003-05-05,13.75,14.14,13.75,14.14,9.48461477826,156400,0.0000,1.0
2003-05-02,13.52,14.01,13.52,14.0,9.39070770125,132400,0.0000,1.0
2003-05-01,13.6,14.0,13.57,13.94,9.3504618111,103200,0.0000,1.0
2003-04-30,13.6,13.94,13.37,13.85,9.29009297588,63500,0.0000,1.0
2003-04-29,13.2,13.83,13.2,13.56,9.09557117349,84300,0.0000,1.0
2003-04-28,13.07,13.72,13.05,13.59,9.11569411857,130400,0.0000,1.0
2003-04-25,13.13,13.3,13.03,13.08,8.77360405231,97100,0.0000,1.0
2003-04-24,13.26,13.4,13.12,13.2,8.85409583261,53000,0.0000,1.0
2003-04-23,13.1,13.46,13.02,13.36,8.96141820633,161800,0.0000,1.0
2003-04-22,13.02,13.2,13.01,13.01,8.7266505138,126500,0.0000,1.0
2003-04-21,13.31,13.36,13.12,13.21,8.86080348096,68300,0.0000,1.0
2003-04-17,13.26,13.49,13.2,13.3,8.92117231619,72900,0.0000,1.0
2003-04-16,13.4,13.55,13.25,13.26,8.89434172275,76300,0.0000,1.0
2003-04-15,13.41,13.64,13.18,13.59,9.11569411857,76600,0.0950,1.0
2003-04-14,13.3,13.65,13.3,13.65,9.09238032287,188400,0.0000,1.0
2003-04-11,13.31,13.56,13.25,13.36,8.89920887279,78500,0.0000,1.0
2003-04-10,13.3,13.48,13.25,13.41,8.93251429521,73300,0.0000,1.0
2003-04-09,13.14,13.5,13.05,13.4,8.92585321073,121000,0.0000,1.0
2003-04-08,13.21,13.58,13.21,13.38,8.91253104176,104800,0.0000,1.0
2003-04-07,13.49,13.59,13.29,13.33,8.87922561933,107500,0.0000,1.0
2003-04-04,13.55,13.73,13.36,13.36,8.89920887279,109600,0.0000,1.0
2003-04-03,13.67,14.03,13.67,13.71,9.13234682978,147200,0.0000,1.0
2003-04-02,13.45,13.77,13.35,13.67,9.10570249184,114300,0.0000,1.0
2003-04-01,13.11,13.33,12.82,13.26,8.83259802793,98900,0.0000,1.0
2003-03-31,13.4,13.57,12.9,13.14,8.7526650141,125600,0.0000,1.0
2003-03-28,13.51,14.1,13.4,13.55,9.02576947801,87200,0.0000,1.0
2003-03-27,13.32,13.81,13.26,13.76,9.16565225221,91500,0.0000,1.0
2003-03-26,13.75,13.9,13.37,13.55,9.02576947801,71700,0.0000,1.0
2003-03-25,13.65,13.93,13.51,13.8,9.19229659015,131900,0.0000,1.0
2003-03-24,13.6,13.94,13.35,13.75,9.15899116773,194200,0.0000,1.0
2003-03-21,13.8,13.8,13.4,13.51,8.99912514007,131300,0.0000,1.0
2003-03-20,13.33,13.75,13.25,13.75,9.15899116773,104900,0.0000,1.0
2003-03-19,13.49,13.49,13.29,13.48,8.97914188661,131200,0.0000,1.0
2003-03-18,13.35,13.46,13.03,13.39,8.91919212624,161900,0.0000,1.0
2003-03-17,13.24,13.4,12.99,13.3,8.85924236587,143900,0.0000,1.0
2003-03-14,13.22,13.52,13.1,13.24,8.81927585896,128700,0.0000,1.0
2003-03-13,13.4,13.47,13.01,13.2,8.79263152102,81500,0.0000,1.0
2003-03-12,12.76,13.35,12.7,13.31,8.86590345036,154700,0.0000,1.0
2003-03-11,12.67,12.99,12.55,12.86,8.56615464851,98500,0.0000,1.0
2003-03-10,13.13,13.14,12.54,12.72,8.47289946571,81500,0.0000,1.0
2003-03-07,12.8,13.23,12.5,13.13,8.74600392962,142900,0.0000,1.0
2003-03-06,12.91,13.1,12.52,12.84,8.55283247953,137500,0.0000,1.0
2003-03-05,13.25,13.25,12.65,12.95,8.62610440888,143300,0.0000,1.0
2003-03-04,12.9,13.45,12.5,13.18,8.77930935205,326100,0.0000,1.0
2003-03-03,16.0,16.0,13.17,13.17,8.77264826756,594600,0.0000,1.0
2003-02-28,15.8,16.34,15.8,15.99,10.6510740925,144100,0.0000,1.0
2003-02-27,15.5,16.1,15.5,16.1,10.7243460218,90900,0.0000,1.0
2003-02-26,15.55,15.72,15.35,15.52,10.3380031217,61100,0.0000,1.0
2003-02-25,15.12,15.77,15.12,15.66,10.4312583045,75700,0.0000,1.0
2003-02-24,15.35,15.54,15.3,15.41,10.2647311923,96900,0.0000,1.0
2003-02-21,15.26,15.63,15.25,15.56,10.3646474596,47800,0.0000,1.0
2003-02-20,15.25,15.57,15.24,15.51,10.3313420372,46200,0.0000,1.0
2003-02-19,15.0,15.6,15.0,15.45,10.2913755303,137000,0.0000,1.0
2003-02-18,15.35,15.45,15.15,15.24,10.1514927561,100200,0.0000,1.0
2003-02-14,15.15,15.6,15.15,15.31,10.1981203475,103200,0.0000,1.0
2003-02-13,14.8,15.45,14.8,15.3,10.191459263,175200,0.0000,1.0
2003-02-12,15.1,15.59,15.05,15.05,10.0249321509,130700,0.0000,1.0
2003-02-11,14.85,15.28,14.85,15.27,10.1714760095,119500,0.0000,1.0
2003-02-10,14.66,14.9,14.6,14.9,9.92501588357,86100,0.0000,1.0
2003-02-07,14.8,15.0,14.76,14.76,9.83176070077,116800,0.0000,1.0
2003-02-06,14.9,15.18,14.78,14.9,9.92501588357,91300,0.0000,1.0
2003-02-05,14.85,15.15,14.78,15.05,10.0249321509,139600,0.0000,1.0
2003-02-04,15.15,15.15,14.9,14.95,9.958321306,49600,0.0000,1.0
2003-02-03,15.22,15.22,14.85,14.98,9.97830455946,52300,0.0000,1.0
2003-01-31,14.7,15.35,14.63,15.21,10.1315095026,106400,0.0000,1.0
2003-01-30,14.67,14.9,14.64,14.76,9.83176070077,170200,0.0000,1.0
2003-01-29,14.52,14.81,14.46,14.61,9.73184443349,187600,0.0000,1.0
2003-01-28,14.52,14.81,14.46,14.61,9.73184443349,90900,0.0000,1.0
2003-01-27,14.4,14.75,14.35,14.5,9.65857250415,70100,0.0000,1.0
2003-01-24,14.8,14.88,14.58,14.58,9.71186118003,163900,0.0000,1.0
2003-01-23,15.26,15.42,14.9,14.9,9.92501588357,185300,0.0000,1.0
2003-01-22,15.1,15.6,15.1,15.26,10.1648149251,83200,0.0000,1.0
2003-01-21,15.57,15.68,15.26,15.26,10.1648149251,93100,0.0000,1.0
2003-01-17,15.25,15.75,15.25,15.54,10.3513252907,89800,0.0000,1.0
2003-01-16,15.68,15.85,15.55,15.55,10.3579863751,82000,0.0000,1.0
2003-01-15,15.82,15.84,15.65,15.7,10.4579026424,144100,0.0950,1.0
2003-01-14,15.7,16.02,15.7,15.85,10.4943182578,186100,0.0000,1.0
2003-01-13,15.9,16.1,15.9,15.91,10.5340443837,153500,0.0000,1.0
2003-01-10,15.9,16.23,15.9,16.0,10.5936335726,94500,0.0000,1.0
2003-01-09,15.8,16.31,15.8,16.0,10.5936335726,136800,0.0000,1.0
2003-01-08,15.37,15.9,15.35,15.77,10.44135009,112900,0.0000,1.0
2003-01-07,15.75,15.92,15.41,15.62,10.3420347752,90100,0.0000,1.0
2003-01-06,15.47,16.19,15.47,15.96,10.5671494886,101100,0.0000,1.0
2003-01-03,15.63,16.14,15.63,15.7,10.3950029431,81600,0.0000,1.0
2003-01-02,15.52,15.99,15.52,15.92,10.5406654047,108600,0.0000,1.0
2002-12-31,15.65,16.25,15.5,15.5,10.2625825234,140100,0.0000,1.0
2002-12-30,15.51,15.96,15.33,15.84,10.4876972368,143200,0.0000,1.0
2002-12-27,15.5,15.76,15.2,15.51,10.2692035444,97500,0.0000,1.0
2002-12-26,15.6,16.1,15.59,15.75,10.428108048,50700,0.0000,1.0
2002-12-24,15.85,16.09,15.63,15.65,10.3618978382,65800,0.0000,1.0
2002-12-23,15.75,16.27,15.55,16.1,10.6598437824,154800,0.0000,1.0
2002-12-20,14.4,15.6,14.4,15.6,10.3287927333,758000,0.0000,1.0
2002-12-19,14.63,14.79,14.56,14.57,9.64682757202,182400,0.0000,1.0
2002-12-18,14.9,14.9,14.6,14.64,9.6931747189,79800,0.0000,1.0
2002-12-17,14.55,15.05,14.55,14.79,9.79249003364,210000,0.0000,1.0
2002-12-16,14.6,14.88,14.5,14.8,9.79911105463,129600,0.0000,1.0
2002-12-13,14.55,14.85,14.3,14.6,9.66669063497,101100,0.0000,1.0
2002-12-12,15.0,15.0,14.76,15.0,9.93153147428,115900,0.0000,1.0
2002-12-11,14.9,15.08,14.7,14.96,9.90504739035,95700,0.0000,1.0
2002-12-10,14.82,15.2,14.82,14.99,9.9249104533,126800,0.0000,1.0
2002-12-09,14.9,15.15,14.77,14.95,9.89842636937,65200,0.0000,1.0
2002-12-06,15.35,15.5,14.9,15.1,9.99774168411,132700,0.0000,1.0
2002-12-05,16.16,16.3,15.4,15.68,10.3817609011,135100,0.0000,1.0
2002-12-04,15.6,16.36,15.6,16.14,10.6863278663,90300,0.0000,1.0
2002-12-03,15.45,16.15,15.44,15.96,10.5671494886,102300,0.0000,1.0
2002-12-02,15.0,15.99,15.0,15.86,10.5009392788,166300,0.0000,1.0
2002-11-29,15.09,15.2,14.82,14.84,9.82559513856,48700,0.0000,1.0
2002-11-27,15.15,15.36,14.84,15.34,10.1566461877,119200,0.0000,1.0
2002-11-26,15.3,15.53,14.78,14.78,9.78586901266,85400,0.0000,1.0
2002-11-25,15.6,15.97,15.4,15.75,10.428108048,117600,0.0000,1.0
2002-11-22,14.7,15.68,14.68,15.45,10.2294774185,119700,0.0000,1.0
2002-11-21,14.5,15.25,14.5,15.15,10.030846789,133200,0.0000,1.0
2002-11-20,14.14,14.64,14.12,14.5,9.60048042514,69400,0.0000,1.0
2002-11-19,14.5,14.81,14.3,14.39,9.52764919433,71300,0.0000,1.0
2002-11-18,14.7,14.95,14.49,14.65,9.69979573988,93400,0.0000,1.0
2002-11-15,14.0,15.15,14.0,14.89,9.85870024347,178800,0.0000,1.0
2002-11-14,13.85,14.24,13.85,14.19,9.39522877467,89900,0.0000,1.0
2002-11-13,13.9,14.0,13.81,13.96,9.24294529207,55100,0.0000,1.0
2002-11-12,13.75,14.24,13.75,13.99,9.26280835502,60200,0.0000,1.0
2002-11-11,14.51,14.51,13.5,13.76,9.11052487241,112500,0.0000,1.0
2002-11-08,14.35,14.46,14.1,14.26,9.44157592155,70200,0.0000,1.0
2002-11-07,14.55,14.8,14.35,14.42,9.54751225728,70300,0.0000,1.0
2002-11-06,14.6,14.97,14.6,14.8,9.79911105463,128200,0.0000,1.0
2002-11-05,14.8,14.8,14.36,14.55,9.63358553006,75000,0.0000,1.0
2002-11-04,15.05,15.4,14.77,15.03,9.95139453723,98000,0.0000,1.0
2002-11-01,14.6,15.15,14.59,15.15,10.030846789,68500,0.0000,1.0
2002-10-31,15.0,15.28,14.6,14.69,9.72627982382,100700,0.0000,1.0
2002-10-30,14.35,15.1,14.31,15.1,9.99774168411,119400,0.0000,1.0
2002-10-29,14.25,14.5,14.2,14.5,9.60048042514,228900,0.0000,1.0
2002-10-28,14.25,14.48,14.05,14.38,9.52102817335,114700,0.0000,1.0
2002-10-25,14.0,14.45,14.0,14.39,9.52764919433,80800,0.0000,1.0
2002-10-24,14.35,14.45,14.18,14.29,9.4614389845,90700,0.0000,1.0
2002-10-23,14.0,14.48,13.98,14.46,9.57399634121,88600,0.0000,1.0
2002-10-22,14.25,14.3,13.99,14.08,9.32239754386,56900,0.0000,1.0
2002-10-21,14.0,14.35,13.9,14.3,9.46806000548,70700,0.0000,1.0
2002-10-18,14.5,14.5,14.1,14.3,9.46806000548,64000,0.0000,1.0
2002-10-17,13.6,14.29,13.6,14.25,9.43495490057,68000,0.0000,1.0
2002-10-16,14.05,14.11,13.53,13.53,8.9582413898,93200,0.0000,1.0
2002-10-15,13.8,14.43,13.8,14.22,9.41509183762,132100,0.0000,1.0
2002-10-14,13.5,13.91,13.47,13.8,9.13700895634,41900,0.0000,1.0
2002-10-11,13.18,13.65,13.18,13.53,8.9582413898,94300,0.0000,1.0
2002-10-10,12.96,13.28,12.92,13.17,8.71988463442,83900,0.0900,1.0
2002-10-09,13.45,13.45,13.03,13.05,8.58178691397,144900,0.0000,1.0
2002-10-08,13.15,13.55,13.15,13.55,8.91059101029,120500,0.0000,1.0
2002-10-07,13.45,13.59,13.02,13.25,8.71330855249,327200,0.0000,1.0
2002-10-04,13.88,13.88,13.4,13.6,8.94347141992,88900,0.0000,1.0
2002-10-03,13.7,14.07,13.7,13.85,9.10787346808,125600,0.0000,1.0
2002-10-02,14.2,14.4,13.9,13.9,9.14075387771,72600,0.0000,1.0
2002-10-01,14.1,14.39,13.93,14.39,9.46298189211,77600,0.0000,1.0
2002-09-30,13.95,14.26,13.59,14.1,9.27227551624,79800,0.0000,1.0
2002-09-27,13.9,14.3,13.75,14.05,9.23939510661,108500,0.0000,1.0
2002-09-26,13.98,14.21,13.65,14.21,9.34461241743,116700,0.0000,1.0
2002-09-25,13.7,14.0,13.67,13.95,9.17363428734,191300,0.0000,1.0
2002-09-24,13.9,14.13,13.77,13.85,9.10787346808,165400,0.0000,1.0
2002-09-23,13.85,14.11,13.5,14.04,9.23281902468,165700,0.0000,1.0
2002-09-20,13.6,14.74,13.5,13.7,9.00923223918,325600,0.0000,1.0
2002-09-19,13.99,14.0,13.71,13.72,9.02238440304,99000,0.0000,1.0
2002-09-18,14.25,14.35,13.95,14.0,9.20651469698,221800,0.0000,1.0
2002-09-17,14.56,14.65,14.03,14.15,9.30515592587,176200,0.0000,1.0
2002-09-16,14.67,14.71,14.52,14.61,9.60765569449,91500,0.0000,1.0
2002-09-13,14.75,14.99,14.6,14.63,9.62080785834,121400,0.0000,1.0
2002-09-12,15.46,15.55,14.71,15.0,9.86412288962,306600,0.0000,1.0
2002-09-11,15.9,16.23,15.55,15.58,10.2455356413,172500,0.0000,1.0
2002-09-10,16.7,16.8,16.3,16.48,10.8373830147,104900,0.0000,1.0
2002-09-09,17.2,17.2,16.45,16.7,10.9820568171,89300,0.0000,1.0
2002-09-06,16.15,16.83,16.15,16.83,11.0675458821,49700,0.0000,1.0
2002-09-05,16.8,16.8,16.21,16.4,10.7847743593,71200,0.0000,1.0
2002-09-04,15.9,17.2,15.9,17.0,11.1793392749,108100,0.0000,1.0
2002-09-03,16.53,16.54,16.0,16.0,10.5217310823,81500,0.0000,1.0
2002-08-30,16.7,17.13,16.6,16.78,11.0346654725,78600,0.0000,1.0
2002-08-29,16.41,16.96,16.3,16.85,11.080698046,55000,0.0000,1.0
2002-08-28,16.6,16.97,16.46,16.52,10.8636873424,69400,0.0000,1.0
2002-08-27,17.5,17.55,16.85,16.86,11.0872741279,53500,0.0000,1.0
2002-08-26,17.02,17.65,16.92,17.65,11.6067846001,46500,0.0000,1.0
2002-08-23,17.35,17.69,17.0,17.0,11.1793392749,63300,0.0000,1.0
2002-08-22,17.3,17.6,16.9,17.6,11.5739041905,55600,0.0000,1.0
2002-08-21,16.9,17.5,16.9,17.5,11.5081433712,83200,0.0000,1.0
2002-08-20,17.2,17.3,16.65,17.3,11.3766217327,151200,0.0000,1.0
2002-08-19,16.8,17.39,16.65,17.26,11.350317405,92700,0.0000,1.0
2002-08-16,17.0,17.4,16.81,17.05,11.2122196845,65000,0.0000,1.0
2002-08-15,16.85,17.25,16.85,17.01,11.1859153568,55900,0.0000,1.0
2002-08-14,16.05,16.8,16.05,16.8,11.0478176364,69900,0.0000,1.0
2002-08-13,16.56,16.82,16.05,16.09,10.5809158196,59900,0.0000,1.0
2002-08-12,16.25,16.6,16.25,16.56,10.8899916701,42800,0.0000,1.0
2002-08-09,16.45,16.85,16.33,16.5,10.8505351786,64900,0.0000,1.0
2002-08-08,16.0,16.8,16.0,16.6,10.9162959978,98800,0.0000,1.0
2002-08-07,16.25,16.35,15.89,16.1,10.5874919015,88700,0.0000,1.0
2002-08-06,15.5,16.5,15.5,16.25,10.6861331304,80300,0.0000,1.0
2002-08-05,15.76,16.0,15.7,15.8,10.3902094437,51300,0.0000,1.0
2002-08-02,16.45,16.45,15.85,15.88,10.4428180991,127700,0.0000,1.0
2002-08-01,16.25,16.59,16.18,16.36,10.7584700316,117500,0.0000,1.0
2002-07-31,16.3,16.85,16.06,16.5,10.8505351786,126700,0.0000,1.0
2002-07-30,16.7,16.79,16.0,16.49,10.8439590967,87600,0.0000,1.0
2002-07-29,16.25,17.0,16.17,16.95,11.1464588653,119900,0.0000,1.0
2002-07-26,15.99,16.35,15.75,16.15,10.6203723112,85000,0.0000,1.0
2002-07-25,15.77,16.34,15.52,16.1,10.5874919015,133800,0.0000,1.0
2002-07-24,14.7,15.86,14.0,15.85,10.4230898534,148800,0.0000,1.0
2002-07-23,15.25,15.55,14.67,14.7,9.66684043182,129400,0.0000,1.0
2002-07-22,15.82,16.27,15.26,15.75,10.3573290341,181000,0.0000,1.0
2002-07-19,15.6,16.35,15.27,15.82,10.4033616076,166400,0.0000,1.0
2002-07-18,16.0,16.09,15.65,15.72,10.3376007883,88000,0.0000,1.0
2002-07-17,15.54,16.25,15.23,16.1,10.5874919015,187500,0.0000,1.0
2002-07-16,16.1,16.2,15.74,15.79,10.3836333618,113100,0.0000,1.0
2002-07-15,16.01,16.51,15.75,16.5,10.8505351786,119800,0.0000,1.0
2002-07-12,16.2,16.6,16.06,16.07,10.5677636557,53300,0.0000,1.0
2002-07-11,16.72,16.85,15.97,16.45,10.8176547689,67200,0.0900,1.0
2002-07-10,17.15,17.28,16.89,16.96,11.0923473326,70400,0.0000,1.0
2002-07-09,17.45,17.85,17.44,17.48,11.4324428876,127000,0.0000,1.0
2002-07-08,17.55,18.05,17.5,17.6,11.5109264772,67900,0.0000,1.0
2002-07-05,17.15,17.99,17.15,17.67,11.5567085712,35700,0.0000,1.0
2002-07-03,17.65,17.8,16.86,17.15,11.2166130162,124100,0.0000,1.0
2002-07-02,17.05,17.78,17.02,17.58,11.497845879,74600,0.0000,1.0
2002-07-01,17.41,17.66,17.0,17.05,11.1512100248,105800,0.0000,1.0
2002-06-28,17.8,18.29,17.36,17.36,11.353959298,144100,0.0000,1.0
2002-06-27,17.35,17.98,16.9,17.92,11.7202160495,164700,0.0000,1.0
2002-06-26,16.9,17.75,16.85,17.75,11.6090309643,139100,0.0000,1.0
2002-06-25,17.02,17.49,16.85,17.0,11.1185085291,116900,0.0000,1.0
2002-06-24,16.2,16.94,16.2,16.93,11.0727264352,212100,0.0000,1.0
2002-06-21,16.95,16.95,16.25,16.25,10.627986094,633400,0.0000,1.0
2002-06-20,16.05,17.2,16.05,16.75,10.9550010508,205400,0.0000,1.0
2002-06-19,17.07,17.23,15.8,15.9,10.3990756243,270900,0.0000,1.0
2002-06-18,16.82,17.45,16.79,17.22,11.2623951101,112200,0.0000,1.0
2002-06-17,16.4,17.2,16.4,16.87,11.0334846404,95500,0.0000,1.0
2002-06-14,16.68,17.2,16.45,16.65,10.8895980594,197900,0.0000,1.0
2002-06-13,16.7,17.38,16.61,16.88,11.0400249395,216100,0.0000,1.0
2002-06-12,17.0,17.0,16.15,16.69,10.915759256,131600,0.0000,1.0
2002-06-11,17.6,17.8,17.03,17.05,11.1512100248,63600,0.0000,1.0
2002-06-10,17.0,17.71,17.0,17.6,11.5109264772,102800,0.0000,1.0
2002-06-07,16.71,17.2,16.7,17.12,11.1969921188,84300,0.0000,1.0
2002-06-06,16.95,17.2,16.7,16.75,10.9550010508,82900,0.0000,1.0
2002-06-05,17.5,17.5,16.94,17.15,11.2166130162,75700,0.0000,1.0
2002-06-04,17.62,17.62,17.3,17.56,11.4847652807,39700,0.0000,1.0
2002-06-03,18.06,18.06,17.57,17.66,11.550168272,65500,0.0000,1.0
2002-05-31,17.8,18.37,17.78,18.05,11.8052399383,71900,0.0000,1.0
2002-05-30,17.67,17.97,17.48,17.94,11.7332966478,54400,0.0000,1.0
2002-05-29,17.5,17.95,17.44,17.83,11.6613533573,76200,0.0000,1.0
2002-05-28,17.69,17.85,17.2,17.85,11.6744339556,85700,0.0000,1.0
2002-05-24,17.85,18.3,17.85,17.89,11.7005951521,77100,0.0000,1.0
2002-05-23,18.0,18.0,17.65,17.95,11.739836947,100600,0.0000,1.0
2002-05-22,17.85,18.24,17.77,17.85,11.6744339556,70100,0.0000,1.0
2002-05-21,18.5,18.5,17.7,17.8,11.6417324599,88600,0.0000,1.0
2002-05-20,18.75,18.85,18.41,18.72,12.2434399803,65600,0.0000,1.0
2002-05-17,18.6,18.8,18.55,18.74,12.2565205786,88900,0.0000,1.0
2002-05-16,18.65,18.75,18.5,18.7,12.2303593821,149300,0.0000,1.0
2002-05-15,18.3,18.85,18.2,18.85,12.3284638691,107600,0.0000,1.0
2002-05-14,17.9,18.3,17.6,18.3,11.9687474167,120000,0.0000,1.0
2002-05-13,17.9,18.01,17.5,17.94,11.7332966478,128600,0.0000,1.0
2002-05-10,18.32,18.32,17.82,18.01,11.7790787418,99900,0.0000,1.0
2002-05-09,18.35,18.66,18.25,18.32,11.9818280149,105000,0.0000,1.0
2002-05-08,18.97,18.98,18.29,18.48,12.0864728011,194900,0.0000,1.0
2002-05-07,19.45,19.55,18.75,18.75,12.2630608777,69650,0.0000,2.0
2002-05-06,38.86,39.5,38.77,38.85,12.7045310693,44300,0.0000,1.0
2002-05-03,38.1,39.05,38.1,38.86,12.7078012189,47800,0.0000,1.0
2002-05-02,38.37,39.23,38.25,38.25,12.5083220953,88400,0.0000,1.0
2002-05-01,38.15,38.41,37.84,38.37,12.5475638901,52800,0.0000,1.0
2002-04-30,37.62,38.4,37.62,38.3,12.5246728431,65700,0.0000,1.0
2002-04-29,37.6,37.86,37.38,37.82,12.3677056639,41200,0.0000,1.0
2002-04-26,37.95,37.99,37.28,37.4,12.2303593821,42200,0.0000,1.0
2002-04-25,37.3,38.38,37.21,38.2,12.4919713475,52100,0.0000,1.0
2002-04-24,37.52,37.99,37.51,37.55,12.2794116256,39300,0.0000,1.0
2002-04-23,37.25,37.82,37.17,37.76,12.3480847665,39900,0.0000,1.0
2002-04-22,37.8,37.85,37.37,37.5,12.2630608777,30200,0.0000,1.0
2002-04-19,38.05,38.45,37.65,37.95,12.4102176083,58600,0.0000,1.0
2002-04-18,38.1,38.31,37.89,38.3,12.5246728431,102400,0.0000,1.0
2002-04-17,38.25,38.55,38.2,38.3,12.5246728431,61900,0.0000,1.0
2002-04-16,38.0,38.5,38.0,38.45,12.5737250866,90100,0.0000,1.0
2002-04-15,37.26,38.29,37.26,38.0,12.4265683561,130900,0.0000,1.0
2002-04-12,37.39,37.99,37.1,37.28,12.1911175873,130400,0.0000,1.0
2002-04-11,38.3,38.85,37.35,37.39,12.2270892325,141800,0.0000,1.0
2002-04-10,38.01,38.4,38.01,38.4,12.5573743388,159400,0.0000,1.0
2002-04-09,37.5,38.35,37.5,38.05,12.4429191039,96400,0.0000,1.0
2002-04-08,36.4,37.44,36.4,37.4,12.2303593821,153900,0.0000,1.0
2002-04-05,36.95,37.31,36.53,36.64,11.9818280149,89900,0.0000,1.0
2002-04-04,36.85,37.0,36.7,37.0,12.0995533994,82000,0.0000,1.0
2002-04-03,36.8,37.0,36.74,36.85,12.0505011559,119100,0.0000,1.0
2002-04-02,36.65,37.0,36.65,36.93,12.0766623524,90900,0.0000,1.0
2002-04-01,36.95,36.95,36.65,36.75,12.0177996602,72500,0.0000,1.0
2002-03-28,37.35,37.6,36.7,36.7,12.0014489123,160200,0.0000,1.0
2002-03-27,37.84,37.84,36.85,37.5,12.2630608777,400400,0.0000,1.0
2002-03-26,35.75,37.4,35.75,37.4,12.2303593821,131000,0.1800,1.0
2002-03-25,35.01,35.71,35.01,35.71,11.6217704506,80200,0.0000,1.0
2002-03-22,34.5,35.45,34.5,35.02,11.3972108983,105800,0.0000,1.0
2002-03-21,34.75,34.75,34.4,34.6,11.2605224752,61700,0.0000,1.0
2002-03-20,34.65,34.75,34.46,34.5,11.2279776126,61000,0.0000,1.0
2002-03-19,33.9,34.65,33.9,34.65,11.2767949066,88400,0.0000,1.0
2002-03-18,33.1,34.25,33.08,33.98,11.0587443268,146800,0.0000,1.0
2002-03-15,32.4,33.03,32.4,32.98,10.7332957004,131000,0.0000,1.0
2002-03-14,33.07,33.07,32.76,32.85,10.6909873789,150900,0.0000,1.0
2002-03-13,33.0,33.1,32.81,32.87,10.6974963515,109800,0.0000,1.0
2002-03-12,33.41,33.41,32.9,33.0,10.7398046729,62300,0.0000,1.0
2002-03-11,33.3,33.32,33.08,33.08,10.765840563,55900,0.0000,1.0
2002-03-08,33.25,33.43,33.18,33.4,10.8699841235,86900,0.0000,1.0
2002-03-07,33.0,33.5,33.0,33.33,10.8472027196,47100,0.0000,1.0
2002-03-06,33.0,33.22,32.95,33.1,10.7723495356,43900,0.0000,1.0
2002-03-05,32.81,33.1,32.7,33.07,10.7625860768,49600,0.0000,1.0
2002-03-04,32.4,32.7,32.33,32.61,10.6128797086,52400,0.0000,1.0
2002-03-01,32.65,32.85,32.25,32.4,10.544535497,83000,0.0000,1.0
2002-02-28,32.25,32.95,32.15,32.7,10.642170085,51700,0.0000,1.0
2002-02-27,32.28,32.66,31.9,32.27,10.5022271756,62600,0.0000,1.0
2002-02-26,31.9,32.45,31.9,32.38,10.5380265245,55200,0.0000,1.0
2002-02-25,31.62,32.0,31.5,32.0,10.4143560465,60800,0.0000,1.0
2002-02-22,31.15,31.7,31.14,31.7,10.3167214585,66400,0.0000,1.0
2002-02-21,31.58,31.63,31.25,31.25,10.1702695766,42600,0.0000,1.0
2002-02-20,31.65,31.65,31.12,31.65,10.3004490272,40500,0.0000,1.0
2002-02-19,31.3,31.41,31.1,31.23,10.1637606041,26700,0.0000,1.0
2002-02-15,31.34,31.34,31.03,31.3,10.1865420079,24700,0.0000,1.0
2002-02-14,30.9,31.2,30.78,31.02,10.0954163925,89000,0.0000,1.0
2002-02-13,31.04,31.15,30.96,31.0,10.08890742,95500,0.0000,1.0
2002-02-12,30.9,31.14,30.7,31.1,10.1214522827,52200,0.0000,1.0
2002-02-11,30.69,31.0,30.6,30.95,10.0726349887,40700,0.0000,1.0
2002-02-08,30.55,30.73,30.55,30.69,9.98801834581,39000,0.0000,1.0
2002-02-07,30.45,30.75,30.4,30.49,9.92292862052,43400,0.0000,1.0
2002-02-06,30.27,30.46,29.75,30.4,9.89363824414,50400,0.0000,1.0
2002-02-05,30.17,30.5,30.13,30.31,9.86434786776,33100,0.0000,1.0
2002-02-04,30.05,30.41,30.02,30.37,9.88387478534,55800,0.0000,1.0
2002-02-01,30.5,30.5,30.0,30.1,9.7960036562,26700,0.0000,1.0
2002-01-31,30.1,30.5,30.0,30.5,9.92618310678,36200,0.0000,1.0
2002-01-30,29.9,30.6,29.9,30.25,9.84482095017,56600,0.0000,1.0
2002-01-29,29.95,30.15,29.9,30.1,9.7960036562,54100,0.0000,1.0
2002-01-28,30.07,30.07,29.1,30.07,9.78624019741,88000,0.0000,1.0
2002-01-25,28.75,29.1,28.75,29.1,9.47055502975,51800,0.0000,1.0
2002-01-24,28.55,28.76,28.4,28.75,9.35664801049,59400,0.0000,1.0
2002-01-23,28.55,28.55,28.14,28.42,9.24924996376,65900,0.0000,1.0
2002-01-22,28.0,28.71,27.99,28.4,9.24274099123,57900,0.0000,1.0
2002-01-18,29.5,29.61,28.65,28.71,9.34363006543,60600,0.0000,1.0
2002-01-17,29.4,29.65,29.2,29.4,9.56818961769,45600,0.0000,1.0
2002-01-16,29.25,29.5,29.2,29.45,9.58446204901,44600,0.1800,1.0
2002-01-15,29.7,29.84,29.45,29.75,9.6232786351,33500,0.0000,1.0
2002-01-14,30.1,30.11,29.75,29.77,9.62974806611,37900,0.0000,1.0
2002-01-11,30.35,30.35,29.7,29.9,9.67179936771,58100,0.0000,1.0
2002-01-10,30.1,30.48,29.7,30.48,9.85941286715,33600,0.0000,1.0
2002-01-09,29.9,30.2,29.9,30.16,9.75590197091,56900,0.0000,1.0
2002-01-08,30.4,30.45,29.83,30.04,9.71708538482,67800,0.0000,1.0
2002-01-07,31.21,31.21,30.6,30.6,9.89822945324,47700,0.0000,1.0
2002-01-04,31.21,31.21,30.5,31.21,10.0955470992,55500,0.0000,1.0
2002-01-03,30.98,30.98,30.25,30.64,9.91116831527,51100,0.0000,1.0
2002-01-02,31.3,31.3,30.1,30.76,9.94998490137,57300,0.0000,1.0
2001-12-31,31.3,31.6,31.05,31.35,10.1408331163,53400,0.0000,1.0
2001-12-28,32.5,32.54,31.68,31.68,10.2475787281,78900,0.0000,1.0
2001-12-27,32.15,32.8,32.12,32.75,10.5936932874,44100,0.0000,1.0
2001-12-26,31.05,32.3,31.05,32.3,10.4481310895,48600,0.0000,1.0
2001-12-24,31.02,31.46,30.98,31.2,10.0923123837,53700,0.0000,1.0
2001-12-21,30.75,30.99,30.15,30.97,10.017913927,118900,0.0000,1.0
2001-12-20,31.0,31.1,30.78,30.9,9.99527091847,96100,0.0000,1.0
2001-12-19,31.11,31.35,30.82,30.93,10.004975065,67200,0.0000,1.0
2001-12-18,31.55,31.56,30.11,31.31,10.1278942543,170600,0.0000,1.0
2001-12-17,30.75,32.0,30.75,32.0,10.3510896243,51500,0.0000,1.0
2001-12-14,30.72,30.98,30.36,30.75,9.94675018586,34900,0.0000,1.0
2001-12-13,29.8,30.85,29.78,30.77,9.95321961687,26800,0.0000,1.0
2001-12-12,30.1,30.1,29.5,29.72,9.61357448858,61100,0.0000,1.0
2001-12-11,30.85,31.05,30.1,30.48,9.85941286715,52000,0.0000,1.0
2001-12-10,32.35,32.35,30.78,30.82,9.96939319441,62600,0.0000,1.0
2001-12-07,32.45,32.45,31.8,32.45,10.4966518221,52100,0.0000,1.0
2001-12-06,32.3,32.3,31.18,32.3,10.4481310895,59300,0.0000,1.0
2001-12-05,30.29,31.75,30.29,31.55,10.2055274265,63100,0.0000,1.0
2001-12-04,29.99,30.29,29.85,30.29,9.79795327251,35800,0.0000,1.0
2001-12-03,30.19,30.19,29.5,30.06,9.72355481583,29900,0.0000,1.0
2001-11-30,29.71,30.27,29.71,30.2,9.76884083294,60200,0.0000,1.0
2001-11-29,29.1,30.0,29.1,29.96,9.69120766076,53800,0.0000,1.0
2001-11-28,29.26,29.26,29.0,29.0,9.38067497203,37600,0.0000,1.0
2001-11-27,28.75,29.28,28.73,29.02,9.38714440304,112000,0.0000,1.0
2001-11-26,28.35,29.36,28.35,29.0,9.38067497203,45200,0.0000,1.0
2001-11-23,29.48,29.48,28.75,29.48,9.53594131639,16700,0.0000,1.0
2001-11-21,29.05,29.05,28.31,28.9,9.34832781695,25500,0.0000,1.0
2001-11-20,28.4,28.62,28.15,28.5,9.21893919665,43500,0.0000,1.0
2001-11-19,28.6,28.75,28.45,28.64,9.26422521376,38800,0.0000,1.0
2001-11-16,28.85,29.2,28.65,28.8,9.31598066188,98100,0.0000,1.0
2001-11-15,28.9,29.2,28.75,28.75,9.29980708434,33400,0.0000,1.0
2001-11-14,29.34,29.48,28.8,28.8,9.31598066188,64600,0.0000,1.0
2001-11-13,28.58,29.35,28.58,29.35,9.49389001479,41800,0.0000,1.0
2001-11-12,29.04,29.04,28.4,28.55,9.23511277419,40600,0.0000,1.0
2001-11-09,28.6,29.1,28.58,29.03,9.39037911855,59200,0.0000,1.0
2001-11-08,28.43,28.78,28.4,28.68,9.27716407579,120800,0.0000,1.0
2001-11-07,28.47,28.47,27.92,28.43,9.1962961881,94700,0.0000,1.0
2001-11-06,27.65,28.17,27.5,28.04,9.0701422833,78400,0.0000,1.0
2001-11-05,27.3,27.78,27.2,27.78,8.9860396801,52400,0.0000,1.0
2001-11-02,27.2,27.27,26.71,27.25,8.8145997582,85200,0.0000,1.0
2001-11-01,27.1,27.46,26.98,27.32,8.83724276675,61900,0.0000,1.0
2001-10-31,26.7,27.48,26.55,27.3,8.83077333574,283000,0.0000,1.0
2001-10-30,27.03,27.03,25.52,27.0,8.73373187051,84000,0.0000,1.0
2001-10-29,25.6,26.37,25.4,26.37,8.52994479353,136400,0.0000,1.0
2001-10-26,25.65,25.87,25.25,25.64,8.29381056148,159900,0.0000,1.0
2001-10-25,25.9,25.95,25.41,25.82,8.35203544061,100500,0.0000,1.0
2001-10-24,26.2,26.2,25.95,26.06,8.4296686128,36500,0.0000,1.0
2001-10-23,26.0,26.61,25.98,26.35,8.52347536252,103000,0.0000,1.0
2001-10-22,25.65,26.68,25.43,26.1,8.44260747483,77500,0.0000,1.0
2001-10-19,26.05,26.05,25.5,25.78,8.33909657858,92000,0.0000,1.0
2001-10-18,26.31,26.31,25.9,26.05,8.42643389729,62200,0.0000,1.0
2001-10-17,27.0,27.0,26.26,26.3,8.50730178498,34500,0.0000,1.0
2001-10-16,26.54,27.15,26.54,27.15,8.78225260312,36400,0.0000,1.0
2001-10-15,27.05,27.23,26.4,26.44,8.55258780208,210300,0.0000,1.0
2001-10-12,27.68,27.74,26.55,26.95,8.71755829297,30200,0.0000,1.0
2001-10-11,27.0,27.8,27.0,27.48,8.88899821487,79800,0.1650,1.0
2001-10-10,26.5,27.23,26.5,27.21,8.74912792283,54900,0.0000,1.0
2001-10-09,26.85,26.85,26.07,26.5,8.52083388295,47000,0.0000,1.0
2001-10-08,26.4,26.4,26.01,26.07,8.38257129542,53000,0.0000,1.0
2001-10-05,26.47,26.47,25.95,26.05,8.37614047739,147600,0.0000,1.0
2001-10-04,26.26,26.26,25.26,25.4,8.16713889158,484400,0.0000,1.0
2001-10-03,25.55,25.55,24.96,25.27,8.12533857442,205100,0.0000,1.0
2001-10-02,25.25,25.31,25.0,25.0,8.03852253109,49100,0.0000,1.0
2001-10-01,25.87,25.88,25.19,25.2,8.10283071133,221900,0.0000,1.0
2001-09-28,25.8,26.2,25.0,25.81,8.29897066109,123500,0.0000,1.0
2001-09-27,25.7,25.9,25.65,25.68,8.25717034393,37100,0.0000,1.0
2001-09-26,26.4,26.49,25.68,25.68,8.25717034393,60600,0.0000,1.0
2001-09-25,26.1,26.62,25.65,25.99,8.35684802332,97800,0.0000,1.0
2001-09-24,25.45,26.35,25.45,26.0,8.36006343233,128000,0.0000,1.0
2001-09-21,27.2,27.2,25.55,25.59,8.22823166282,127100,0.0000,1.0
2001-09-20,29.11,29.11,27.43,27.5,8.84237478419,63000,0.0000,1.0
2001-09-19,30.0,30.0,28.44,29.24,9.40185595236,85100,0.0000,1.0
2001-09-18,29.5,29.89,29.35,29.43,9.46294872359,69800,0.0000,1.0
2001-09-17,30.5,30.5,29.5,29.56,9.50474904076,217400,0.0000,1.0
2001-09-10,31.9,32.06,31.5,31.99,10.2860934308,53400,0.0000,1.0
2001-09-07,34.05,34.05,32.15,32.5,10.4500792904,116200,0.0000,1.0
2001-09-06,34.25,34.6,34.25,34.27,11.0192066856,75700,0.0000,1.0
2001-09-05,34.75,34.8,34.1,34.31,11.0320683217,45800,0.0000,1.0
2001-09-04,34.55,35.16,34.5,34.75,11.1735463182,67600,0.0000,1.0
2001-08-31,34.95,34.96,34.36,34.55,11.109238138,54900,0.0000,1.0
2001-08-30,35.0,35.23,34.7,34.85,11.2057004083,42000,0.0000,1.0
2001-08-29,35.25,35.25,35.0,35.09,11.2828702246,33200,0.0000,1.0
2001-08-28,34.9,35.45,34.85,35.25,11.3343167688,48200,0.0000,1.0
2001-08-27,36.05,36.05,34.9,34.9,11.2217774534,87700,0.0000,1.0
2001-08-24,35.8,36.1,35.63,35.9,11.5433183546,59500,0.0000,1.0
2001-08-23,35.27,36.05,35.27,35.68,11.4725793564,46500,0.0000,1.0
2001-08-22,35.4,35.55,35.27,35.43,11.3921941311,41500,0.0000,1.0
2001-08-21,36.47,36.56,35.5,35.5,11.4147019941,102200,0.0000,1.0
2001-08-20,36.2,36.6,36.17,36.47,11.7265966683,32100,0.0000,1.0
2001-08-17,36.4,36.5,36.1,36.11,11.6108419439,30300,0.0000,1.0
2001-08-16,36.5,36.5,36.35,36.49,11.7330274864,58000,0.0000,1.0
2001-08-15,36.69,36.69,36.13,36.5,11.7362428954,31800,0.0000,1.0
2001-08-14,35.8,36.69,35.8,36.69,11.7973356666,34900,0.0000,1.0
2001-08-13,35.65,36.15,35.6,36.14,11.6204881709,18600,0.0000,1.0
2001-08-10,35.7,36.0,35.66,35.9,11.5433183546,25900,0.0000,1.0
2001-08-09,36.2,36.48,35.52,35.65,11.4629331293,46400,0.0000,1.0
2001-08-08,36.05,36.6,36.05,36.3,11.6719347151,27300,0.0000,1.0
2001-08-07,35.89,36.35,35.58,36.15,11.6237035799,20800,0.0000,1.0
2001-08-06,36.64,36.7,34.99,35.89,11.5401029456,76600,0.0000,1.0
2001-08-03,36.9,37.15,36.5,36.65,11.7844740306,71400,0.0000,1.0
2001-08-02,37.15,37.65,36.95,37.24,11.9741831623,45500,0.0000,1.0
2001-08-01,36.75,37.29,36.6,37.25,11.9773985713,56400,0.0000,1.0
2001-07-31,35.6,36.55,35.45,36.55,11.7523199404,67600,0.0000,1.0
2001-07-30,35.85,35.91,35.31,35.6,11.4468560843,55600,0.0000,1.0
2001-07-27,35.7,36.15,35.55,35.95,11.5593953997,40200,0.0000,1.0
2001-07-26,36.43,36.47,35.8,35.9,11.5433183546,59600,0.0000,1.0
2001-07-25,36.35,36.45,36.26,36.43,11.7137350323,34200,0.0000,1.0
2001-07-24,37.35,37.35,36.25,36.71,11.8037664846,61300,0.0000,1.0
2001-07-23,38.04,38.04,37.38,37.48,12.0513529786,35400,0.0000,1.0
2001-07-20,37.5,38.0,37.4,38.0,12.2185542473,30200,0.0000,1.0
2001-07-19,37.69,37.77,37.3,37.48,12.0513529786,46600,0.0000,1.0
2001-07-18,37.8,38.05,37.55,37.55,12.0738608417,43000,0.0000,1.0
2001-07-17,36.9,38.0,36.9,38.0,12.2185542473,41900,0.0000,1.0
2001-07-16,36.35,37.3,36.35,37.05,11.9130903911,46800,0.0000,1.0
2001-07-13,36.46,36.46,35.8,36.15,11.6237035799,59500,0.0000,1.0
2001-07-12,36.0,36.48,35.9,36.45,11.7201658503,50100,0.0000,1.0
2001-07-11,36.45,36.6,35.9,35.9,11.5433183546,32100,0.1650,1.0
2001-07-10,36.5,37.1,36.4,36.95,11.8265801526,64400,0.0000,1.0
2001-07-09,36.4,36.7,36.12,36.65,11.7305592041,43600,0.0000,1.0
2001-07-06,37.0,37.0,36.59,36.6,11.7145557127,30000,0.0000,1.0
2001-07-05,36.58,37.72,36.45,37.09,11.8713899286,59000,0.0000,1.0
2001-07-03,36.8,37.1,36.55,36.78,11.7721682818,50300,0.0000,1.0
2001-07-02,37.15,37.2,36.5,36.98,11.8361822475,131400,0.0000,1.0
2001-06-29,34.75,37.5,34.6,37.25,11.9226011011,130200,0.0000,1.0
2001-06-28,34.9,35.21,34.65,34.9,11.1704370048,55600,0.0000,1.0
2001-06-27,34.18,35.0,34.05,34.83,11.1480321168,80300,0.0000,1.0
2001-06-26,34.25,35.2,34.0,34.18,10.9399867285,117900,0.0000,1.0
2001-06-25,36.95,37.75,34.55,34.58,11.0680146597,108200,0.0000,1.0
2001-06-22,38.1,38.11,37.25,37.28,11.9322031959,94700,0.0000,1.0
2001-06-21,36.5,38.2,36.5,38.2,12.2266674379,93500,0.0000,1.0
2001-06-20,35.8,36.95,35.8,36.62,11.7209571093,50400,0.0000,1.0
2001-06-19,36.55,36.75,35.98,35.98,11.5161124192,71700,0.0000,1.0
2001-06-18,36.87,36.9,36.0,36.7,11.7465626956,70200,0.0000,1.0
2001-06-15,35.4,37.0,35.4,36.87,11.8009745664,90000,0.0000,1.0
2001-06-14,35.05,35.85,34.0,35.46,11.3496761086,106800,0.0000,1.0
2001-06-13,35.38,36.16,35.38,35.51,11.3656796,91100,0.0000,1.0
2001-06-12,34.85,35.75,34.65,35.59,11.3912851862,63800,0.0000,1.0
2001-06-11,33.9,35.3,33.9,35.1,11.2344509704,60200,0.0000,1.0
2001-06-08,33.6,34.25,33.6,33.95,10.866370668,37700,0.0000,1.0
2001-06-07,33.1,33.85,33.1,33.68,10.7799518143,74100,0.0000,1.0
2001-06-06,32.8,33.3,32.65,33.1,10.594311314,66200,0.0000,1.0
2001-06-05,32.6,32.95,32.58,32.95,10.5463008397,93200,0.0000,1.0
2001-06-04,32.45,32.9,32.43,32.89,10.5270966501,32300,0.0000,1.0
2001-06-01,31.65,32.44,31.65,32.42,10.3766638308,60400,0.0000,1.0
2001-05-31,31.82,32.24,31.5,31.8,10.1782205373,199600,0.0000,1.0
2001-05-30,32.3,32.4,32.02,32.02,10.2486358995,51500,0.0000,1.0
2001-05-29,31.8,32.3,31.26,32.3,10.3382554514,50200,0.0000,1.0
2001-05-25,32.2,32.22,31.65,31.7,10.1462135545,79100,0.0000,1.0
2001-05-24,31.8,32.55,31.75,32.35,10.3542589428,52500,0.0000,1.0
2001-05-23,32.45,32.6,31.85,31.85,10.1942240287,51900,0.0000,1.0
2001-05-22,32.75,32.95,32.63,32.68,10.4598819861,161600,0.0000,1.0
2001-05-21,32.45,32.95,32.45,32.95,10.5463008397,79400,0.0000,1.0
2001-05-18,32.31,32.95,32.31,32.6,10.4342763999,47000,0.0000,1.0
2001-05-17,32.25,32.49,31.8,32.41,10.3734631325,38100,0.0000,1.0
2001-05-16,32.1,32.5,32.1,32.3,10.3382554514,35900,0.0000,1.0
2001-05-15,31.4,32.3,31.4,32.3,10.3382554514,47900,0.0000,1.0
2001-05-14,31.7,32.0,31.49,31.5,10.0821995888,26300,0.0000,1.0
2001-05-11,32.2,32.5,31.58,31.8,10.1782205373,46900,0.0000,1.0
2001-05-10,31.9,32.6,31.75,32.35,10.3542589428,27700,0.0000,1.0
2001-05-09,32.35,32.6,31.9,32.0,10.2422345029,29900,0.0000,1.0
2001-05-08,31.3,32.49,31.3,32.47,10.3926673222,27300,0.0000,1.0
2001-05-07,32.4,32.75,31.45,31.45,10.0661960974,147300,0.0000,1.0
2001-05-04,31.75,32.65,31.65,32.55,10.4182729085,25500,0.0000,1.0
2001-05-03,32.36,32.6,31.9,31.9,10.2102275201,41400,0.0000,1.0
2001-05-02,31.85,32.75,31.4,32.51,10.4054701153,28600,0.0000,1.0
2001-05-01,30.92,32.15,30.72,31.97,10.2326324081,152400,0.0000,1.0
2001-04-30,32.75,32.76,30.92,30.92,9.89655908846,224100,0.0000,1.0
2001-04-27,32.0,33.0,32.0,33.0,10.5623043312,264200,0.0000,1.0
2001-04-26,31.05,32.1,30.93,32.1,10.2742414858,46100,0.0000,1.0
2001-04-25,31.0,31.24,30.85,31.24,9.99898143349,137600,0.0000,1.0
2001-04-24,30.2,31.2,30.2,31.0,9.92216467472,58700,0.0000,1.0
2001-04-23,30.4,30.47,29.86,30.25,9.68211230356,38700,0.0000,1.0
2001-04-20,30.05,30.79,29.97,30.5,9.76212976061,37100,0.0000,1.0
2001-04-19,30.0,30.28,30.0,30.25,9.68211230356,46100,0.0000,1.0
2001-04-18,30.13,30.54,29.81,30.02,9.60849624307,107900,0.0000,1.0
2001-04-17,30.2,30.2,29.83,30.13,9.64370392417,45300,0.0000,1.0
2001-04-16,30.0,30.47,29.8,30.34,9.7109185881,51500,0.0000,1.0
2001-04-12,29.75,30.13,29.75,30.13,9.64370392417,24000,0.0000,1.0
2001-04-11,30.05,30.06,29.6,30.04,9.61489763963,38800,0.0000,1.0
2001-04-10,29.8,30.13,29.8,30.08,9.62770043276,35600,0.1650,1.0
2001-04-09,30.05,30.13,30.0,30.13,9.59109320678,32400,0.0000,1.0
2001-04-06,31.25,31.47,29.85,30.0,9.54971112524,48000,0.0000,1.0
2001-04-05,31.2,31.59,31.06,31.42,10.0017307852,43200,0.0000,1.0
2001-04-04,31.0,31.5,30.85,31.3,9.96353194067,62800,0.0000,1.0
2001-04-03,31.0,31.15,30.8,30.87,9.82665274787,21800,0.0000,1.0
2001-04-02,31.5,31.99,31.0,31.05,9.88395101462,72400,0.0000,1.0
2001-03-30,30.85,31.72,30.85,31.25,9.94761575546,103100,0.0000,1.0
2001-03-29,30.7,30.95,30.4,30.85,9.82028627379,41200,0.0000,1.0
2001-03-28,29.9,31.0,29.74,30.6,9.74070534774,32200,0.0000,1.0
2001-03-27,29.45,30.3,29.16,30.21,9.61655910312,30700,0.0000,1.0
2001-03-26,30.25,30.25,29.5,29.7,9.45421401399,53400,0.0000,1.0
2001-03-23,29.4,29.6,29.05,29.5,9.39054927315,53200,0.0000,1.0
2001-03-22,29.25,29.6,28.46,29.5,9.39054927315,66300,0.0000,1.0
2001-03-21,30.36,30.4,29.7,29.7,9.45421401399,34200,0.0000,1.0
2001-03-20,30.85,31.25,30.61,30.61,9.74388858479,51700,0.0000,1.0
2001-03-19,30.4,31.05,30.3,31.05,9.88395101462,37900,0.0000,1.0
2001-03-16,31.2,31.5,30.65,30.65,9.75662153295,58800,0.0000,1.0
2001-03-15,31.15,31.3,31.0,31.12,9.90623367391,33900,0.0000,1.0
2001-03-14,31.0,31.4,30.9,31.0,9.86803482941,68300,0.0000,1.0
2001-03-13,31.6,32.2,31.5,32.0,10.1863585336,40500,0.0000,1.0
2001-03-12,32.1,32.53,31.8,31.82,10.1290602668,41400,0.0000,1.0
2001-03-09,32.4,32.65,32.01,32.31,10.2850388819,167000,0.0000,1.0
2001-03-08,32.1,32.6,32.1,32.5,10.3455203857,157700,0.0000,1.0
2001-03-07,31.6,32.4,31.6,32.15,10.2341070892,14800,0.0000,1.0
2001-03-06,32.2,32.35,31.8,31.8,10.1226937928,22400,0.0000,1.0
2001-03-05,32.2,32.44,31.97,32.3,10.2818556448,25900,0.0000,1.0
2001-03-02,31.7,32.49,31.7,32.2,10.2500232744,28200,0.0000,1.0
2001-03-01,32.3,32.35,31.67,31.85,10.138609978,20200,0.0000,1.0
2001-02-28,31.8,32.55,31.66,32.3,10.2818556448,39800,0.0000,1.0
2001-02-27,31.75,32.25,31.75,31.9,10.1545261632,119800,0.0000,1.0
2001-02-26,32.0,32.05,31.4,31.99,10.1831752965,56200,0.0000,1.0
2001-02-23,32.38,32.5,31.6,32.15,10.2341070892,36600,0.0000,1.0
2001-02-22,32.4,33.0,32.3,32.78,10.4346510228,96400,0.0000,1.0
2001-02-21,31.7,32.75,31.7,32.4,10.3136880153,55100,0.0000,1.0
2001-02-20,31.5,32.25,31.5,31.9,10.1545261632,47400,0.0000,1.0
2001-02-16,31.8,32.18,31.5,31.67,10.0813117112,53700,0.0000,1.0
2001-02-15,31.75,32.22,31.61,31.95,10.1704423484,29100,0.0000,1.0
2001-02-14,31.8,32.5,31.8,31.85,10.138609978,51100,0.0000,1.0
2001-02-13,31.96,32.2,31.5,31.9,10.1545261632,235600,0.0000,1.0
2001-02-12,29.95,31.51,29.95,31.5,10.0271966815,78700,0.0000,1.0
2001-02-09,30.6,30.6,29.94,30.0,9.54971112524,38500,0.0000,1.0
2001-02-08,30.75,31.13,30.44,30.7,9.77253771816,40500,0.0000,1.0
2001-02-07,29.8,30.8,29.7,30.8,9.80437008858,45800,0.0000,1.0
2001-02-06,29.67,30.0,29.55,30.0,9.54971112524,14000,0.0000,1.0
2001-02-05,29.55,29.7,29.0,29.68,9.4478475399,55000,0.0000,1.0
2001-02-02,29.95,30.16,29.45,29.6,9.42238164357,29500,0.0000,1.0
2001-02-01,30.35,30.4,29.85,30.1,9.58154349566,44900,0.0000,1.0
2001-01-31,31.2,31.25,30.35,30.35,9.6611244217,32000,0.0000,1.0
2001-01-30,30.85,31.25,30.7,31.2,9.93169957025,58700,0.0000,1.0
2001-01-29,31.12,31.48,30.99,30.99,9.86485159237,47900,0.0000,1.0
2001-01-26,31.31,31.69,31.13,31.25,9.94761575546,23400,0.0000,1.0
2001-01-25,31.63,31.88,31.56,31.56,10.0462961038,40000,0.0000,1.0
2001-01-24,31.38,31.88,31.38,31.81,10.1258770298,51000,0.0000,1.0
2001-01-23,31.63,31.88,31.63,31.88,10.1481596891,27500,0.0000,1.0
2001-01-22,31.56,31.88,31.5,31.81,10.1258770298,56700,0.0000,1.0
2001-01-19,31.38,31.75,31.38,31.69,10.0876781853,23100,0.0000,1.0
2001-01-18,31.5,31.88,31.5,31.56,10.0462961038,39100,0.0000,1.0
2001-01-17,31.63,31.81,31.44,31.75,10.1067776075,18800,0.0000,1.0
2001-01-16,31.75,31.88,31.44,31.88,10.1481596891,40700,0.0000,1.0
2001-01-12,31.63,31.88,31.31,31.88,10.1481596891,27400,0.0000,1.0
2001-01-11,31.31,31.88,31.31,31.88,10.1481596891,18400,0.0000,1.0
2001-01-10,31.25,31.63,31.25,31.44,10.0080972593,48500,0.1650,1.0
2001-01-09,30.63,31.5,30.63,31.25,9.89568230823,47900,0.0000,1.0
2001-01-08,30.38,30.75,30.38,30.63,9.69935197123,86700,0.0000,1.0
2001-01-05,30.75,30.88,30.31,30.88,9.7785174297,30400,0.0000,1.0
2001-01-04,30.81,31.0,30.69,31.0,9.81651684976,41500,0.0000,1.0
2001-01-03,29.94,30.94,29.56,30.94,9.79751713973,62200,0.0000,1.0
2001-01-02,30.63,30.69,29.69,30.19,9.56002076433,85800,0.0000,1.0
2000-12-29,30.94,31.0,30.63,30.63,9.69935197123,21400,0.0000,1.0
2000-12-28,30.81,31.0,30.81,31.0,9.81651684976,33200,0.0000,1.0
2000-12-27,31.88,31.88,30.5,30.94,9.79751713973,30800,0.0000,1.0
2000-12-26,31.88,32.0,31.0,31.0,9.81651684976,75300,0.0000,1.0
2000-12-22,30.56,32.13,30.56,32.13,10.174344722,44000,0.0000,1.0
2000-12-21,30.75,30.75,30.25,30.75,9.7373513913,14300,0.0000,1.0
2000-12-20,31.0,31.13,30.38,30.81,9.75635110133,23500,0.0000,1.0
2000-12-19,30.81,31.31,30.19,31.06,9.83551655979,28700,0.0000,1.0
2000-12-18,30.5,31.0,30.5,30.94,9.79751713973,18700,0.0000,1.0
2000-12-15,30.56,30.63,30.19,30.63,9.69935197123,44500,0.0000,1.0
2000-12-14,30.81,31.0,30.63,30.69,9.71835168127,16200,0.0000,1.0
2000-12-13,30.44,31.0,30.44,30.94,9.79751713973,19900,0.0000,1.0
2000-12-12,30.5,30.88,30.5,30.69,9.71835168127,29200,0.0000,1.0
2000-12-11,30.25,30.75,30.25,30.75,9.7373513913,23700,0.0000,1.0
2000-12-08,29.75,30.38,29.75,30.38,9.62018651277,123700,0.0000,1.0
2000-12-07,29.5,30.0,29.5,29.88,9.46185559584,18200,0.0000,1.0
2000-12-06,29.63,30.0,29.63,29.63,9.38269013737,30700,0.0000,1.0
2000-12-05,28.38,29.88,28.25,29.88,9.46185559584,30600,0.0000,1.0
2000-12-04,28.81,29.13,28.5,28.63,9.06602830351,16800,0.0000,1.0
2000-12-01,28.31,29.06,28.31,29.06,9.20219289207,7200,0.0000,1.0
2000-11-30,28.63,28.94,28.56,28.56,9.04386197514,15600,0.0000,1.0
2000-11-29,28.25,28.88,28.0,28.88,9.14519376197,11600,0.0000,1.0
2000-11-28,28.56,29.19,28.5,28.5,9.0248622651,18000,0.0000,1.0
2000-11-27,29.25,29.44,28.81,28.81,9.1230274336,15200,0.0000,1.0
2000-11-24,29.19,29.25,29.19,29.25,9.2623586405,5000,0.0000,1.0
2000-11-22,29.25,29.88,29.25,29.38,9.3035246789,18600,0.0000,1.0
2000-11-21,29.13,29.69,29.13,29.63,9.38269013737,26900,0.0000,1.0
2000-11-20,29.69,29.94,29.44,29.88,9.46185559584,9600,0.0000,1.0
2000-11-17,29.88,30.0,29.56,29.88,9.46185559584,20600,0.0000,1.0
2000-11-16,29.63,29.94,29.44,29.88,9.46185559584,27700,0.0000,1.0
2000-11-15,28.63,29.75,28.63,29.75,9.42068955743,29200,0.0000,1.0
2000-11-14,28.81,28.81,28.44,28.75,9.10402772357,13400,0.0000,1.0
2000-11-13,28.38,29.13,28.25,29.06,9.20219289207,12700,0.0000,1.0
2000-11-10,28.88,28.88,28.31,28.44,9.00586255507,15600,0.0000,1.0
2000-11-09,28.5,29.0,28.19,29.0,9.18319318204,19400,0.0000,1.0
2000-11-08,28.31,29.0,28.0,28.56,9.04386197514,41000,0.0000,1.0
2000-11-07,28.06,28.44,27.88,28.44,9.00586255507,8900,0.0000,1.0
2000-11-06,27.81,28.25,27.75,28.25,8.94569680664,14200,0.0000,1.0
2000-11-03,28.0,28.0,27.63,27.94,8.84753163814,18600,0.0000,1.0
2000-11-02,27.63,28.0,27.56,28.0,8.86653134817,25400,0.0000,1.0
2000-11-01,27.81,27.94,27.63,27.81,8.80636559974,13900,0.0000,1.0
2000-10-31,27.19,27.94,27.19,27.94,8.84753163814,38700,0.0000,1.0
2000-10-30,26.81,27.38,26.81,27.38,8.67020101118,10100,0.0000,1.0
2000-10-27,26.88,27.19,26.88,27.0,8.54986951431,9200,0.0000,1.0
2000-10-26,26.63,27.13,26.63,27.13,8.59103555271,7800,0.0000,1.0
2000-10-25,26.56,26.94,26.56,26.88,8.51187009425,14400,0.0000,1.0
2000-10-24,26.0,27.0,26.0,26.75,8.47070405584,18700,0.0000,1.0
2000-10-23,25.81,26.19,25.81,26.13,8.27437371885,8400,0.0000,1.0
2000-10-20,25.69,26.0,25.69,26.0,8.23320768045,54700,0.0000,1.0
2000-10-19,25.69,26.0,25.5,25.69,8.13504251195,28800,0.0000,1.0
2000-10-18,25.69,25.75,25.69,25.75,8.15404222198,25800,0.0000,1.0
2000-10-17,25.69,25.81,25.56,25.69,8.13504251195,22700,0.0000,1.0
2000-10-16,26.25,26.5,25.94,25.94,8.21420797041,35100,0.0000,1.0
2000-10-13,26.25,26.5,26.13,26.38,8.35353917731,27200,0.0000,1.0
2000-10-12,26.38,26.63,26.13,26.31,8.33137284894,16000,0.0000,1.0
2000-10-11,25.94,26.5,25.94,26.38,8.35353917731,15500,0.1550,1.0
2000-10-10,26.5,26.63,26.38,26.38,8.30474330121,53600,0.0000,1.0
2000-10-09,27.0,27.0,26.5,26.5,8.34252075368,19300,0.0000,1.0
2000-10-06,27.5,27.5,26.94,26.94,8.4810380794,52200,0.0000,1.0
2000-10-05,26.75,27.75,26.75,27.5,8.65733285759,22500,0.0000,1.0
2000-10-04,26.88,27.0,26.75,27.0,8.49992680563,16300,0.0000,1.0
2000-10-03,26.81,27.5,26.81,27.13,8.54085237914,11100,0.0000,1.0
2000-10-02,26.94,27.38,26.81,26.94,8.4810380794,15200,0.0000,1.0
2000-09-29,26.81,27.63,26.75,27.19,8.55974110538,20100,0.0000,1.0
2000-09-28,26.56,27.13,26.56,27.0,8.49992680563,16500,0.0000,1.0
2000-09-27,26.56,26.88,26.5,26.56,8.36140947991,10200,0.0000,1.0
2000-09-26,27.69,27.69,26.5,26.63,8.38344632719,24600,0.0000,1.0
2000-09-25,27.5,28.0,27.5,27.81,8.7549246098,13900,0.0000,1.0
2000-09-22,26.94,27.81,26.81,27.69,8.71714715733,14000,0.0000,1.0
2000-09-21,26.81,27.44,26.81,27.19,8.55974110538,24300,0.0000,1.0
2000-09-20,27.38,27.5,26.88,26.88,8.46214935316,24800,0.0000,1.0
2000-09-19,26.38,27.5,26.25,27.5,8.65733285759,52500,0.0000,1.0
2000-09-18,26.75,26.75,26.25,26.25,8.2638177277,13000,0.0000,1.0
2000-09-15,26.31,26.88,26.31,26.88,8.46214935316,13000,0.0000,1.0
2000-09-14,26.13,26.75,26.13,26.75,8.42122377966,4700,0.0000,1.0
2000-09-13,26.88,27.0,26.06,26.25,8.2638177277,16000,0.0000,1.0
2000-09-12,27.0,27.25,26.88,27.13,8.54085237914,8200,0.0000,1.0
2000-09-11,26.69,26.88,26.25,26.88,8.46214935316,13300,0.0000,1.0
2000-09-08,26.75,27.06,26.75,26.81,8.44011250589,13200,0.0000,1.0
2000-09-07,26.38,27.0,26.38,26.63,8.38344632719,38000,0.0000,1.0
2000-09-06,26.13,26.56,26.06,26.56,8.36140947991,17200,0.0000,1.0
2000-09-05,26.44,26.5,26.19,26.38,8.30474330121,40200,0.0000,1.0
2000-09-01,26.88,26.88,26.5,26.63,8.38344632719,24200,0.0000,1.0
2000-08-31,27.69,27.69,26.94,27.0,8.49992680563,17000,0.0000,1.0
2000-08-30,27.25,27.88,27.0,27.81,8.7549246098,40900,0.0000,1.0
2000-08-29,26.94,27.5,26.94,27.25,8.57862983161,21700,0.0000,1.0
2000-08-28,26.69,27.0,26.56,26.88,8.46214935316,40600,0.0000,1.0
2000-08-25,26.25,27.38,26.25,26.94,8.4810380794,39200,0.0000,1.0
2000-08-24,25.44,25.88,25.31,25.88,8.14733724925,32400,0.0000,1.0
2000-08-23,25.81,25.94,25.5,25.5,8.02770864976,11600,0.0000,1.0
2000-08-22,25.75,26.13,25.63,25.81,8.12530040198,15400,0.0000,1.0
2000-08-21,25.88,26.25,25.75,26.0,8.18511470172,14100,0.0000,1.0
2000-08-18,25.44,26.0,25.44,25.88,8.14733724925,10100,0.0000,1.0
2000-08-17,25.88,26.0,25.5,25.69,8.08752294951,31300,0.0000,1.0
2000-08-16,25.5,26.0,25.38,25.81,8.12530040198,31200,0.0000,1.0
2000-08-15,25.63,25.94,25.56,25.75,8.10641167574,71100,0.0000,1.0
2000-08-14,25.69,25.94,25.5,25.88,8.14733724925,31000,0.0000,1.0
2000-08-11,25.56,25.88,25.56,25.69,8.08752294951,20500,0.0000,1.0
2000-08-10,25.38,25.94,25.38,25.56,8.046597376,29800,0.0000,1.0
2000-08-09,25.25,25.5,25.13,25.38,7.9899311973,11100,0.0000,1.0
2000-08-08,25.25,25.63,25.13,25.19,7.93011689755,94800,0.0000,1.0
2000-08-07,24.13,25.5,24.13,25.38,7.9899311973,22400,0.0000,1.0
2000-08-04,24.25,24.31,24.13,24.13,7.59641606741,6100,0.0000,1.0
2000-08-03,24.88,24.88,24.25,24.31,7.65308224611,11200,0.0000,1.0
2000-08-02,24.44,24.81,23.94,24.81,7.81048829807,22000,0.0000,1.0
2000-08-01,25.75,25.88,24.31,24.56,7.73178527209,39700,0.0000,1.0
2000-07-31,25.13,26.0,25.13,26.0,8.18511470172,21500,0.0000,1.0
2000-07-28,24.75,25.19,24.5,25.13,7.91122817132,9200,0.0000,1.0
2000-07-27,25.06,25.25,24.56,25.0,7.87030259781,12000,0.0000,1.0
2000-07-26,24.56,25.25,24.38,25.25,7.94900562379,16300,0.0000,1.0
2000-07-25,25.0,25.0,24.31,24.81,7.81048829807,66200,0.0000,1.0
2000-07-24,25.25,25.75,24.88,24.88,7.83252514534,62100,0.0000,1.0
2000-07-21,25.69,25.88,25.13,25.31,7.96789435002,16800,0.0000,1.0
2000-07-20,25.25,25.88,25.25,25.88,8.14733724925,28100,0.0000,1.0
2000-07-19,25.88,25.88,25.56,25.63,8.06863422327,15000,0.0000,1.0
2000-07-18,25.63,26.19,25.63,26.0,8.18511470172,46800,0.0000,1.0
2000-07-17,25.31,25.63,24.88,25.63,8.06863422327,24000,0.0000,1.0
2000-07-14,24.94,25.38,24.81,25.19,7.93011689755,34000,0.0000,1.0
2000-07-13,24.5,25.13,24.44,25.0,7.87030259781,20600,0.0000,1.0
2000-07-12,23.63,25.0,23.5,24.75,7.79159957183,72800,0.1550,1.0
2000-07-11,23.5,24.0,23.5,23.56,7.37081252408,21300,0.0000,1.0
2000-07-10,23.88,24.0,23.5,23.5,7.35204135467,14000,0.0000,1.0
2000-07-07,23.81,23.94,23.06,23.94,7.48969659705,22900,0.0000,1.0
2000-07-06,23.5,23.94,21.75,23.94,7.48969659705,106500,0.0000,1.0
2000-07-05,23.81,24.63,23.75,23.75,7.43025456057,16100,0.0000,1.0
2000-07-03,23.25,23.88,23.06,23.88,7.47092542764,13000,0.0000,1.0
2000-06-30,24.38,24.38,23.0,23.0,7.19561494287,38500,0.0000,1.0
2000-06-29,25.0,25.0,24.25,24.25,7.58668097237,17800,0.0000,1.0
2000-06-28,24.31,25.0,24.13,25.0,7.82132059007,35600,0.0000,1.0
2000-06-27,24.5,24.56,24.13,24.19,7.56790980295,9100,0.0000,1.0
2000-06-26,24.56,24.63,24.25,24.63,7.70556504534,10900,0.0000,1.0
2000-06-23,24.75,24.94,24.56,24.69,7.72433621476,12100,0.0000,1.0
2000-06-22,24.5,24.88,24.38,24.81,7.76187855359,27700,0.0000,1.0
2000-06-21,24.13,24.56,24.0,24.5,7.66489417827,13700,0.0000,1.0
2000-06-20,24.38,24.38,24.0,24.13,7.54913863354,14200,0.0000,1.0
2000-06-19,24.38,24.38,23.88,24.38,7.62735183944,15200,0.0000,1.0
2000-06-16,25.63,26.0,24.06,24.25,7.58668097237,56300,0.0000,1.0
2000-06-15,25.13,25.81,25.0,25.63,8.01841786894,54500,0.0000,1.0
2000-06-14,25.0,25.25,24.88,25.25,7.89953379597,36600,0.0000,1.0
2000-06-13,23.63,25.0,23.63,25.0,7.82132059007,32800,0.0000,1.0
2000-06-12,24.56,24.69,23.63,23.63,7.39271222174,30000,0.0000,1.0
2000-06-09,25.06,25.44,24.56,24.56,7.68366534769,27800,0.0000,1.0
2000-06-08,24.56,25.25,24.44,25.19,7.88076262656,29400,0.0000,1.0
2000-06-07,23.94,24.69,23.88,24.69,7.72433621476,17300,0.0000,1.0
2000-06-06,24.0,24.0,23.69,23.88,7.47092542764,11100,0.0000,1.0
2000-06-05,23.19,24.0,23.19,24.0,7.50846776647,27100,0.0000,1.0
2000-06-02,23.63,23.81,23.25,23.38,7.31449901584,23900,0.0000,1.0
2000-06-01,23.19,23.88,22.69,23.88,7.47092542764,45400,0.0000,1.0
2000-05-31,23.19,23.5,22.94,23.19,7.25505697935,19600,0.0000,1.0
2000-05-30,23.13,23.5,23.0,23.25,7.27382814877,29100,0.0000,1.0
2000-05-26,23.25,23.25,22.94,23.0,7.19561494287,26500,0.0000,1.0
2000-05-25,22.69,23.5,22.69,23.19,7.25505697935,52800,0.0000,1.0
2000-05-24,22.38,22.81,22.25,22.69,7.09863056755,23100,0.0000,1.0
2000-05-23,23.75,23.75,21.88,22.31,6.97974649458,83500,0.0000,1.0
2000-05-22,22.81,23.75,22.69,23.75,7.43025456057,20500,0.0000,1.0
2000-05-19,22.31,22.88,22.19,22.88,7.15807260403,60300,0.0000,1.0
2000-05-18,23.5,23.5,22.25,22.31,6.97974649458,67000,0.0000,1.0
2000-05-17,23.94,23.94,23.31,23.5,7.35204135467,12200,0.0000,1.0
2000-05-16,24.0,24.0,23.63,23.81,7.44902572999,23400,0.0000,1.0
2000-05-15,23.75,23.88,23.31,23.88,7.47092542764,23400,0.0000,1.0
2000-05-12,23.94,24.0,23.75,23.88,7.47092542764,38400,0.0000,1.0
2000-05-11,23.63,23.94,23.44,23.94,7.48969659705,38100,0.0000,1.0
2000-05-10,24.38,24.38,23.63,23.88,7.47092542764,37500,0.0000,1.0
2000-05-09,24.75,24.81,24.31,24.5,7.66489417827,14000,0.0000,1.0
2000-05-08,25.0,25.13,24.75,24.81,7.76187855359,16800,0.0000,1.0
2000-05-05,25.13,25.19,24.88,25.13,7.86199145714,46000,0.0000,1.0
2000-05-04,25.06,25.19,25.06,25.19,7.88076262656,40900,0.0000,1.0
2000-05-03,25.25,25.31,25.13,25.19,7.88076262656,30500,0.0000,1.0
2000-05-02,25.31,25.38,25.13,25.38,7.94020466304,34200,0.0000,1.0
2000-05-01,25.19,25.38,25.13,25.38,7.94020466304,12700,0.0000,1.0
2000-04-28,25.13,25.25,25.06,25.25,7.89953379597,14500,0.0000,1.0
2000-04-27,25.0,25.25,24.88,25.25,7.89953379597,13500,0.0000,1.0
2000-04-26,25.13,25.5,25.13,25.38,7.94020466304,34200,0.0000,1.0
2000-04-25,24.69,25.25,24.59,25.13,7.86199145714,38700,0.0000,1.0
2000-04-24,24.38,24.81,24.13,24.69,7.72433621476,22100,0.0000,1.0
2000-04-20,23.75,24.63,23.75,24.38,7.62735183944,21400,0.0000,1.0
2000-04-19,23.88,24.13,23.63,24.0,7.50846776647,21300,0.0000,1.0
2000-04-18,23.25,23.88,23.13,23.88,7.47092542764,28700,0.0000,1.0
2000-04-17,23.56,23.63,23.06,23.19,7.25505697935,58200,0.0000,1.0
2000-04-14,23.63,23.75,23.5,23.75,7.43025456057,44200,0.0000,1.0
2000-04-13,23.69,23.81,23.5,23.69,7.41148339115,24300,0.0000,1.0
2000-04-12,23.38,23.75,23.31,23.56,7.37081252408,21800,0.1550,1.0
2000-04-11,23.25,23.31,23.06,23.25,7.22628678832,38000,0.0000,1.0
2000-04-10,23.31,23.56,22.94,23.19,7.20763830628,58200,0.0000,1.0
2000-04-07,23.0,23.56,23.0,23.38,7.26669183273,24700,0.0000,1.0
2000-04-06,22.38,22.94,22.31,22.88,7.11128781577,38600,0.0000,1.0
2000-04-05,23.06,23.06,22.0,22.38,6.95588379882,50400,0.0000,1.0
2000-04-04,23.81,23.81,22.63,23.06,7.16723326188,51700,0.0000,1.0
2000-04-03,23.5,24.38,23.5,23.88,7.42209584968,34100,0.0000,1.0
2000-03-31,24.56,24.69,23.5,23.5,7.30398879679,90400,0.0000,1.0
2000-03-30,24.5,24.63,24.31,24.44,7.59614834867,37400,0.0000,1.0
2000-03-29,25.81,25.81,24.5,24.5,7.6147968307,27000,0.0000,1.0
2000-03-28,25.44,26.19,25.31,25.69,7.98465839105,44500,0.0000,1.0
2000-03-27,26.25,26.25,23.94,25.69,7.98465839105,104800,0.0000,1.0
2000-03-24,27.94,27.94,26.38,26.44,8.21776441648,72100,0.0000,1.0
2000-03-23,27.38,28.0,27.25,27.81,8.64357142293,47900,0.0000,1.0
2000-03-22,27.5,27.88,27.0,27.38,8.50992396835,47000,0.0000,1.0
2000-03-21,26.5,27.63,26.38,27.63,8.58762597683,74900,0.0000,1.0
2000-03-20,26.19,26.63,26.13,26.5,8.23641289851,89800,0.0000,1.0
2000-03-17,26.31,26.38,26.0,26.31,8.17735937207,33600,0.0000,1.0
2000-03-16,26.25,26.44,26.19,26.38,8.19911593444,20200,0.0000,1.0
2000-03-15,26.25,26.31,26.13,26.31,8.17735937207,16900,0.0000,1.0
2000-03-14,25.81,26.25,25.69,26.25,8.15871089004,35700,0.0000,1.0
2000-03-13,26.0,26.0,25.38,25.63,7.96600990902,164500,0.0000,1.0
2000-03-10,25.94,26.06,25.81,25.88,8.04371191749,70900,0.0000,1.0
2000-03-09,25.94,26.0,25.81,25.94,8.06236039953,18700,0.0000,1.0
2000-03-08,25.81,26.13,25.69,25.94,8.06236039953,53100,0.0000,1.0
2000-03-07,25.63,25.88,25.25,25.81,8.02195535512,58200,0.0000,1.0
2000-03-06,26.06,26.13,25.69,25.75,8.00330687308,44800,0.0000,1.0
2000-03-03,25.88,26.63,25.63,26.19,8.140062408,67900,0.0000,1.0
2000-03-02,25.13,25.63,25.0,25.5,7.92560486461,38900,0.0000,1.0
2000-03-01,25.19,25.44,24.94,25.19,7.8292543741,120500,0.0000,1.0
2000-02-29,24.75,25.19,24.75,25.19,7.8292543741,200300,0.0000,1.0
2000-02-28,24.13,24.56,24.13,24.56,7.63344531274,24400,0.0000,1.0
2000-02-25,24.13,24.38,24.0,24.13,7.49979785816,69700,0.0000,1.0
2000-02-24,24.63,24.63,23.63,24.0,7.45939281375,148500,0.0000,1.0
2000-02-23,24.13,24.81,24.0,24.75,7.69249883918,54800,0.0000,1.0
2000-02-22,24.63,24.63,23.63,24.19,7.51844634019,68500,0.0000,1.0
2000-02-18,25.13,25.19,24.63,24.63,7.65520187511,86500,0.0000,1.0
2000-02-17,23.75,25.25,23.63,25.25,7.84790285613,102600,0.0000,1.0
2000-02-16,23.0,23.63,22.88,23.63,7.3443938412,86400,0.0000,1.0
2000-02-15,22.0,22.94,22.0,22.44,6.97453228085,53600,0.0000,1.0
2000-02-14,21.75,22.06,21.75,22.06,6.85642522797,39800,0.0000,1.0
2000-02-11,21.69,21.81,21.31,21.4,6.65129192559,82400,0.0000,1.0
2000-02-10,21.06,21.56,21.06,21.56,6.70102121102,70300,0.0000,1.0
2000-02-09,21.19,21.25,21.0,21.13,6.56737375644,37600,0.0000,1.0
2000-02-08,21.5,21.56,21.06,21.19,6.58602223847,80400,0.0000,1.0
2000-02-07,21.75,21.88,21.5,21.75,6.76007473746,54500,0.0000,1.0
2000-02-04,21.0,22.0,20.88,21.88,6.80047978187,114400,0.0000,1.0
2000-02-03,20.5,21.0,20.5,21.0,6.52696871203,148300,0.0000,1.0
2000-02-02,20.69,20.69,20.44,20.44,6.35291621304,182200,0.0000,1.0
2000-02-01,20.63,20.81,20.25,20.63,6.41196973948,238700,0.0000,1.0
2000-01-31,20.44,20.69,20.38,20.5,6.37156469508,80500,0.0000,1.0
2000-01-28,20.5,20.56,20.19,20.19,6.27521420457,64900,0.0000,1.0
2000-01-27,20.44,20.69,20.44,20.5,6.37156469508,25200,0.0000,1.0
2000-01-26,20.56,20.88,20.44,20.5,6.37156469508,33900,0.0000,1.0
2000-01-25,21.06,21.06,20.56,20.56,6.39021317711,71700,0.0000,1.0
2000-01-24,21.13,21.38,21.06,21.13,6.56737375644,46900,0.0000,1.0
2000-01-21,20.31,21.25,20.25,21.19,6.58602223847,155200,0.0000,1.0
2000-01-20,20.25,20.31,19.81,20.31,6.31251116863,75600,0.0000,1.0
2000-01-19,19.94,20.19,19.88,20.13,6.25656572253,39600,0.0000,1.0
2000-01-18,20.13,20.19,19.69,19.81,6.15710715168,46400,0.0000,1.0
2000-01-14,20.0,20.25,19.88,20.25,6.2938626866,57000,0.0000,1.0
2000-01-13,19.94,20.13,19.25,19.38,6.0234596971,104600,0.0000,1.0
2000-01-12,19.94,20.13,19.88,20.0,6.21616067812,63800,0.1550,1.0
2000-01-11,20.25,20.25,20.0,20.06,6.1868609875,37900,0.0000,1.0
2000-01-10,20.25,20.25,20.0,20.25,6.24546036874,113100,0.0000,1.0
2000-01-07,20.19,20.38,20.06,20.25,6.24546036874,60500,0.0000,1.0
2000-01-06,20.19,20.38,20.06,20.19,6.22695530098,63900,0.0000,1.0
2000-01-05,20.25,20.25,20.0,20.13,6.20845023322,27400,0.0000,1.0
2000-01-04,20.13,20.38,20.0,20.38,6.28555468222,62400,0.0000,1.0
2000-01-03,20.5,20.62,20.0,20.31,6.2639654365,120800,0.0000,1.0
1999-12-31,20.19,20.44,20.0,20.38,6.28555468222,38500,0.0000,1.0
1999-12-30,20.25,20.63,20.25,20.25,6.24546036874,67900,0.0000,1.0
1999-12-29,20.63,20.69,20.06,20.25,6.24546036874,72200,0.0000,1.0
1999-12-28,20.75,20.75,20.44,20.53,6.33181735162,164500,0.0000,1.0
1999-12-27,20.63,20.88,20.5,20.56,6.3410698855,173800,0.0000,1.0
1999-12-23,20.5,20.75,20.38,20.44,6.30405974998,162700,0.0000,1.0
1999-12-22,20.81,21.0,20.13,20.63,6.36265913122,65400,0.0000,1.0
1999-12-21,20.88,21.0,20.5,20.69,6.38116419898,54000,0.0000,1.0
1999-12-20,20.88,21.06,20.63,20.81,6.4181743345,92100,0.0000,1.0
1999-12-17,21.38,21.44,20.75,20.75,6.39966926674,77000,0.0000,1.0
1999-12-16,21.63,21.63,21.25,21.5,6.63098261373,52200,0.0000,1.0
1999-12-15,21.5,21.94,21.44,21.69,6.68958199496,77300,0.0000,1.0
1999-12-14,22.56,22.63,21.75,21.75,6.70808706272,76300,0.0000,1.0
1999-12-13,21.81,22.69,21.81,22.69,6.99799979095,99700,0.0000,1.0
1999-12-10,21.88,21.94,21.81,21.81,6.72659213048,38900,0.0000,1.0
1999-12-09,21.75,21.94,20.63,21.88,6.7481813762,128500,0.0000,1.0
1999-12-08,21.38,22.13,21.38,22.0,6.78519151172,118400,0.0000,1.0
1999-12-07,20.75,21.44,20.75,21.38,6.59397247821,95500,0.0000,1.0
1999-12-06,20.63,20.81,20.56,20.75,6.39966926674,37000,0.0000,1.0
1999-12-03,20.5,20.94,20.38,20.5,6.32256481774,73500,0.0000,1.0
1999-12-02,20.94,21.0,20.25,20.5,6.32256481774,81600,0.0000,1.0
1999-12-01,21.44,21.5,21.0,21.0,6.47677371573,75200,0.0000,1.0
1999-11-30,21.38,21.5,21.25,21.5,6.63098261373,35200,0.0000,1.0
1999-11-29,21.38,21.5,21.25,21.38,6.59397247821,53500,0.0000,1.0
1999-11-26,21.31,21.5,21.31,21.44,6.61247754597,13400,0.0000,1.0
1999-11-24,21.44,21.5,21.25,21.31,6.57238323249,53600,0.0000,1.0
1999-11-23,21.44,21.69,21.25,21.44,6.61247754597,125300,0.0000,1.0
1999-11-22,21.44,21.69,21.38,21.44,6.61247754597,62500,0.0000,1.0
1999-11-19,22.06,22.06,21.31,21.5,6.63098261373,105000,0.0000,1.0
1999-11-18,21.5,22.06,21.5,21.94,6.76668644396,61900,0.0000,1.0
1999-11-17,22.5,22.5,21.0,21.44,6.61247754597,72300,0.0000,1.0
1999-11-16,22.56,22.69,22.31,22.5,6.93940040971,79300,0.0000,1.0
1999-11-15,22.94,22.94,22.56,22.63,6.97949472319,46700,0.0000,1.0
1999-11-12,22.88,22.94,22.75,22.94,7.07510423995,19100,0.0000,1.0
1999-11-11,23.13,23.25,22.88,22.94,7.07510423995,22700,0.0000,1.0
1999-11-10,23.38,23.38,23.0,23.13,7.13370362119,18200,0.0000,1.0
1999-11-09,23.31,23.38,23.0,23.38,7.21080807018,52500,0.0000,1.0
1999-11-08,23.56,23.63,23.25,23.31,7.18921882446,49100,0.0000,1.0
1999-11-05,23.63,23.69,23.63,23.69,7.30641758694,37100,0.0000,1.0
1999-11-04,23.63,23.75,23.56,23.63,7.28791251918,25700,0.0000,1.0
1999-11-03,23.63,23.75,23.5,23.69,7.30641758694,29900,0.0000,1.0
1999-11-02,23.75,23.75,23.56,23.69,7.30641758694,46300,0.0000,1.0
1999-11-01,23.88,23.88,23.63,23.69,7.30641758694,71300,0.0000,1.0
