timestamp,open,high,low,close,adjusted_close,volume,dividend_amount,split_coefficient
2020-12-11,5.21,5.2499,5.03,5.1,5.1,574586,0.0000,1.0
2020-12-10,5.34,5.355,5.21,5.25,5.25,335428,0.0000,1.0
2020-12-09,5.49,5.49,5.29,5.35,5.35,249002,0.0000,1.0
2020-12-08,5.32,5.47,5.27,5.43,5.43,307673,0.0000,1.0
2020-12-07,5.38,5.41,5.21,5.38,5.38,189757,0.0000,1.0
2020-12-04,5.39,5.45,5.173,5.38,5.38,296030,0.0000,1.0
2020-12-03,5.29,5.44,5.26,5.38,5.38,404696,0.0000,1.0
2020-12-02,5.22,5.3,5.16,5.25,5.25,375310,0.0000,1.0
2020-12-01,5.19,5.41,5.15,5.24,5.24,463920,0.0000,1.0
2020-11-30,5.36,5.42,5.05,5.09,5.09,1408803,0.0000,1.0
2020-11-27,5.25,5.43,5.19,5.42,5.42,188483,0.0000,1.0
2020-11-25,5.47,5.485,5.17,5.27,5.27,288788,0.0000,1.0
2020-11-24,5.47,5.56,5.47,5.51,5.51,546076,0.0000,1.0
2020-11-23,5.4,5.5478,5.32,5.43,5.43,476801,0.0000,1.0
2020-11-20,5.2,5.45,5.14,5.38,5.38,304626,0.0000,1.0
2020-11-19,5.15,5.24,5.03,5.24,5.24,451410,0.0000,1.0
2020-11-18,5.14,5.29,5.08,5.14,5.14,641801,0.0000,1.0
2020-11-17,5.08,5.11,4.905,5.1,5.1,328274,0.0000,1.0
2020-11-16,5.18,5.24,5.07,5.14,5.14,296698,0.0000,1.0
2020-11-13,4.91,5.15,4.91,5.13,5.13,171531,0.0000,1.0
2020-11-12,5.08,5.08,4.81,4.9,4.9,299262,0.0000,1.0
2020-11-11,5.14,5.15,4.93,5.11,5.11,335318,0.0000,1.0
2020-11-10,5.16,5.17,5.07,5.14,5.14,356123,0.0000,1.0
2020-11-09,4.92,5.17,4.86,5.1,5.1,445839,0.0000,1.0
2020-11-06,4.82,4.82,4.74,4.79,4.79,199214,0.0000,1.0
2020-11-05,4.71,4.815,4.71,4.8,4.8,200384,0.0000,1.0
2020-11-04,4.62,4.7519,4.57,4.71,4.71,200605,0.0000,1.0
2020-11-03,4.47,4.7401,4.47,4.65,4.65,227366,0.0000,1.0
2020-11-02,4.47,4.555,4.41,4.43,4.43,267002,0.0000,1.0
2020-10-30,4.59,4.65,4.45,4.46,4.46,415393,0.0000,1.0
2020-10-29,4.67,4.67,4.55,4.58,4.58,260485,0.0000,1.0
2020-10-28,4.74,4.79,4.68,4.69,4.69,435935,0.0000,1.0
2020-10-27,4.89,4.89,4.785,4.81,4.81,174916,0.0000,1.0
2020-10-26,4.9,4.925,4.785,4.86,4.86,185128,0.0000,1.0
2020-10-23,4.96,5.02,4.9,4.96,4.96,120673,0.0000,1.0
2020-10-22,5.02,5.04,4.94,4.95,4.95,185866,0.0000,1.0
2020-10-21,5.15,5.205,4.97,5.02,5.02,289359,0.0000,1.0
2020-10-20,5.18,5.21,5.1,5.17,5.17,293766,0.0000,1.0
2020-10-19,5.27,5.345,5.13,5.14,5.14,463450,0.0000,1.0
2020-10-16,5.17,5.3,5.11,5.24,5.24,350523,0.0000,1.0
2020-10-15,4.93,5.265,4.8499,5.21,5.21,1026781,0.0000,1.0
2020-10-14,5.01,5.05,4.91,4.91,4.91,298060,0.0000,1.0
2020-10-13,5.07,5.21,4.905,4.98,4.98,319207,0.0000,1.0
2020-10-12,5.1,5.21,5.07,5.11,5.11,579438,0.0000,1.0
2020-10-09,5.32,5.34,5.08,5.09,5.09,358334,0.0000,1.0
2020-10-08,5.47,5.5,5.24,5.3,5.3,282282,0.0000,1.0
2020-10-07,5.35,5.51,5.35,5.41,5.41,390584,0.0000,1.0
2020-10-06,5.17,5.42,5.17,5.31,5.31,640855,0.0000,1.0
2020-10-05,5.06,5.225,4.99,5.13,5.13,310995,0.0000,1.0
2020-10-02,4.92,5.07,4.89,5.0,5.0,233015,0.0000,1.0
2020-10-01,5.04,5.17,4.97,5.01,5.01,222692,0.0000,1.0
2020-09-30,5.05,5.21,5.01,5.03,5.03,348953,0.0000,1.0
2020-09-29,5.11,5.15,5.03,5.05,5.05,209546,0.0000,1.0
2020-09-28,4.95,5.2,4.91,5.13,5.13,243016,0.0000,1.0
2020-09-25,4.87,4.94,4.8,4.9,4.9,276917,0.0000,1.0
2020-09-24,5.0,5.0,4.9,4.9,4.9,377983,0.0000,1.0
2020-09-23,5.17,5.23,4.96,4.99,4.99,384006,0.0000,1.0
2020-09-22,5.04,5.2,4.99,5.19,5.19,291543,0.0000,1.0
2020-09-21,5.1,5.11,4.88,5.03,5.03,481915,0.0000,1.0
2020-09-18,5.21,5.255,5.085,5.18,5.18,812426,0.0000,1.0
2020-09-17,5.18,5.25,5.11,5.15,5.15,342424,0.0000,1.0
2020-09-16,5.2,5.315,5.15,5.22,5.22,237162,0.0000,1.0
2020-09-15,5.31,5.335,5.18,5.18,5.18,399418,0.0000,1.0
2020-09-14,5.25,5.32,5.18,5.29,5.29,234428,0.0000,1.0
2020-09-11,5.35,5.35,5.205,5.21,5.21,275903,0.0000,1.0
2020-09-10,5.38,5.45,5.27,5.33,5.33,228403,0.0000,1.0
2020-09-09,5.49,5.49,5.29,5.36,5.36,352326,0.0000,1.0
2020-09-08,5.56,5.58,5.42,5.44,5.44,212419,0.0000,1.0
2020-09-04,5.64,5.82,5.5501,5.6,5.6,580320,0.0000,1.0
2020-09-03,5.66,5.68,5.53,5.6,5.6,320061,0.0000,1.0
2020-09-02,5.45,5.67,5.38,5.64,5.64,366129,0.0000,1.0
2020-09-01,5.34,5.45,5.15,5.45,5.45,246155,0.0000,1.0
2020-08-31,5.57,5.63,5.38,5.38,5.38,309441,0.0000,1.0
2020-08-28,5.45,5.61,5.38,5.61,5.61,267347,0.0000,1.0
2020-08-27,5.37,5.5,5.35,5.42,5.42,286792,0.0000,1.0
2020-08-26,5.45,5.45,5.3501,5.42,5.42,203197,0.0000,1.0
2020-08-25,5.61,5.658,5.4,5.4,5.4,304304,0.0000,1.0
2020-08-24,5.51,5.69,5.43,5.55,5.55,348246,0.0000,1.0
2020-08-21,5.49,5.5399,5.43,5.44,5.44,435980,0.0000,1.0
2020-08-20,5.46,5.53,5.42,5.48,5.48,233893,0.0000,1.0
2020-08-19,5.5,5.54,5.41,5.5,5.5,228560,0.0000,1.0
2020-08-18,5.6,5.6,5.41,5.47,5.47,297442,0.0000,1.0
2020-08-17,5.76,5.76,5.51,5.58,5.58,208385,0.0000,1.0
2020-08-14,5.67,5.76,5.595,5.74,5.74,319598,0.0000,1.0
2020-08-13,5.76,5.85,5.65,5.67,5.67,200620,0.0000,1.0
2020-08-12,6.04,6.09,5.74,5.78,5.78,298587,0.0000,1.0
2020-08-11,6.11,6.19,5.92,5.96,5.96,464065,0.0000,1.0
2020-08-10,6.02,6.11,5.98,6.04,6.04,700156,0.0000,1.0
2020-08-07,5.92,6.02,5.85,5.98,5.98,353773,0.0000,1.0
2020-08-06,5.95,6.09,5.88,5.92,5.92,560245,0.0000,1.0
2020-08-05,5.49,6.06,5.28,5.94,5.94,1303517,0.0000,1.0
2020-08-04,5.66,5.9,5.59,5.89,5.89,2092175,0.0000,1.0
2020-08-03,5.73,5.75,5.65,5.69,5.69,265156,0.0000,1.0
2020-07-31,5.85,5.96,5.63,5.72,5.72,272957,0.0000,1.0
2020-07-30,5.78,5.99,5.695,5.91,5.91,412191,0.0000,1.0
2020-07-29,5.62,5.88,5.55,5.86,5.86,677765,0.0000,1.0
2020-07-28,5.64,5.705,5.59,5.59,5.59,285967,0.0000,1.0
2020-07-27,5.71,5.79,5.59,5.66,5.66,218237,0.0000,1.0
2020-07-24,5.8,5.825,5.66,5.67,5.67,321761,0.0000,1.0
2020-07-23,5.86,5.97,5.595,5.81,5.81,766441,0.0000,1.0
2020-07-22,5.82,6.0,5.74,5.98,5.98,580940,0.0000,1.0
2020-07-21,5.6,5.85,5.53,5.78,5.78,460673,0.0000,1.0
2020-07-20,5.54,5.65,5.49,5.52,5.52,299633,0.0000,1.0
2020-07-17,5.66,5.82,5.59,5.6,5.6,267400,0.0000,1.0
2020-07-16,5.85,5.87,5.63,5.68,5.68,367900,0.0000,1.0
2020-07-15,5.63,5.94,5.55,5.9,5.9,503800,0.0000,1.0
2020-07-14,5.39,5.58,5.31,5.53,5.53,806200,0.0000,1.0
2020-07-13,5.63,5.63,5.33,5.38,5.38,495900,0.0000,1.0
2020-07-10,5.68,5.7,5.25,5.56,5.56,1054900,0.0000,1.0
2020-07-09,5.96,5.98,5.68,5.71,5.71,578800,0.0000,1.0
2020-07-08,6.07,6.07,5.83,5.88,5.88,490300,0.0000,1.0
2020-07-07,6.03,6.08,5.93,5.99,5.99,707100,0.0000,1.0
2020-07-06,6.03,6.18,5.92,6.08,6.08,657000,0.0000,1.0
2020-07-02,6.0,6.14,5.89,5.92,5.92,563200,0.0000,1.0
2020-07-01,6.31,6.44,5.91,5.97,5.97,389200,0.0000,1.0
2020-06-30,6.25,6.38,6.22,6.3,6.3,316200,0.0000,1.0
2020-06-29,5.98,6.34,5.98,6.27,6.27,378600,0.0000,1.0
2020-06-26,6.19,6.19,5.85,5.94,5.94,1181861,0.0000,1.0
2020-06-25,6.01,6.255,5.99,6.24,6.24,796469,0.0000,1.0
2020-06-24,5.94,6.12,5.82,6.06,6.06,392395,0.0000,1.0
2020-06-23,6.14,6.165,5.97,6.01,6.01,492525,0.0000,1.0
2020-06-22,6.03,6.09,5.855,6.07,6.07,404336,0.0000,1.0
2020-06-19,6.22,6.28,6.08,6.085,6.085,716188,0.0000,1.0
2020-06-18,6.16,6.25,6.035,6.18,6.18,418709,0.0000,1.0
2020-06-17,6.34,6.35,6.17,6.19,6.19,469623,0.0000,1.0
2020-06-16,6.57,6.575,6.22,6.33,6.33,487359,0.0000,1.0
2020-06-15,6.18,6.51,6.13,6.405,6.405,424329,0.0000,1.0
2020-06-12,6.5,6.625,6.18,6.32,6.32,673408,0.0000,1.0
2020-06-11,6.26,6.48,6.135,6.355,6.355,940850,0.0000,1.0
2020-06-10,6.7,6.72,6.41,6.555,6.555,813725,0.0000,1.0
2020-06-09,6.55,6.84,6.35,6.7,6.7,753553,0.0000,1.0
2020-06-08,6.55,6.65,6.36,6.645,6.645,1100273,0.0000,1.0
2020-06-05,6.27,6.61,6.27,6.45,6.45,727304,0.0000,1.0
2020-06-04,5.73,6.335,5.695,6.26,6.26,1211527,0.0000,1.0
2020-06-03,5.49,5.785,5.43,5.64,5.64,847096,0.0000,1.0
2020-06-02,5.27,5.48,5.16,5.41,5.41,596786,0.0000,1.0
2020-06-01,5.17,5.4214,5.13,5.22,5.22,381452,0.0000,1.0
2020-05-29,5.22,5.2463,5.02,5.16,5.16,367906,0.0000,1.0
2020-05-28,5.39,5.41,5.215,5.26,5.26,342590,0.0000,1.0
2020-05-27,5.4,5.44,5.24,5.35,5.35,406352,0.0000,1.0
2020-05-26,5.38,5.39,5.23,5.3,5.3,618282,0.0000,1.0
2020-05-22,5.3,5.3,4.95,5.19,5.19,339961,0.0000,1.0
2020-05-21,5.16,5.3,5.09,5.28,5.28,390541,0.0000,1.0
2020-05-20,4.94,5.15,4.875,5.14,5.14,449996,0.0000,1.0
2020-05-19,5.11,5.12,4.85,4.86,4.86,446058,0.0000,1.0
2020-05-18,5.02,5.11,4.91,5.09,5.09,525829,0.0000,1.0
2020-05-15,4.63,4.9,4.54,4.82,4.82,547029,0.0000,1.0
2020-05-14,4.55,4.63,4.34,4.61,4.61,513691,0.0000,1.0
2020-05-13,4.75,4.83,4.49,4.595,4.595,937780,0.0000,1.0
2020-05-12,5.05,5.214,4.79,4.86,4.86,623702,0.0000,1.0
2020-05-11,5.45,5.47,5.15,5.24,5.24,615639,0.0000,1.0
2020-05-08,5.29,5.545,5.17,5.52,5.52,363575,0.0000,1.0
2020-05-07,5.28,5.38,5.17,5.2,5.2,450866,0.0000,1.0
2020-05-06,5.27,5.38,5.19,5.21,5.21,328952,0.0000,1.0
2020-05-05,5.45,5.56,5.21,5.25,5.25,377649,0.0000,1.0
2020-05-04,5.13,5.43,5.01,5.4,5.4,384049,0.0000,1.0
2020-05-01,5.49,5.5,5.09,5.18,5.18,339505,0.0000,1.0
2020-04-30,5.53,5.695,5.42,5.6,5.6,516991,0.0000,1.0
2020-04-29,5.5,5.8,5.46,5.65,5.65,835826,0.0000,1.0
2020-04-28,5.21,5.39,5.06,5.36,5.36,1013508,0.0000,1.0
2020-04-27,5.18,5.19,4.84,5.1,5.1,683865,0.0000,1.0
2020-04-24,4.92,5.21,4.87,5.15,5.15,542726,0.0000,1.0
2020-04-23,4.72,5.01,4.65,4.89,4.89,668794,0.0000,1.0
2020-04-22,4.9,4.93,4.61,4.71,4.71,659175,0.0000,1.0
2020-04-21,4.76,4.91,4.66,4.86,4.86,356876,0.0000,1.0
2020-04-20,4.83,4.97,4.71,4.89,4.89,281770,0.0000,1.0
2020-04-17,5.0,5.29,4.94,4.95,4.95,604225,0.0000,1.0
2020-04-16,4.82,4.98,4.72,4.86,4.86,961522,0.0000,1.0
2020-04-15,4.68,4.83,4.57,4.75,4.75,570268,0.0000,1.0
2020-04-14,4.87,5.02,4.75,4.85,4.85,631441,0.0000,1.0
2020-04-13,5.1505,5.1505,4.76,4.79,4.79,593610,0.0000,1.0
2020-04-09,4.81,5.08,4.75,4.95,4.95,580632,0.0000,1.0
2020-04-08,4.44,4.69,4.355,4.66,4.66,549105,0.0000,1.0
2020-04-07,4.72,4.82,4.36,4.39,4.39,802711,0.0000,1.0
2020-04-06,4.49,4.72,4.4,4.57,4.57,770249,0.0000,1.0
2020-04-03,4.23,4.44,4.16,4.31,4.31,650849,0.0000,1.0
2020-04-02,3.87,4.32,3.76,4.29,4.29,875124,0.0000,1.0
2020-04-01,4.01,4.185,3.77,3.98,3.98,687293,0.0000,1.0
2020-03-31,4.22,4.46,3.995,4.17,4.17,960487,0.0000,1.0
2020-03-30,4.18,4.3,3.8,4.23,4.23,765978,0.0000,1.0
2020-03-27,3.77,4.24,3.61,4.15,4.15,953727,0.0000,1.0
2020-03-26,3.48,3.98,3.41,3.8,3.8,1282903,0.0000,1.0
2020-03-25,3.73,3.885,3.41,3.5,3.5,1019627,0.0000,1.0
2020-03-24,3.86,3.98,3.5,3.68,3.68,1353369,0.0000,1.0
2020-03-23,3.9,4.01,3.57,3.76,3.76,909908,0.0000,1.0
2020-03-20,3.61,3.95,3.55,3.84,3.84,1667192,0.0000,1.0
2020-03-19,3.57,3.65,3.42,3.59,3.59,707685,0.0000,1.0
2020-03-18,3.82,3.93,3.55,3.64,3.64,561215,0.0000,1.0
2020-03-17,3.72,4.0,3.51,3.99,3.99,850849,0.0000,1.0
2020-03-16,3.94,4.29,3.61,3.7,3.7,892757,0.0000,1.0
2020-03-13,3.83,4.27,3.83,4.27,4.27,754569,0.0000,1.0
2020-03-12,3.97,4.19,3.8,3.83,3.83,1370996,0.0000,1.0
2020-03-11,4.37,4.46,4.175,4.24,4.24,531596,0.0000,1.0
2020-03-10,4.53,4.71,4.345,4.44,4.44,905869,0.0000,1.0
2020-03-09,4.43,4.57,4.33,4.48,4.48,802405,0.0000,1.0
2020-03-06,4.5,4.75,4.38,4.65,4.65,1143525,0.0000,1.0
2020-03-05,4.6,4.67,4.54,4.6,4.6,716074,0.0000,1.0
2020-03-04,4.7,4.75,4.56,4.65,4.65,594381,0.0000,1.0
2020-03-03,4.85,5.005,4.62,4.7,4.7,613529,0.0000,1.0
2020-03-02,4.81,4.9125,4.66,4.81,4.81,664229,0.0000,1.0
2020-02-28,4.74,4.95,4.685,4.8,4.8,871316,0.0000,1.0
2020-02-27,4.64,5.048,4.5442,4.79,4.79,1100532,0.0000,1.0
2020-02-26,4.81,4.8326,4.66,4.68,4.68,1102887,0.0000,1.0
2020-02-25,4.81,4.82,4.64,4.77,4.77,832409,0.0000,1.0
2020-02-24,4.77,4.885,4.68,4.82,4.82,560797,0.0000,1.0
2020-02-21,5.07,5.15,4.83,4.87,4.87,409086,0.0000,1.0
2020-02-20,4.87,5.12,4.87,5.065,5.065,726029,0.0000,1.0
2020-02-19,4.91,4.94,4.825,4.88,4.88,537514,0.0000,1.0
2020-02-18,4.85,5.0,4.84,4.89,4.89,472572,0.0000,1.0
2020-02-14,4.8,4.955,4.78,4.91,4.91,313188,0.0000,1.0
2020-02-13,4.88,4.995,4.85,4.87,4.87,366880,0.0000,1.0
2020-02-12,4.88,4.985,4.82,4.93,4.93,314738,0.0000,1.0
2020-02-11,4.88,4.93,4.79,4.81,4.81,690618,0.0000,1.0
2020-02-10,4.92,5.1401,4.8,4.82,4.82,660907,0.0000,1.0
2020-02-07,5.02,5.075,4.92,4.95,4.95,949550,0.0000,1.0
2020-02-06,5.0,5.15,4.93,5.03,5.03,748738,0.0000,1.0
2020-02-05,5.06,5.065,4.77,4.94,4.94,2015764,0.0000,1.0
2020-02-04,5.95,5.98,4.91,5.01,5.01,3988269,0.0000,1.0
2020-02-03,6.24,6.9556,6.24,6.72,6.72,2336963,0.0000,1.0
2020-01-31,6.38,6.4644,6.21,6.22,6.22,770744,0.0000,1.0
2020-01-30,6.29,6.42,6.22,6.41,6.41,410007,0.0000,1.0
2020-01-29,6.4,6.43,6.28,6.32,6.32,262418,0.0000,1.0
2020-01-28,6.24,6.36,6.19,6.36,6.36,362738,0.0000,1.0
2020-01-27,6.28,6.35,6.2,6.2,6.2,336384,0.0000,1.0
2020-01-24,6.47,6.56,6.37,6.395,6.395,281712,0.0000,1.0
2020-01-23,6.39,6.52,6.32,6.48,6.48,431991,0.0000,1.0
2020-01-22,6.36,6.45,6.34,6.38,6.38,609242,0.0000,1.0
2020-01-21,6.3,6.425,6.27,6.38,6.38,447464,0.0000,1.0
2020-01-17,6.3,6.43,6.28,6.35,6.35,547108,0.0000,1.0
2020-01-16,6.19,6.36,6.16,6.25,6.25,305415,0.0000,1.0
2020-01-15,6.13,6.24,6.13,6.18,6.18,276162,0.0000,1.0
2020-01-14,6.2,6.3,6.13,6.16,6.16,413918,0.0000,1.0
2020-01-13,6.33,6.37,6.19,6.2,6.2,281070,0.0000,1.0
2020-01-10,6.4,6.435,6.295,6.33,6.33,338140,0.0000,1.0
2020-01-09,6.52,6.552,6.39,6.39,6.39,382765,0.0000,1.0
2020-01-08,6.55,6.6,6.48,6.52,6.52,252522,0.0000,1.0
2020-01-07,6.61,6.715,6.54,6.56,6.56,273301,0.0000,1.0
2020-01-06,6.54,6.69,6.505,6.61,6.61,288640,0.0000,1.0
2020-01-03,6.53,6.67,6.48,6.63,6.63,493417,0.0000,1.0
2020-01-02,6.88,6.9,6.58,6.59,6.59,484164,0.0000,1.0
2019-12-31,6.78,6.895,6.74,6.82,6.82,312779,0.0000,1.0
2019-12-30,6.7,6.85,6.64,6.81,6.81,319165,0.0000,1.0
2019-12-27,6.75,6.825,6.68,6.69,6.69,319999,0.0000,1.0
2019-12-26,6.71,6.76,6.63,6.71,6.71,271960,0.0000,1.0
2019-12-24,6.69,6.79,6.66,6.71,6.71,241428,0.0000,1.0
2019-12-23,6.93,6.95,6.66,6.69,6.69,544096,0.0000,1.0
2019-12-20,6.82,6.96,6.8,6.89,6.89,1664721,0.0000,1.0
2019-12-19,6.87,6.91,6.72,6.82,6.82,675065,0.0000,1.0
2019-12-18,6.96,7.01,6.8,6.88,6.88,2549976,0.0000,1.0
2019-12-17,6.6,6.96,6.56,6.92,6.92,1210397,0.0000,1.0
2019-12-16,6.45,6.95,6.45,6.6,6.6,1614513,0.0000,1.0
2019-12-13,6.28,6.36,6.11,6.34,6.34,1023677,0.0000,1.0
2019-12-12,6.17,6.37,6.14,6.29,6.29,673291,0.0000,1.0
2019-12-11,6.24,6.27,6.16,6.17,6.17,648050,0.0000,1.0
2019-12-10,6.3,6.4031,6.115,6.17,6.17,680723,0.0000,1.0
2019-12-09,6.11,6.41,6.09,6.33,6.33,815986,0.0000,1.0
2019-12-06,5.8,6.43,5.7,6.19,6.19,3827421,0.0000,1.0
2019-12-05,5.22,5.3299,5.18,5.23,5.23,764008,0.0000,1.0
2019-12-04,5.24,5.39,5.2,5.22,5.22,1299828,0.0000,1.0
2019-12-03,4.99,5.2,4.9,5.19,5.19,2245234,0.0000,1.0
2019-12-02,5.12,5.18,5.01,5.1,5.1,434587,0.0000,1.0
2019-11-29,5.09,5.12,5.035,5.12,5.12,97832,0.0000,1.0
2019-11-27,5.21,5.27,5.08,5.09,5.09,201881,0.0000,1.0
2019-11-26,5.28,5.3359,5.18,5.18,5.18,445313,0.0000,1.0
2019-11-25,5.04,5.31,5.04,5.27,5.27,431229,0.0000,1.0
2019-11-22,4.96,5.13,4.95,5.05,5.05,360769,0.0000,1.0
2019-11-21,4.9,5.0,4.8326,4.955,4.955,534090,0.0000,1.0
2019-11-20,4.87,4.965,4.77,4.87,4.87,1264044,0.0000,1.0
2019-11-19,5.18,5.18,4.83,4.89,4.89,556424,0.0000,1.0
2019-11-18,5.29,5.29,5.035,5.09,5.09,412690,0.0000,1.0
2019-11-15,5.21,5.21,5.08,5.18,5.18,1466728,0.0000,1.0
2019-11-14,5.35,5.43,5.15,5.16,5.16,447763,0.0000,1.0
2019-11-13,5.33,5.45,5.27,5.38,5.38,431020,0.0000,1.0
2019-11-12,5.05,5.37,5.05,5.33,5.33,488362,0.0000,1.0
2019-11-11,5.13,5.23,5.09,5.11,5.11,421042,0.0000,1.0
2019-11-08,5.32,5.32,5.155,5.2,5.2,286248,0.0000,1.0
2019-11-07,5.31,5.4,5.2631,5.34,5.34,482331,0.0000,1.0
2019-11-06,5.39,5.5,5.22,5.23,5.23,499435,0.0000,1.0
2019-11-05,5.52,5.64,5.39,5.44,5.44,407647,0.0000,1.0
2019-11-04,5.36,5.515,5.31,5.51,5.51,431259,0.0000,1.0
2019-11-01,5.34,5.45,5.32,5.34,5.34,420919,0.0000,1.0
2019-10-31,5.33,5.34,5.165,5.26,5.26,312981,0.0000,1.0
2019-10-30,5.31,5.39,5.21,5.36,5.36,358154,0.0000,1.0
2019-10-29,5.32,5.34,5.23,5.34,5.34,265343,0.0000,1.0
2019-10-28,5.3,5.4,5.3,5.32,5.32,237005,0.0000,1.0
2019-10-25,5.2,5.29,5.1901,5.27,5.27,696866,0.0000,1.0
2019-10-24,5.35,5.41,5.12,5.2,5.2,1050277,0.0000,1.0
2019-10-23,5.65,5.7328,5.297,5.33,5.33,1274363,0.0000,1.0
2019-10-22,5.82,5.83,5.63,5.65,5.65,690768,0.0000,1.0
2019-10-21,5.87,5.95,5.81,5.82,5.82,360098,0.0000,1.0
2019-10-18,5.77,5.87,5.76,5.79,5.79,345638,0.0000,1.0
2019-10-17,5.87,5.88,5.77,5.81,5.81,349947,0.0000,1.0
2019-10-16,5.9,5.94,5.85,5.86,5.86,327960,0.0000,1.0
2019-10-15,5.83,5.95,5.8,5.905,5.905,518116,0.0000,1.0
2019-10-14,5.75,5.885,5.65,5.825,5.825,519771,0.0000,1.0
2019-10-11,5.6,5.86,5.6,5.75,5.75,708562,0.0000,1.0
2019-10-10,5.58,5.68,5.56,5.57,5.57,632374,0.0000,1.0
2019-10-09,5.44,5.65,5.42,5.54,5.54,902793,0.0000,1.0
2019-10-08,5.61,5.77,5.32,5.43,5.43,2010332,0.0000,1.0
2019-10-07,6.08,6.28,6.08,6.19,6.19,593983,0.0000,1.0
2019-10-04,6.13,6.18,6.01,6.105,6.105,470022,0.0000,1.0
2019-10-03,6.25,6.31,6.0423,6.08,6.08,685987,0.0000,1.0
2019-10-02,6.3,6.41,6.22,6.26,6.26,417945,0.0000,1.0
2019-10-01,6.48,6.55,6.3,6.33,6.33,418958,0.0000,1.0
2019-09-30,6.62,6.65,6.45,6.455,6.455,574491,0.0000,1.0
2019-09-27,6.78,6.78,6.56,6.625,6.625,630000,0.0000,1.0
2019-09-26,6.76,6.825,6.71,6.74,6.74,555023,0.0000,1.0
2019-09-25,6.66,6.79,6.63,6.75,6.75,898557,0.0000,1.0
2019-09-24,6.89,6.93,6.59,6.635,6.635,537456,0.0000,1.0
2019-09-23,7.04,7.1,6.8228,6.89,6.89,513114,0.0000,1.0
2019-09-20,7.28,7.28,6.735,7.08,7.08,1560510,0.0000,1.0
2019-09-19,7.84,7.87,7.2,7.3,7.3,1991066,0.0000,1.0
2019-09-18,8.33,8.33,8.16,8.25,8.25,239824,0.0000,1.0
2019-09-17,8.31,8.38,8.24,8.31,8.31,285637,0.0000,1.0
2019-09-16,8.34,8.53,8.31,8.35,8.35,494770,0.0000,1.0
2019-09-13,8.31,8.46,8.29,8.35,8.35,579217,0.0000,1.0
2019-09-12,8.17,8.33,8.12,8.26,8.26,784494,0.0000,1.0
2019-09-11,8.06,8.22,7.94,8.15,8.15,889092,0.0000,1.0
2019-09-10,7.89,8.13,7.86,8.01,8.01,607396,0.0000,1.0
2019-09-09,7.9,7.925,7.81,7.85,7.85,491429,0.0000,1.0
2019-09-06,7.86,7.91,7.82,7.84,7.84,194530,0.0000,1.0
2019-09-05,7.98,8.03,7.84,7.86,7.86,279495,0.0000,1.0
2019-09-04,7.89,7.95,7.76,7.86,7.86,132238,0.0000,1.0
2019-09-03,7.81,7.9,7.69,7.82,7.82,231548,0.0000,1.0
2019-08-30,8.1,8.29,7.84,7.87,7.87,194589,0.0000,1.0
2019-08-29,8.02,8.185,7.935,8.06,8.06,229357,0.0000,1.0
2019-08-28,7.97,8.1,7.88,7.98,7.98,201047,0.0000,1.0
2019-08-27,7.95,8.02,7.72,7.99,7.99,445611,0.0000,1.0
2019-08-26,7.97,7.98,7.85,7.92,7.92,296799,0.0000,1.0
2019-08-23,8.11,8.19,7.86,7.91,7.91,419966,0.0000,1.0
2019-08-22,8.13,8.2199,8.0,8.14,8.14,243766,0.0000,1.0
2019-08-21,8.2,8.27,7.97,8.15,8.15,326793,0.0000,1.0
2019-08-20,8.11,8.2,8.02,8.12,8.12,216678,0.0000,1.0
2019-08-19,8.35,8.35,8.11,8.15,8.15,357385,0.0000,1.0
2019-08-16,8.18,8.32,7.97,8.24,8.24,385208,0.0000,1.0
2019-08-15,8.19,8.29,8.11,8.15,8.15,244780,0.0000,1.0
2019-08-14,8.17,8.26,8.08,8.1,8.1,583244,0.0000,1.0
2019-08-13,8.26,8.48,8.25,8.31,8.31,161376,0.0000,1.0
2019-08-12,8.59,8.59,8.28,8.3,8.3,256792,0.0000,1.0
2019-08-09,8.85,8.9,8.59,8.66,8.66,193748,0.0000,1.0
2019-08-08,8.8,8.97,8.71,8.84,8.84,393254,0.0000,1.0
2019-08-07,8.45,8.78,8.435,8.72,8.72,315889,0.0000,1.0
2019-08-06,8.56,8.69,8.45,8.53,8.53,390474,0.0000,1.0
2019-08-05,8.55,8.64,8.37,8.6,8.6,538807,0.0000,1.0
2019-08-02,8.89,8.98,8.54,8.67,8.67,329941,0.0000,1.0
2019-08-01,9.43,9.76,8.63,8.96,8.96,1028268,0.0000,1.0
2019-07-31,10.07,10.2,9.83,9.85,9.85,345565,0.0000,1.0
2019-07-30,9.68,10.05,9.66,10.04,10.04,268399,0.0000,1.0
2019-07-29,9.84,9.9,9.63,9.73,9.73,268322,0.0000,1.0
2019-07-26,9.72,9.86,9.7,9.84,9.84,137285,0.0000,1.0
2019-07-25,9.99,10.0,9.64,9.71,9.71,109326,0.0000,1.0
2019-07-24,9.71,10.0,9.71,9.98,9.98,242854,0.0000,1.0
2019-07-23,9.69,9.78,9.61,9.76,9.76,360169,0.0000,1.0
2019-07-22,9.68,9.73,9.61,9.69,9.69,161452,0.0000,1.0
2019-07-19,9.6,9.76,9.53,9.69,9.69,204887,0.0000,1.0
2019-07-18,9.65,9.71,9.625,9.64,9.64,117208,0.0000,1.0
2019-07-17,9.96,9.96,9.655,9.66,9.66,241841,0.0000,1.0
2019-07-16,9.85,10.05,9.82,9.96,9.96,287732,0.0000,1.0
2019-07-15,9.61,9.85,9.59,9.84,9.84,239792,0.0000,1.0
2019-07-12,9.57,9.67,9.51,9.62,9.62,185638,0.0000,1.0
2019-07-11,9.65,9.72,9.46,9.56,9.56,141189,0.0000,1.0
2019-07-10,9.65,9.72,9.5,9.62,9.62,232849,0.0000,1.0
2019-07-09,9.66,9.69,9.59,9.61,9.61,325052,0.0000,1.0
2019-07-08,9.77,9.84,9.67,9.68,9.68,121556,0.0000,1.0
2019-07-05,9.78,9.86,9.735,9.76,9.76,220785,0.0000,1.0
2019-07-03,9.62,9.88,9.62,9.8,9.8,297473,0.0000,1.0
2019-07-02,9.61,9.66,9.53,9.58,9.58,161385,0.0000,1.0
2019-07-01,9.58,9.63,9.47,9.58,9.58,208348,0.0000,1.0
2019-06-28,9.6,9.69,9.42,9.47,9.47,899566,0.0000,1.0
2019-06-27,9.38,9.585,9.36,9.57,9.57,357123,0.0000,1.0
2019-06-26,9.63,9.7061,9.38,9.38,9.38,181719,0.0000,1.0
2019-06-25,9.4,9.64,9.35,9.57,9.57,384936,0.0000,1.0
2019-06-24,9.11,9.56,9.11,9.41,9.41,320660,0.0000,1.0
2019-06-21,9.09,9.23,9.06,9.11,9.11,336176,0.0000,1.0
2019-06-20,9.2,9.225,9.07,9.12,9.12,176066,0.0000,1.0
2019-06-19,9.19,9.29,8.97,9.08,9.08,153772,0.0000,1.0
2019-06-18,9.12,9.52,9.12,9.14,9.14,176762,0.0000,1.0
2019-06-17,9.27,9.32,9.06,9.12,9.12,232250,0.0000,1.0
2019-06-14,9.4,9.45,9.25,9.27,9.27,161328,0.0000,1.0
2019-06-13,9.38,9.52,9.33,9.37,9.37,283836,0.0000,1.0
2019-06-12,9.11,9.37,9.03,9.36,9.36,226300,0.0000,1.0
2019-06-11,9.25,9.3,8.94,9.17,9.17,387758,0.0000,1.0
2019-06-10,9.15,9.43,9.02,9.17,9.17,177178,0.0000,1.0
2019-06-07,9.04,9.2,8.79,9.11,9.11,143997,0.0000,1.0
2019-06-06,9.11,9.16,8.9,9.03,9.03,159219,0.0000,1.0
2019-06-05,9.25,9.33,9.03,9.11,9.11,213851,0.0000,1.0
2019-06-04,9.11,9.28,9.03,9.25,9.25,935061,0.0000,1.0
2019-06-03,8.78,9.04,8.75,9.02,9.02,277680,0.0000,1.0
2019-05-31,8.81,8.83,8.69,8.78,8.78,292595,0.0000,1.0
2019-05-30,8.94,9.13,8.885,8.93,8.93,200755,0.0000,1.0
2019-05-29,8.9,9.05,8.83,8.99,8.99,521493,0.0000,1.0
2019-05-28,9.04,9.16,8.94,8.95,8.95,455671,0.0000,1.0
2019-05-24,8.96,9.1,8.95,9.06,9.06,180705,0.0000,1.0
2019-05-23,9.03,9.045,8.9,8.92,8.92,361886,0.0000,1.0
2019-05-22,8.96,9.13,8.85,9.11,9.11,267697,0.0000,1.0
2019-05-21,9.1,9.14,9.0,9.0,9.0,267248,0.0000,1.0
2019-05-20,9.14,9.23,9.04,9.06,9.06,224449,0.0000,1.0
2019-05-17,9.15,9.2195,9.07,9.14,9.14,320871,0.0000,1.0
2019-05-16,9.15,9.28,9.15,9.21,9.21,205541,0.0000,1.0
2019-05-15,9.1,9.22,9.06,9.14,9.14,233026,0.0000,1.0
2019-05-14,9.16,9.27,9.1,9.17,9.17,283420,0.0000,1.0
2019-05-13,9.27,9.39,9.0868,9.15,9.15,460587,0.0000,1.0
2019-05-10,9.6,9.63,9.32,9.41,9.41,689561,0.0000,1.0
2019-05-09,10.02,10.23,9.29,9.71,9.71,1218139,0.0000,1.0
2019-05-08,10.69,10.76,10.49,10.49,10.49,567617,0.0000,1.0
2019-05-07,10.66,10.8,10.6,10.71,10.71,373744,0.0000,1.0
2019-05-06,10.57,10.87,10.48,10.8,10.8,312355,0.0000,1.0
2019-05-03,10.82,10.99,10.8,10.88,10.88,384888,0.0000,1.0
2019-05-02,10.75,10.96,10.69,10.83,10.83,204993,0.0000,1.0
2019-05-01,10.91,11.25,10.67,10.72,10.72,856718,0.0000,1.0
2019-04-30,11.18,11.21,10.78,10.87,10.87,567384,0.0000,1.0
2019-04-29,11.09,11.23,11.01,11.21,11.21,700595,0.0000,1.0
2019-04-26,10.71,11.03,10.66,11.01,11.01,437298,0.0000,1.0
2019-04-25,10.65,10.9,10.48,10.76,10.76,433878,0.0000,1.0
2019-04-24,10.57,10.7,10.46,10.64,10.64,237974,0.0000,1.0
2019-04-23,10.68,10.69,10.47,10.57,10.57,360614,0.0000,1.0
2019-04-22,10.76,10.86,10.68,10.74,10.74,266320,0.0000,1.0
2019-04-18,10.72,10.78,10.57,10.76,10.76,248155,0.0000,1.0
2019-04-17,10.76,10.96,10.71,10.75,10.75,420235,0.0000,1.0
2019-04-16,10.61,10.74,10.61,10.71,10.71,451558,0.0000,1.0
2019-04-15,10.69,10.7,10.46,10.54,10.54,207462,0.0000,1.0
2019-04-12,10.53,10.72,10.42,10.64,10.64,594214,0.0000,1.0
2019-04-11,10.48,10.55,10.27,10.29,10.29,344141,0.0000,1.0
2019-04-10,10.27,10.5,10.19,10.46,10.46,591355,0.0000,1.0
2019-04-09,9.94,10.5,9.9112,10.31,10.31,1029922,0.0000,1.0
2019-04-08,9.89,9.95,9.77,9.95,9.95,233327,0.0000,1.0
2019-04-05,9.81,9.96,9.7977,9.92,9.92,365534,0.0000,1.0
2019-04-04,9.54,9.875,9.54,9.83,9.83,429760,0.0000,1.0
2019-04-03,9.57,9.6524,9.47,9.53,9.53,520780,0.0000,1.0
2019-04-02,9.43,9.57,9.385,9.5,9.5,261410,0.0000,1.0
2019-04-01,9.38,9.503,9.301,9.37,9.37,444804,0.0000,1.0
2019-03-29,9.43,9.56,9.27,9.32,9.32,723228,0.0000,1.0
2019-03-28,9.22,9.38,9.1901,9.36,9.36,221135,0.0000,1.0
2019-03-27,9.23,9.29,9.06,9.22,9.22,230793,0.0000,1.0
2019-03-26,9.32,9.39,9.2,9.29,9.29,245556,0.0000,1.0
2019-03-25,9.11,9.33,9.07,9.26,9.26,329486,0.0000,1.0
2019-03-22,9.44,9.44,9.08,9.11,9.11,294476,0.0000,1.0
2019-03-21,9.34,9.69,9.34,9.5,9.5,374628,0.0000,1.0
2019-03-20,9.44,9.47,9.25,9.36,9.36,366479,0.0000,1.0
2019-03-19,9.66,9.67,9.33,9.44,9.44,406327,0.0000,1.0
2019-03-18,9.6,9.72,9.58,9.61,9.61,477779,0.0000,1.0
2019-03-15,9.54,9.61,9.41,9.6,9.6,1592176,0.0000,1.0
2019-03-14,9.56,9.72,9.5,9.55,9.55,362790,0.0000,1.0
2019-03-13,9.7,9.72,9.4657,9.55,9.55,214203,0.0000,1.0
2019-03-12,9.72,9.73,9.58,9.66,9.66,222864,0.0000,1.0
2019-03-11,9.7,9.82,9.64,9.73,9.73,200924,0.0000,1.0
2019-03-08,9.5,9.74,9.43,9.67,9.67,390993,0.0000,1.0
2019-03-07,9.66,9.66,9.51,9.57,9.57,201898,0.0000,1.0
2019-03-06,9.81,9.81,9.64,9.66,9.66,472017,0.0000,1.0
2019-03-05,9.83,9.85,9.645,9.81,9.81,302721,0.0000,1.0
2019-03-04,9.93,10.0,9.78,9.8,9.8,352247,0.0000,1.0
2019-03-01,9.82,10.025,9.77,9.93,9.93,445562,0.0000,1.0
2019-02-28,9.8,9.88,9.67,9.77,9.77,483631,0.0000,1.0
2019-02-27,9.9,9.9378,9.68,9.79,9.79,440539,0.0000,1.0
2019-02-26,10.25,10.285,9.95,9.96,9.96,311962,0.0000,1.0
2019-02-25,10.42,10.49,10.295,10.31,10.31,233555,0.0000,1.0
2019-02-22,10.3,10.4,10.27,10.35,10.35,257474,0.0000,1.0
2019-02-21,10.17,10.27,10.005,10.24,10.24,309306,0.0000,1.0
2019-02-20,10.13,10.32,10.05,10.24,10.24,310188,0.0000,1.0
2019-02-19,9.99,10.17,9.88,10.13,10.13,476053,0.0000,1.0
2019-02-15,9.98,10.085,9.9403,10.02,10.02,391076,0.0000,1.0
2019-02-14,10.12,10.1606,9.91,9.92,9.92,552297,0.0000,1.0
2019-02-13,10.2,10.265,10.13,10.17,10.17,407530,0.0000,1.0
2019-02-12,10.22,10.29,10.13,10.19,10.19,246512,0.0000,1.0
2019-02-11,10.09,10.19,10.05,10.15,10.15,423255,0.0000,1.0
2019-02-08,10.04,10.15,9.95,10.08,10.08,333172,0.0000,1.0
2019-02-07,10.05,10.17,10.0,10.13,10.13,555678,0.0000,1.0
2019-02-06,10.14,10.17,10.0,10.05,10.05,488964,0.0000,1.0
2019-02-05,10.04,10.21,10.01,10.13,10.13,1244178,0.0000,1.0
2019-02-04,9.85,10.22,9.85,10.06,10.06,708508,0.0000,1.0
2019-02-01,9.49,10.01,9.49,9.76,9.76,562517,0.0000,1.0
2019-01-31,9.93,10.11,9.26,9.32,9.32,883803,0.0000,1.0
2019-01-30,9.15,9.63,9.1,9.5,9.5,688175,0.0000,1.0
2019-01-29,9.03,9.23,9.01,9.1,9.1,429575,0.0000,1.0
2019-01-28,9.32,9.34,9.0,9.06,9.06,570417,0.0000,1.0
2019-01-25,9.23,9.39,9.2101,9.39,9.39,470033,0.0000,1.0
2019-01-24,9.06,9.21,9.01,9.2,9.2,279824,0.0000,1.0
2019-01-23,9.11,9.17,9.02,9.06,9.06,423122,0.0000,1.0
2019-01-22,9.25,9.25,8.99,9.06,9.06,437166,0.0000,1.0
2019-01-18,9.04,9.26,9.0,9.25,9.25,571000,0.0000,1.0
2019-01-17,8.92,9.04,8.81,8.95,8.95,627742,0.0000,1.0
2019-01-16,8.8,9.03,8.795,8.93,8.93,401612,0.0000,1.0
2019-01-15,8.64,8.78,8.62,8.77,8.77,438985,0.0000,1.0
2019-01-14,8.55,8.72,8.435,8.63,8.63,257589,0.0000,1.0
2019-01-11,8.45,8.61,8.39,8.58,8.58,324520,0.0000,1.0
2019-01-10,8.25,8.69,8.21,8.51,8.51,593494,0.0000,1.0
2019-01-09,8.01,8.41,7.98,8.24,8.24,632338,0.0000,1.0
2019-01-08,7.95,7.99,7.74,7.97,7.97,692707,0.0000,1.0
2019-01-07,8.33,8.42,7.67,7.93,7.93,1256628,0.0000,1.0
2019-01-04,8.14,8.44,8.14,8.42,8.42,790784,0.0000,1.0
2019-01-03,8.03,8.14,7.81,8.09,8.09,963911,0.0000,1.0
2019-01-02,7.68,8.17,7.635,8.1,8.1,774973,0.0000,1.0
2018-12-31,7.88,7.89,7.67,7.73,7.73,533563,0.0000,1.0
2018-12-28,7.76,7.94,7.52,7.82,7.82,522033,0.0000,1.0
2018-12-27,7.78,7.89,7.635,7.73,7.73,478348,0.0000,1.0
2018-12-26,7.72,7.88,7.45,7.87,7.87,659887,0.0000,1.0
2018-12-24,7.72,7.83,7.57,7.67,7.67,294541,0.0000,1.0
2018-12-21,8.14,8.14,7.64,7.7,7.7,825810,0.0000,1.0
2018-12-20,7.97,8.13,7.91,8.08,8.08,444707,0.0000,1.0
2018-12-19,8.0,8.2,7.95,7.97,7.97,612815,0.0000,1.0
2018-12-18,8.29,8.44,8.01,8.07,8.07,2233418,0.0000,1.0
2018-12-17,8.33,8.46,8.24,8.28,8.28,800501,0.0000,1.0
2018-12-14,8.56,8.66,8.3,8.33,8.33,768454,0.0000,1.0
2018-12-13,9.04,9.29,8.66,8.68,8.68,677237,0.0000,1.0
2018-12-12,8.72,9.02,8.72,9.01,9.01,590248,0.0000,1.0
2018-12-11,8.78,8.86,8.57,8.7,8.7,393817,0.0000,1.0
2018-12-10,8.74,8.79,8.59,8.69,8.69,755884,0.0000,1.0
2018-12-07,8.91,9.1,8.72,8.73,8.73,522630,0.0000,1.0
2018-12-06,8.89,9.04,8.76,8.91,8.91,751839,0.0000,1.0
2018-12-04,9.34,9.5,8.84,8.97,8.97,618350,0.0000,1.0
2018-12-03,9.65,9.73,9.16,9.37,9.37,635551,0.0000,1.0
2018-11-30,9.55,9.71,9.28,9.52,9.52,712378,0.0000,1.0
2018-11-29,9.44,9.63,9.2,9.62,9.62,543257,0.0000,1.0
2018-11-28,9.13,9.48,9.08,9.47,9.47,1640457,0.0000,1.0
2018-11-27,9.24,9.34,9.085,9.12,9.12,579862,0.0000,1.0
2018-11-26,9.6,9.65,9.18,9.2,9.2,525408,0.0000,1.0
2018-11-23,9.54,9.6,9.51,9.55,9.55,115793,0.0000,1.0
2018-11-21,9.51,9.79,9.41,9.6,9.6,276666,0.0000,1.0
2018-11-20,9.36,9.63,9.14,9.51,9.51,447471,0.0000,1.0
2018-11-19,9.85,9.93,9.19,9.38,9.38,800815,0.0000,1.0
2018-11-16,9.76,10.1166,9.46,9.91,9.91,1046424,0.0000,1.0
2018-11-15,10.3,10.8186,9.56,9.86,9.86,2812629,0.0000,1.0
2018-11-14,9.21,9.21,8.915,9.11,9.11,1840437,0.0000,1.0
2018-11-13,9.16,9.27,9.03,9.12,9.12,533945,0.0000,1.0
2018-11-12,9.44,9.455,9.13,9.18,9.18,369155,0.0000,1.0
2018-11-09,9.37,9.55,9.21,9.41,9.41,1214551,0.0000,1.0
2018-11-08,9.82,9.86,9.27,9.4,9.4,658676,0.0000,1.0
2018-11-07,9.93,10.05,9.8,9.83,9.83,371804,0.0000,1.0
2018-11-06,9.98,10.05,9.84,9.93,9.93,339215,0.0000,1.0
2018-11-05,10.13,10.29,9.91,9.96,9.96,219875,0.0000,1.0
2018-11-02,10.19,10.25,10.06,10.1,10.1,183592,0.0000,1.0
2018-11-01,10.02,10.175,9.91,10.13,10.13,326098,0.0000,1.0
2018-10-31,10.27,10.36,9.67,9.94,9.94,523912,0.0000,1.0
2018-10-30,10.0,10.3099,9.97,10.2,10.2,376496,0.0000,1.0
2018-10-29,10.2,10.29,9.92,9.99,9.99,318666,0.0000,1.0
2018-10-26,10.03,10.18,9.89,10.12,10.12,257508,0.0000,1.0
2018-10-25,9.98,10.18,9.9,10.08,10.08,330626,0.0000,1.0
2018-10-24,10.12,10.16,9.92,9.94,9.94,315676,0.0000,1.0
2018-10-23,10.04,10.215,10.0,10.1,10.1,343599,0.0000,1.0
2018-10-22,10.23,10.3,10.09,10.12,10.12,371618,0.0000,1.0
2018-10-19,10.15,10.34,10.1,10.24,10.24,302147,0.0000,1.0
2018-10-18,10.28,10.34,10.17,10.18,10.18,497008,0.0000,1.0
2018-10-17,10.5,10.5476,10.29,10.31,10.31,534403,0.0000,1.0
2018-10-16,10.56,10.58,10.32,10.49,10.49,306957,0.0000,1.0
2018-10-15,10.49,10.62,10.27,10.47,10.47,723151,0.0000,1.0
2018-10-12,10.58,10.64,10.29,10.5,10.5,594074,0.0000,1.0
2018-10-11,10.57,10.81,10.46,10.47,10.47,591928,0.0000,1.0
2018-10-10,10.66,10.78,10.57,10.62,10.62,499277,0.0000,1.0
2018-10-09,10.66,10.77,10.6,10.65,10.65,313012,0.0000,1.0
2018-10-08,10.53,10.71,10.5,10.65,10.65,251753,0.0000,1.0
2018-10-05,10.49,10.6,10.4,10.52,10.52,385152,0.0000,1.0
2018-10-04,10.59,10.64,10.4,10.44,10.44,425082,0.0000,1.0
2018-10-03,10.43,10.67,10.33,10.63,10.63,301376,0.0000,1.0
2018-10-02,10.46,10.5,10.33,10.37,10.37,445645,0.0000,1.0
2018-10-01,10.78,10.87,10.5,10.51,10.51,549151,0.0000,1.0
2018-09-28,10.5,10.9,10.4501,10.7,10.7,532887,0.0000,1.0
2018-09-27,10.9,10.95,10.5,10.5,10.5,314990,0.0000,1.0
2018-09-26,10.75,11.025,10.7,10.95,10.95,449868,0.0000,1.0
2018-09-25,10.4,10.75,10.4,10.7,10.7,329083,0.0000,1.0
2018-09-24,10.8,10.8865,10.4,10.45,10.45,480457,0.0000,1.0
2018-09-21,10.9,11.25,10.85,10.9,10.9,578513,0.0000,1.0
2018-09-20,10.6,11.05,10.6,10.95,10.95,382311,0.0000,1.0
2018-09-19,10.65,10.9,10.55,10.6,10.6,560691,0.0000,1.0
2018-09-18,11.1,11.1,10.65,10.65,10.65,316844,0.0000,1.0
2018-09-17,11.15,11.2,10.9,11.0,11.0,251986,0.0000,1.0
2018-09-14,10.85,11.2,10.85,11.1,11.1,499741,0.0000,1.0
2018-09-13,10.8,10.925,10.65,10.9,10.9,290783,0.0000,1.0
2018-09-12,10.75,10.9,10.55,10.75,10.75,317919,0.0000,1.0
2018-09-11,10.75,10.95,10.6,10.85,10.85,246482,0.0000,1.0
2018-09-10,10.7,10.85,10.65,10.8,10.8,324195,0.0000,1.0
2018-09-07,10.7,10.75,10.6,10.65,10.65,325814,0.0000,1.0
2018-09-06,10.9,10.925,10.575,10.7,10.7,568379,0.0000,1.0
2018-09-05,10.9,10.95,10.8,10.95,10.95,555970,0.0000,1.0
2018-09-04,11.1,11.1,10.85,10.85,10.85,298328,0.0000,1.0
2018-08-31,11.1,11.25,11.1,11.1,11.1,226470,0.0000,1.0
2018-08-30,11.05,11.25,11.0,11.15,11.15,275703,0.0000,1.0
2018-08-29,11.0,11.1,11.0,11.05,11.05,223744,0.0000,1.0
2018-08-28,11.1,11.1369,11.025,11.05,11.05,238425,0.0000,1.0
2018-08-27,11.15,11.25,11.0,11.05,11.05,295000,0.0000,1.0
2018-08-24,11.25,11.25,11.1,11.15,11.15,253597,0.0000,1.0
2018-08-23,11.3,11.4,11.2,11.2,11.2,428954,0.0000,1.0
2018-08-22,11.25,11.425,11.2,11.4,11.4,336806,0.0000,1.0
2018-08-21,11.2,11.4,11.125,11.3,11.3,691976,0.0000,1.0
2018-08-20,11.3,11.5,11.15,11.15,11.15,248903,0.0000,1.0
2018-08-17,11.3,11.36,11.15,11.25,11.25,371721,0.0000,1.0
2018-08-16,11.45,11.625,11.3,11.4,11.4,308741,0.0000,1.0
2018-08-15,11.4,11.5,11.3,11.35,11.35,455054,0.0000,1.0
2018-08-14,11.7,11.75,11.375,11.4,11.4,332538,0.0000,1.0
2018-08-13,11.6,11.825,11.45,11.7,11.7,794499,0.0000,1.0
2018-08-10,11.75,11.9,11.5,11.55,11.55,386058,0.0000,1.0
2018-08-09,11.7,11.9,11.45,11.85,11.85,1115751,0.0000,1.0
2018-08-08,11.5,11.725,11.225,11.7,11.7,486650,0.0000,1.0
2018-08-07,11.4,11.65,11.35,11.5,11.5,365242,0.0000,1.0
2018-08-06,11.0,11.55,11.0,11.4,11.4,646335,0.0000,1.0
2018-08-03,10.8,11.15,10.8,11.05,11.05,703659,0.0000,1.0
2018-08-02,10.95,11.75,10.75,10.95,10.95,904651,0.0000,1.0
2018-08-01,11.4,11.6,11.25,11.35,11.35,401686,0.0000,1.0
2018-07-31,11.4,11.6,11.2,11.45,11.45,502827,0.0000,1.0
2018-07-30,11.5,11.65,11.3,11.3,11.3,341717,0.0000,1.0
2018-07-27,12.1,12.1,11.55,11.55,11.55,571984,0.0000,1.0
2018-07-26,12.2,12.35,11.95,12.05,12.05,409856,0.0000,1.0
2018-07-25,12.4,12.4,12.05,12.25,12.25,388723,0.0000,1.0
2018-07-24,12.2,12.425,12.1,12.35,12.35,618873,0.0000,1.0
2018-07-23,12.25,12.4,12.1,12.25,12.25,343944,0.0000,1.0
2018-07-20,12.15,12.35,12.1,12.25,12.25,316645,0.0000,1.0
2018-07-19,11.65,12.225,11.5,12.2,12.2,610237,0.0000,1.0
2018-07-18,11.8,11.9,11.6,11.65,11.65,504390,0.0000,1.0
2018-07-17,11.95,12.05,11.605,11.75,11.75,478740,0.0000,1.0
2018-07-16,12.1,12.15,11.7,11.85,11.85,862207,0.0000,1.0
2018-07-13,12.25,12.3,12.005,12.1,12.1,185615,0.0000,1.0
2018-07-12,12.55,12.65,12.2,12.2,12.2,361565,0.0000,1.0
2018-07-11,12.2,12.625,12.2,12.55,12.55,484505,0.0000,1.0
2018-07-10,12.5,12.55,12.325,12.4,12.4,299385,0.0000,1.0
2018-07-09,12.2,12.55,12.05,12.5,12.5,869515,0.0000,1.0
2018-07-06,11.8,12.15,11.75,12.15,12.15,343614,0.0000,1.0
2018-07-05,11.75,11.95,11.65,11.8,11.8,481200,0.0000,1.0
2018-07-03,12.05,12.1,11.7,11.7,11.7,537377,0.0000,1.0
2018-07-02,12.05,12.35,11.95,12.05,12.05,714174,0.0000,1.0
2018-06-29,12.2,12.4,11.925,12.05,12.05,1051416,0.0000,1.0
2018-06-28,12.5,12.5,12.05,12.1,12.1,790941,0.0000,1.0
2018-06-27,12.7,12.85,11.75,11.75,11.75,1112066,0.0000,1.0
2018-06-26,12.45,12.9,12.275,12.75,12.75,503238,0.0000,1.0
2018-06-25,12.2,12.5,12.0,12.35,12.35,506025,0.0000,1.0
2018-06-22,12.65,12.7,12.05,12.2,12.2,1318519,0.0000,1.0
2018-06-21,13.1,13.1,12.5,12.55,12.55,622721,0.0000,1.0
2018-06-20,12.9,13.225,12.5475,13.1,13.1,471517,0.0000,1.0
2018-06-19,12.6,12.9,12.5,12.85,12.85,471613,0.0000,1.0
2018-06-18,12.5,12.7,12.06,12.65,12.65,498841,0.0000,1.0
2018-06-15,12.8,12.8,12.55,12.6,12.6,536834,0.0000,1.0
2018-06-14,12.9,12.95,12.7,12.9,12.9,371927,0.0000,1.0
2018-06-13,13.4,13.45,12.8,12.8,12.8,585727,0.0000,1.0
2018-06-12,13.3,13.35,13.1,13.3,13.3,487449,0.0000,1.0
2018-06-11,13.4,13.4,13.1,13.2,13.2,243805,0.0000,1.0
2018-06-08,13.25,13.45,13.05,13.3,13.3,325872,0.0000,1.0
2018-06-07,13.05,13.2,12.95,13.2,13.2,352968,0.0000,1.0
2018-06-06,13.1,13.225,13.0,13.1,13.1,275815,0.0000,1.0
2018-06-05,13.15,13.15,12.9,13.05,13.05,359208,0.0000,1.0
2018-06-04,13.0,13.2,12.85,13.2,13.2,842313,0.0000,1.0
2018-06-01,12.4,13.0,12.4,13.0,13.0,653586,0.0000,1.0
2018-05-31,12.35,12.45,12.2,12.4,12.4,771907,0.0000,1.0
2018-05-30,12.4,12.475,12.2,12.35,12.35,512573,0.0000,1.0
2018-05-29,12.5,12.55,12.25,12.3,12.3,416736,0.0000,1.0
2018-05-25,12.4,12.8,12.35,12.65,12.65,907933,0.0000,1.0
2018-05-24,12.8,12.8,12.3,12.4,12.4,1027919,0.0000,1.0
2018-05-23,12.95,13.05,12.7,12.75,12.75,902729,0.0000,1.0
2018-05-22,13.2,13.3,13.075,13.1,13.1,485581,0.0000,1.0
2018-05-21,13.35,13.5,13.15,13.25,13.25,672927,0.0000,1.0
2018-05-18,13.15,13.45,13.05,13.35,13.35,1442026,0.0000,1.0
2018-05-17,13.1,13.3,13.05,13.1,13.1,727279,0.0000,1.0
2018-05-16,12.85,13.25,12.85,13.15,13.15,919364,0.0000,1.0
2018-05-15,12.85,13.0,12.75,12.95,12.95,1010355,0.0000,1.0
2018-05-14,13.1,13.1,12.65,12.8,12.8,1547601,0.0000,1.0
2018-05-11,13.15,13.3,12.925,13.05,13.05,2338414,0.0000,1.0
2018-05-10,13.15,13.15,12.8,13.1,13.1,2012634,0.0000,1.0
2018-05-09,14.15,14.3,13.225,13.25,13.25,3159749,0.0000,1.0
2018-05-08,14.75,14.85,14.4,14.7,14.7,506558,0.0000,1.0
2018-05-07,14.8,15.1,14.8,14.95,14.95,732733,0.0000,1.0
2018-05-04,14.65,14.95,14.5,14.8,14.8,963922,0.0000,1.0
2018-05-03,13.7,14.65,13.61,14.6,14.6,1112630,0.0000,1.0
2018-05-02,13.75,14.1,13.6,13.95,13.95,767899,0.0000,1.0
2018-05-01,13.65,13.9,13.35,13.7,13.7,377478,0.0000,1.0
2018-04-30,13.35,13.75,13.35,13.7,13.7,506062,0.0000,1.0
2018-04-27,13.2,13.4,13.15,13.35,13.35,363513,0.0000,1.0
2018-04-26,13.1,13.3,13.0,13.2,13.2,197311,0.0000,1.0
2018-04-25,13.15,13.2,13.025,13.1,13.1,337390,0.0000,1.0
2018-04-24,13.35,13.6,13.2,13.3,13.3,203879,0.0000,1.0
2018-04-23,13.35,13.35,13.175,13.35,13.35,237739,0.0000,1.0
2018-04-20,13.3,13.45,12.805,13.25,13.25,246260,0.0000,1.0
2018-04-19,13.4,13.49,13.25,13.35,13.35,184956,0.0000,1.0
2018-04-18,13.4,13.6,13.35,13.4,13.4,209262,0.0000,1.0
2018-04-17,13.45,13.55,13.3,13.35,13.35,173174,0.0000,1.0
2018-04-16,13.45,13.55,13.3,13.35,13.35,171105,0.0000,1.0
2018-04-13,13.5,13.5752,13.3,13.4,13.4,164687,0.0000,1.0
2018-04-12,13.55,13.65,13.4,13.5,13.5,199409,0.0000,1.0
2018-04-11,13.25,13.55,13.25,13.55,13.55,428807,0.0000,1.0
2018-04-10,13.1,13.3,12.925,13.25,13.25,336854,0.0000,1.0
2018-04-09,12.95,13.125,12.875,12.95,12.95,225420,0.0000,1.0
2018-04-06,13.1,13.25,12.75,12.85,12.85,235478,0.0000,1.0
2018-04-05,13.1,13.225,12.95,13.15,13.15,125513,0.0000,1.0
2018-04-04,12.75,13.1,12.75,13.05,13.05,182774,0.0000,1.0
2018-04-03,12.85,13.0,12.775,12.9,12.9,334931,0.0000,1.0
2018-04-02,13.15,13.25,12.7,12.8,12.8,458262,0.0000,1.0
2018-03-29,13.1,13.35,13.05,13.2,13.2,473627,0.0000,1.0
2018-03-28,12.95,13.2,12.81,13.0,13.0,450146,0.0000,1.0
2018-03-27,13.55,13.55,12.9,12.95,12.95,573840,0.0000,1.0
2018-03-26,13.05,13.55,12.9,13.55,13.55,507826,0.0000,1.0
2018-03-23,13.15,13.5,12.9,12.95,12.95,400831,0.0000,1.0
2018-03-22,13.3,13.4,13.075,13.1,13.1,505860,0.0000,1.0
2018-03-21,13.2,13.5,13.15,13.4,13.4,370740,0.0000,1.0
2018-03-20,13.15,13.3,13.1,13.15,13.15,160974,0.0000,1.0
2018-03-19,13.25,13.25,13.0,13.2,13.2,264558,0.0000,1.0
2018-03-16,13.2,13.35,13.05,13.25,13.25,701076,0.0000,1.0
2018-03-15,13.3,13.35,13.1,13.1,13.1,417125,0.0000,1.0
2018-03-14,13.75,13.85,13.275,13.35,13.35,1640799,0.0000,1.0
2018-03-13,14.0,14.3,13.65,13.7,13.7,419686,0.0000,1.0
2018-03-12,13.6,14.05,13.55,13.85,13.85,520886,0.0000,1.0
2018-03-09,13.6,13.65,13.35,13.55,13.55,511082,0.0000,1.0
2018-03-08,13.7,13.7,13.4,13.55,13.55,221192,0.0000,1.0
2018-03-07,13.5,13.75,13.305,13.55,13.55,564394,0.0000,1.0
2018-03-06,13.6,13.675,13.2,13.6,13.6,410443,0.0000,1.0
2018-03-05,13.05,13.65,12.85,13.6,13.6,726029,0.0000,1.0
2018-03-02,12.7,13.2,12.6,13.2,13.2,702439,0.0000,1.0
2018-03-01,12.95,13.05,12.7,12.8,12.8,579075,0.0000,1.0
2018-02-28,12.85,13.1,12.85,13.0,13.0,336647,0.0000,1.0
2018-02-27,13.2,13.25,12.8,12.85,12.85,338816,0.0000,1.0
2018-02-26,13.15,13.2,13.005,13.15,13.15,147314,0.0000,1.0
2018-02-23,13.2,13.2,13.0,13.15,13.15,317824,0.0000,1.0
2018-02-22,13.25,13.44,13.05,13.1,13.1,282515,0.0000,1.0
2018-02-21,12.75,13.3,12.75,13.2,13.2,464521,0.0000,1.0
2018-02-20,12.95,13.05,12.65,12.8,12.8,324306,0.0000,1.0
2018-02-16,12.85,13.2,12.85,13.05,13.05,428871,0.0000,1.0
2018-02-15,12.9,13.1,12.7,12.85,12.85,505486,0.0000,1.0
2018-02-14,12.7,12.85,12.7,12.85,12.85,278402,0.0000,1.0
2018-02-13,12.65,12.95,12.65,12.75,12.75,551088,0.0000,1.0
2018-02-12,13.15,13.25,12.65,12.7,12.7,633288,0.0000,1.0
2018-02-09,13.2,13.3,12.6,13.15,13.15,843814,0.0000,1.0
2018-02-08,13.2,13.4,13.1,13.2,13.2,1003322,0.0000,1.0
2018-02-07,13.1,13.35,13.0,13.2,13.2,503170,0.0000,1.0
2018-02-06,12.7,13.275,12.5,13.1,13.1,652973,0.0000,1.0
2018-02-05,13.05,13.35,12.8,12.9,12.9,738126,0.0000,1.0
2018-02-02,13.6,13.75,12.7,13.0,13.0,1019995,0.0000,1.0
2018-02-01,12.5,13.55,12.41,13.5,13.5,6220584,0.0000,1.0
2018-01-31,11.85,12.05,11.7,11.8,11.8,457295,0.0000,1.0
2018-01-30,11.8,11.9,11.7,11.8,11.8,219540,0.0000,1.0
2018-01-29,11.95,11.95,11.7,11.8,11.8,335775,0.0000,1.0
2018-01-26,12.0,12.05,11.85,12.0,12.0,328947,0.0000,1.0
2018-01-25,11.85,12.0,11.8,12.0,12.0,365729,0.0000,1.0
2018-01-24,11.85,11.95,11.7,11.85,11.85,558727,0.0000,1.0
2018-01-23,11.8,11.95,11.65,11.85,11.85,328092,0.0000,1.0
2018-01-22,12.0,12.0166,11.75,11.75,11.75,389679,0.0000,1.0
2018-01-19,11.85,12.1,11.85,12.1,12.1,621791,0.0000,1.0
2018-01-18,12.3,12.3,11.85,11.85,11.85,404062,0.0000,1.0
2018-01-17,12.2,12.325,12.1,12.3,12.3,247513,0.0000,1.0
2018-01-16,12.15,12.3,12.0,12.1,12.1,530220,0.0000,1.0
2018-01-12,12.2,12.3,11.95,12.05,12.05,1244012,0.0000,1.0
2018-01-11,11.95,12.15,11.9,12.1,12.1,627257,0.0000,1.0
2018-01-10,12.0,12.15,11.8837,11.95,11.95,275333,0.0000,1.0
2018-01-09,11.9,12.05,11.8,12.0,12.0,1519808,0.0000,1.0
2018-01-08,12.15,12.15,11.8,11.9,11.9,702646,0.0000,1.0
2018-01-05,12.1,12.1,11.95,12.1,12.1,408243,0.0000,1.0
2018-01-04,12.3,12.4,12.05,12.05,12.05,1177975,0.0000,1.0
2018-01-03,12.15,12.2,12.0,12.2,12.2,368404,0.0000,1.0
2018-01-02,12.3,12.35,12.0,12.1,12.1,403089,0.0000,1.0
2017-12-29,12.1,12.3,12.0,12.2,12.2,366879,0.0000,1.0
2017-12-28,12.2,12.3,12.0,12.0,12.0,211562,0.0000,1.0
2017-12-27,12.3,12.4,12.1,12.2,12.2,219316,0.0000,1.0
2017-12-26,12.25,12.375,12.1,12.3,12.3,217620,0.0000,1.0
2017-12-22,12.25,12.35,12.2,12.25,12.25,161233,0.0000,1.0
2017-12-21,12.35,12.45,12.25,12.3,12.3,469014,0.0000,1.0
2017-12-20,12.2,12.4,12.2,12.25,12.25,368921,0.0000,1.0
2017-12-19,12.15,12.45,12.01,12.15,12.15,630756,0.0000,1.0
2017-12-18,12.4,12.5,12.225,12.35,12.35,869324,0.0000,1.0
2017-12-15,11.9,12.45,11.875,12.25,12.25,906599,0.0000,1.0
2017-12-14,12.2,12.25,11.65,11.9,11.9,909085,0.0000,1.0
2017-12-13,12.3,12.41,12.15,12.25,12.25,329063,0.0000,1.0
2017-12-12,12.3,12.4,12.25,12.3,12.3,508071,0.0000,1.0
2017-12-11,12.3,12.31,12.1,12.25,12.25,422338,0.0000,1.0
2017-12-08,12.15,12.25,12.025,12.2,12.2,215651,0.0000,1.0
2017-12-07,12.4,12.4,12.05,12.05,12.05,206281,0.0000,1.0
2017-12-06,12.05,12.5,12.05,12.35,12.35,598975,0.0000,1.0
2017-12-05,12.25,12.25,11.9,12.05,12.05,326964,0.0000,1.0
2017-12-04,12.2,12.25,11.95,12.15,12.15,348007,0.0000,1.0
2017-12-01,12.1,12.2,11.85,12.1,12.1,428578,0.0000,1.0
2017-11-30,12.05,12.15,11.925,12.05,12.05,501718,0.0000,1.0
2017-11-29,11.9,12.05,11.9,12.05,12.05,602020,0.0000,1.0
2017-11-28,11.95,12.0,11.85,11.9,11.9,548079,0.0000,1.0
2017-11-27,11.85,11.95,11.7,11.85,11.85,633060,0.0000,1.0
2017-11-24,11.9,11.95,11.65,11.8,11.8,248539,0.0000,1.0
2017-11-22,11.6,11.95,11.6,11.95,11.95,761035,0.0000,1.0
2017-11-21,11.35,11.7,11.2,11.55,11.55,764984,0.0000,1.0
2017-11-20,11.1,11.5,11.1,11.4,11.4,848056,0.0000,1.0
2017-11-17,11.0,11.23,10.85,11.15,11.15,1630266,0.0000,1.0
2017-11-16,11.0,11.25,10.5,11.0,11.0,1789260,0.0000,1.0
2017-11-15,9.75,10.1,9.63,10.0,10.0,381791,0.0000,1.0
2017-11-14,9.75,9.9,9.75,9.8,9.8,238961,0.0000,1.0
2017-11-13,9.9,9.9,9.7,9.75,9.75,337067,0.0000,1.0
2017-11-10,10.0,10.15,9.85,9.9,9.9,201138,0.0000,1.0
2017-11-09,9.8,10.05,9.75,10.0,10.0,437824,0.0000,1.0
2017-11-08,9.85,9.95,9.65,9.8,9.8,221915,0.0000,1.0
2017-11-07,10.1,10.2,9.8,9.85,9.85,257738,0.0000,1.0
2017-11-06,10.15,10.28,10.05,10.15,10.15,144775,0.0000,1.0
2017-11-03,10.15,10.15,10.03,10.1,10.1,269100,0.0000,1.0
2017-11-02,10.2,10.3,10.13,10.23,10.23,231476,0.0000,1.0
2017-11-01,10.35,10.4,10.05,10.15,10.15,282555,0.0000,1.0
2017-10-31,10.35,10.45,10.2,10.25,10.25,346727,0.0000,1.0
2017-10-30,10.35,10.45,10.15,10.3,10.3,496151,0.0000,1.0
2017-10-27,10.25,10.45,10.1,10.45,10.45,411599,0.0000,1.0
2017-10-26,10.1,10.25,10.05,10.25,10.25,533670,0.0000,1.0
2017-10-25,10.05,10.15,9.88,10.05,10.05,324413,0.0000,1.0
2017-10-24,10.15,10.2,9.98,10.1,10.1,405439,0.0000,1.0
2017-10-23,10.0,10.15,9.93,10.05,10.05,712273,0.0000,1.0
2017-10-20,9.8,10.0,9.8,9.95,9.95,218681,0.0000,1.0
2017-10-19,9.9,10.0,9.7,9.8,9.8,310793,0.0000,1.0
2017-10-18,9.8,10.1,9.7,9.95,9.95,422016,0.0000,1.0
2017-10-17,9.8,9.9,9.68,9.85,9.85,325073,0.0000,1.0
2017-10-16,9.7,9.85,9.45,9.75,9.75,529616,0.0000,1.0
2017-10-13,9.75,9.8,9.28,9.6,9.6,339001,0.0000,1.0
2017-10-12,9.9,9.9,9.65,9.65,9.65,313788,0.0000,1.0
2017-10-11,9.95,10.1,9.88,9.9,9.9,761241,0.0000,1.0
2017-10-10,10.1,10.19,9.8,9.9,9.9,498244,0.0000,1.0
2017-10-09,9.55,10.03,9.5,10.0,10.0,538931,0.0000,1.0
2017-10-06,9.45,9.5,9.3,9.4,9.4,202360,0.0000,1.0
2017-10-05,9.4,9.6,9.3,9.5,9.5,347420,0.0000,1.0
2017-10-04,9.5,9.5,9.15,9.35,9.35,453446,0.0000,1.0
2017-10-03,9.65,9.73,9.0,9.45,9.45,1217516,0.0000,1.0
2017-10-02,9.6,9.78,9.43,9.7,9.7,596719,0.0000,1.0
2017-09-29,10.25,10.35,9.4,9.5,9.5,1192584,0.0000,1.0
2017-09-28,10.0,10.35,10.0,10.25,10.25,844113,0.0000,1.0
2017-09-27,9.85,10.05,9.85,10.0,10.0,378021,0.0000,1.0
2017-09-26,9.95,10.1,9.85,9.85,9.85,984543,0.0000,1.0
2017-09-25,9.8,10.05,9.8,10.0,10.0,1167502,0.0000,1.0
2017-09-22,9.65,9.9,9.63,9.85,9.85,274987,0.0000,1.0
2017-09-21,9.7,9.7,9.5,9.7,9.7,422696,0.0000,1.0
2017-09-20,9.5,9.8,9.5,9.7,9.7,427294,0.0000,1.0
2017-09-19,9.4,9.5,9.35,9.45,9.45,636099,0.0000,1.0
2017-09-18,9.4,9.55,9.39,9.4,9.4,237066,0.0000,1.0
2017-09-15,9.35,9.5,9.35,9.4,9.4,505755,0.0000,1.0
2017-09-14,9.45,9.57,9.3,9.35,9.35,540648,0.0000,1.0
2017-09-13,9.25,9.45,9.25,9.4,9.4,611530,0.0000,1.0
2017-09-12,9.25,9.3,9.15,9.25,9.25,268334,0.0000,1.0
2017-09-11,9.25,9.3,9.07,9.15,9.15,278657,0.0000,1.0
2017-09-08,9.15,9.2,9.0,9.2,9.2,330542,0.0000,1.0
2017-09-07,9.1,9.2,8.85,9.15,9.15,383243,0.0000,1.0
2017-09-06,9.2,9.2,9.0,9.05,9.05,209200,0.0000,1.0
2017-09-05,9.15,9.25,8.95,9.1,9.1,286500,0.0000,1.0
2017-09-01,9.0,9.23,9.0,9.2,9.2,176442,0.0000,1.0
2017-08-31,9.1,9.25,9.0,9.05,9.05,285566,0.0000,1.0
2017-08-30,9.1,9.1,8.95,9.05,9.05,310082,0.0000,1.0
2017-08-29,9.0,9.1,8.95,9.05,9.05,366622,0.0000,1.0
2017-08-28,9.05,9.15,8.9,9.0,9.0,892354,0.0000,1.0
2017-08-25,9.0,9.15,8.95,9.05,9.05,279393,0.0000,1.0
2017-08-24,9.0,9.15,8.98,9.0,9.0,207029,0.0000,1.0
2017-08-23,8.85,8.95,8.85,8.9,8.9,321194,0.0000,1.0
2017-08-22,8.9,8.95,8.8,8.85,8.85,209635,0.0000,1.0
2017-08-21,8.7,8.88,8.65,8.8,8.8,343559,0.0000,1.0
2017-08-18,8.65,8.88,8.16,8.8,8.8,554495,0.0000,1.0
2017-08-17,8.95,9.0,8.75,8.75,8.75,463541,0.0000,1.0
2017-08-16,9.0,9.2,8.95,8.95,8.95,710716,0.0000,1.0
2017-08-15,9.2,9.2,8.98,9.0,9.0,418490,0.0000,1.0
2017-08-14,9.1,9.15,9.0,9.1,9.1,915491,0.0000,1.0
2017-08-11,8.85,9.1,8.81,9.0,9.0,880106,0.0000,1.0
2017-08-10,8.8,9.0,8.75,8.9,8.9,964077,0.0000,1.0
2017-08-09,9.05,9.05,8.75,8.8,8.8,515037,0.0000,1.0
2017-08-08,8.85,9.1,8.8,9.05,9.05,727432,0.0000,1.0
2017-08-07,8.9,8.9,8.65,8.85,8.85,1497268,0.0000,1.0
2017-08-04,8.8,8.88,8.65,8.75,8.75,1241816,0.0000,1.0
2017-08-03,8.4,8.5,8.28,8.4,8.4,440739,0.0000,1.0
2017-08-02,8.45,8.55,8.35,8.45,8.45,1715065,0.0000,1.0
2017-08-01,8.3,8.5,8.06,8.4,8.4,2369012,0.0000,1.0
2017-07-31,8.05,8.05,7.8,7.8,7.8,649074,0.0000,1.0
2017-07-28,7.95,8.15,7.95,8.0,8.0,272724,0.0000,1.0
2017-07-27,8.0,8.05,7.9,7.95,7.95,309082,0.0000,1.0
2017-07-26,7.95,8.1,7.9,8.0,8.0,308195,0.0000,1.0
2017-07-25,7.95,8.1,7.9,7.95,7.95,394413,0.0000,1.0
2017-07-24,7.95,8.0,7.85,7.9,7.9,387346,0.0000,1.0
2017-07-21,8.0,8.05,7.9,8.0,8.0,348826,0.0000,1.0
2017-07-20,8.0,8.1,7.85,7.9,7.9,334194,0.0000,1.0
2017-07-19,7.8,8.05,7.75,8.0,8.0,552524,0.0000,1.0
2017-07-18,7.65,7.85,7.575,7.85,7.85,448227,0.0000,1.0
2017-07-17,7.65,7.75,7.6,7.6,7.6,519800,0.0000,1.0
2017-07-14,7.6,7.7,7.6,7.7,7.7,344300,0.0000,1.0
2017-07-13,7.6,7.7,7.6,7.65,7.65,112298,0.0000,1.0
2017-07-12,7.6,7.75,7.58,7.6,7.6,558044,0.0000,1.0
2017-07-11,7.8,7.8,7.6,7.65,7.65,249823,0.0000,1.0
2017-07-10,7.85,7.9,7.75,7.75,7.75,457877,0.0000,1.0
2017-07-07,7.9,7.95,7.7,7.85,7.85,511168,0.0000,1.0
2017-07-06,7.7,8.0,7.65,7.85,7.85,1453896,0.0000,1.0
2017-07-05,7.7,7.8,7.6,7.7,7.7,2219590,0.0000,1.0
2017-07-03,7.7,7.8,7.65,7.7,7.7,446477,0.0000,1.0
2017-06-30,7.6,7.99,7.6,7.7,7.7,3110542,0.0000,1.0
2017-06-29,7.75,7.75,7.55,7.65,7.65,2351481,0.0000,1.0
2017-06-28,8.3,8.32,7.68,7.7,7.7,3383700,0.0000,1.0
2017-06-27,9.2,9.2,9.0,9.1,9.1,234851,0.0000,1.0
2017-06-26,9.1,9.2,8.9,9.15,9.15,144489,0.0000,1.0
2017-06-23,8.95,9.1,8.8,9.1,9.1,311652,0.0000,1.0
2017-06-22,8.8,9.0,8.75,9.0,9.0,140472,0.0000,1.0
2017-06-21,8.9,8.98,8.65,8.75,8.75,324528,0.0000,1.0
2017-06-20,9.0,9.0,8.75,8.95,8.95,171052,0.0000,1.0
2017-06-19,9.05,9.1,8.9,9.0,9.0,267768,0.0000,1.0
2017-06-16,8.85,9.05,8.75,9.05,9.05,395433,0.0000,1.0
2017-06-15,9.0,9.15,8.88,8.95,8.95,152475,0.0000,1.0
2017-06-14,9.1,9.13,8.8,9.05,9.05,206957,0.0000,1.0
2017-06-13,9.3,9.32,9.05,9.05,9.05,175867,0.0000,1.0
2017-06-12,9.3,9.5,9.2,9.2,9.2,186865,0.0000,1.0
2017-06-09,9.1,9.45,9.1,9.3,9.3,395228,0.0000,1.0
2017-06-08,8.75,9.15,8.7,9.05,9.05,331868,0.0000,1.0
2017-06-07,8.6,8.75,8.5,8.7,8.7,268315,0.0000,1.0
2017-06-06,8.55,8.7,8.45,8.6,8.6,147264,0.0000,1.0
2017-06-05,8.9,8.93,8.57,8.65,8.65,198664,0.0000,1.0
2017-06-02,8.55,9.03,8.55,8.95,8.95,359881,0.0000,1.0
2017-06-01,8.5,8.7,8.5,8.65,8.65,263463,0.0000,1.0
2017-05-31,8.55,8.55,8.35,8.5,8.5,244594,0.0000,1.0
2017-05-30,8.65,8.65,8.5,8.5,8.5,236140,0.0000,1.0
2017-05-26,8.6,8.7,8.48,8.7,8.7,268682,0.0000,1.0
2017-05-25,8.5,8.75,8.4,8.65,8.65,257967,0.0000,1.0
2017-05-24,8.6,8.7,8.45,8.45,8.45,232711,0.0000,1.0
2017-05-23,8.55,8.65,8.45,8.65,8.65,117111,0.0000,1.0
2017-05-22,8.5,8.6,8.4,8.5,8.5,223015,0.0000,1.0
2017-05-19,8.45,8.6,8.4,8.5,8.5,217154,0.0000,1.0
2017-05-18,8.4,8.55,8.4,8.45,8.45,446989,0.0000,1.0
2017-05-17,8.45,8.65,8.4,8.4,8.4,301043,0.0000,1.0
2017-05-16,8.55,8.7,8.5,8.65,8.65,197405,0.0000,1.0
2017-05-15,8.65,8.8,8.5,8.55,8.55,202205,0.0000,1.0
2017-05-12,8.7,8.73,8.65,8.7,8.7,237696,0.0000,1.0
2017-05-11,8.8,8.95,8.69,8.75,8.75,220496,0.0000,1.0
2017-05-10,8.75,8.88,8.6,8.8,8.8,232581,0.0000,1.0
2017-05-09,8.95,8.97,8.7,8.85,8.85,237020,0.0000,1.0
2017-05-08,9.0,9.03,8.7,8.9,8.9,228165,0.0000,1.0
2017-05-05,8.8,9.05,8.75,9.0,9.0,255886,0.0000,1.0
2017-05-04,8.9,9.9,8.5,8.8,8.8,600925,0.0000,1.0
2017-05-03,8.85,8.85,8.65,8.65,8.65,331082,0.0000,1.0
2017-05-02,8.95,9.05,8.8,8.95,8.95,177480,0.0000,1.0
2017-05-01,9.1,9.1,8.8,8.9,8.9,188621,0.0000,1.0
2017-04-28,9.3,9.3,9.0,9.05,9.05,167269,0.0000,1.0
2017-04-27,9.4,9.48,9.2,9.3,9.3,163960,0.0000,1.0
2017-04-26,9.4,9.45,9.2,9.35,9.35,265726,0.0000,1.0
2017-04-25,9.25,9.5,9.05,9.45,9.45,255088,0.0000,1.0
2017-04-24,9.0,9.25,8.87,9.2,9.2,356057,0.0000,1.0
2017-04-21,8.85,8.95,8.75,8.8,8.8,176613,0.0000,1.0
2017-04-20,8.75,8.9,8.7,8.85,8.85,286995,0.0000,1.0
2017-04-19,8.8,8.8,8.5,8.7,8.7,235947,0.0000,1.0
2017-04-18,8.45,8.7,8.45,8.7,8.7,273664,0.0000,1.0
2017-04-17,8.5,8.63,8.4,8.45,8.45,204245,0.0000,1.0
2017-04-13,8.55,8.7,8.4,8.45,8.45,201886,0.0000,1.0
2017-04-12,8.7,8.9,8.5,8.55,8.55,344875,0.0000,1.0
2017-04-11,8.65,8.9,8.65,8.7,8.7,357729,0.0000,1.0
2017-04-10,8.35,8.8,8.3,8.65,8.65,452743,0.0000,1.0
2017-04-07,8.1,8.4,8.0,8.35,8.35,555340,0.0000,1.0
2017-04-06,7.8,7.95,7.65,7.85,7.85,477353,0.0000,1.0
2017-04-05,8.15,8.2,7.75,7.85,7.85,527091,0.0000,1.0
2017-04-04,8.15,8.25,8.05,8.1,8.1,264666,0.0000,1.0
2017-04-03,8.15,8.15,7.95,8.15,8.15,3427,0.0000,1.0
2017-03-31,8.05,8.25,7.95,8.15,8.15,5278,0.0000,1.0
2017-03-30,8.35,8.35,8.0,8.05,8.05,231028,0.0000,1.0
2017-03-29,8.0,8.4,7.95,8.35,8.35,272643,0.0000,1.0
2017-03-28,7.95,8.13,7.9,8.05,8.05,273059,0.0000,1.0
2017-03-27,7.85,8.05,7.75,8.0,8.0,234416,0.0000,1.0
2017-03-24,8.1,8.2,7.95,7.95,7.95,319226,0.0000,1.0
2017-03-23,7.9,8.23,7.9,8.15,8.15,272468,0.0000,1.0
2017-03-22,8.0,8.1,7.8,7.9,7.9,301849,0.0000,1.0
2017-03-21,8.3,8.3,7.9,8.05,8.05,265957,0.0000,1.0
2017-03-20,8.1,8.35,7.95,8.2,8.2,322277,0.0000,1.0
2017-03-17,8.1,8.25,8.1,8.1,8.1,943935,0.0000,1.0
2017-03-16,8.05,8.25,7.91,8.15,8.15,457796,0.0000,1.0
2017-03-15,8.2,8.2,7.95,8.0,8.0,614021,0.0000,1.0
2017-03-14,8.25,8.4,8.0,8.2,8.2,375159,0.0000,1.0
2017-03-13,8.3,8.4,8.25,8.25,8.25,314567,0.0000,1.0
2017-03-10,8.4,8.5,8.25,8.35,8.35,418697,0.0000,1.0
2017-03-09,8.5,8.6,8.3,8.4,8.4,333549,0.0000,1.0
2017-03-08,8.55,8.65,8.3,8.45,8.45,388625,0.0000,1.0
2017-03-07,8.7,8.75,8.5,8.55,8.55,267166,0.0000,1.0
2017-03-06,8.9,8.95,8.55,8.75,8.75,319140,0.0000,1.0
2017-03-03,9.0,9.1,8.8,9.0,9.0,267573,0.0000,1.0
2017-03-02,9.1,9.35,8.95,9.0,9.0,168621,0.0000,1.0
2017-03-01,8.9,9.18,8.9,9.15,9.15,223012,0.0000,1.0
2017-02-28,9.0,9.15,8.7,8.8,8.8,504083,0.0000,1.0
2017-02-27,8.9,9.15,8.81,9.05,9.05,194124,0.0000,1.0
2017-02-24,8.9,9.03,8.75,8.95,8.95,182399,0.0000,1.0
2017-02-23,8.95,9.05,8.75,9.0,9.0,300372,0.0000,1.0
2017-02-22,9.0,9.15,8.85,9.0,9.0,212384,0.0000,1.0
2017-02-21,9.05,9.13,8.93,9.05,9.05,258269,0.0000,1.0
2017-02-17,9.05,9.15,8.95,9.15,9.15,298702,0.0000,1.0
2017-02-16,9.2,9.2,8.9,9.05,9.05,484850,0.0000,1.0
2017-02-15,9.1,9.2,8.95,9.15,9.15,256362,0.0000,1.0
2017-02-14,9.15,9.2,9.0,9.1,9.1,231423,0.0000,1.0
2017-02-13,9.5,9.61,9.15,9.2,9.2,282306,0.0000,1.0
2017-02-10,9.35,9.55,9.25,9.55,9.55,199742,0.0000,1.0
2017-02-09,9.2,9.4,9.1,9.25,9.25,346242,0.0000,1.0
2017-02-08,9.3,9.35,9.05,9.25,9.25,310559,0.0000,1.0
2017-02-07,9.55,9.55,9.2,9.3,9.3,358667,0.0000,1.0
2017-02-06,9.75,9.98,9.43,9.5,9.5,426651,0.0000,1.0
2017-02-03,9.1,10.55,9.01,9.75,9.75,416565,0.0000,1.0
2017-02-02,9.95,10.05,9.75,9.9,9.9,322267,0.0000,1.0
2017-02-01,10.0,10.15,9.82,9.95,9.95,321009,0.0000,1.0
2017-01-31,9.6,10.025,9.6,9.9,9.9,422977,0.0000,1.0
2017-01-30,9.55,9.75,9.45,9.6,9.6,249112,0.0000,1.0
2017-01-27,9.75,9.9,9.45,9.7,9.7,243899,0.0000,1.0
2017-01-26,9.95,10.05,9.5,9.8,9.8,356202,0.0000,1.0
2017-01-25,9.95,10.1,9.8,10.05,10.05,189352,0.0000,1.0
2017-01-24,9.7,10.05,9.5,9.95,9.95,309729,0.0000,1.0
2017-01-23,9.6,9.75,9.45,9.7,9.7,210044,0.0000,1.0
2017-01-20,9.55,9.7,9.4,9.65,9.65,240313,0.0000,1.0
2017-01-19,9.8,9.85,9.475,9.5,9.5,297726,0.0000,1.0
2017-01-18,9.7,9.8,9.55,9.8,9.8,434483,0.0000,1.0
2017-01-17,9.75,9.75,9.5,9.6,9.6,371120,0.0000,1.0
2017-01-13,9.8,10.05,9.7,9.8,9.8,325897,0.0000,1.0
2017-01-12,10.35,10.4,9.65,9.8,9.8,929795,0.0000,1.0
2017-01-11,10.6,10.65,10.45,10.6,10.6,232654,0.0000,1.0
2017-01-10,10.3,10.65,10.2,10.65,10.65,260613,0.0000,1.0
2017-01-09,10.5,10.65,10.35,10.35,10.35,202503,0.0000,1.0
2017-01-06,10.7,10.8,10.55,10.6,10.6,104325,0.0000,1.0
2017-01-05,10.8,10.9,10.45,10.7,10.7,398021,0.0000,1.0
2017-01-04,10.7,10.95,10.5,10.95,10.95,375944,0.0000,1.0
2017-01-03,10.8,10.9795,10.4,10.65,10.65,321315,0.0000,1.0
2016-12-30,10.9,10.95,10.65,10.65,10.65,300423,0.0000,1.0
2016-12-29,10.8,10.925,10.5685,10.9,10.9,174981,0.0000,1.0
2016-12-28,10.9,10.95,10.425,10.75,10.75,260063,0.0000,1.0
2016-12-27,10.6,10.95,10.5,10.9,10.9,123325,0.0000,1.0
2016-12-23,10.5,10.65,10.45,10.6,10.6,103916,0.0000,1.0
2016-12-22,10.65,10.65,10.3704,10.5,10.5,145452,0.0000,1.0
2016-12-21,10.55,10.7,10.455,10.65,10.65,125596,0.0000,1.0
2016-12-20,10.25,10.725,10.25,10.6,10.6,184399,0.0000,1.0
2016-12-19,10.4,10.6,10.175,10.3,10.3,512964,0.0000,1.0
2016-12-16,10.4,10.75,10.2,10.4,10.4,1495762,0.0000,1.0
2016-12-15,10.6,10.75,10.35,10.4,10.4,421230,0.0000,1.0
2016-12-14,10.65,10.8,10.45,10.5,10.5,314692,0.0000,1.0
2016-12-13,10.95,11.15,10.5,10.55,10.55,600516,0.0000,1.0
2016-12-12,11.35,11.55,10.8,10.95,10.95,1161671,0.0000,1.0
2016-12-09,11.85,11.85,11.6,11.75,11.75,620158,0.0000,1.0
2016-12-08,11.3,12.0,11.05,11.75,11.75,656416,0.0000,1.0
2016-12-07,11.65,11.95,11.55,11.8,11.8,374901,0.0000,1.0
2016-12-06,11.45,11.85,11.4,11.75,11.75,425549,0.0000,1.0
2016-12-05,11.5,11.7,11.35,11.35,11.35,310172,0.0000,1.0
2016-12-02,11.65,11.65,11.2,11.3,11.3,310558,0.0000,1.0
2016-12-01,11.75,11.9,11.5,11.6,11.6,347585,0.0000,1.0
2016-11-30,11.2,11.7,11.05,11.65,11.65,469772,0.0000,1.0
2016-11-29,11.35,11.8,11.05,11.2,11.2,349748,0.0000,1.0
2016-11-28,11.45,11.55,11.06,11.25,11.25,244494,0.0000,1.0
2016-11-25,11.65,11.7284,11.4,11.45,11.45,84990,0.0000,1.0
2016-11-23,11.6,11.675,11.45,11.65,11.65,377703,0.0000,1.0
2016-11-22,11.35,11.6,11.3,11.6,11.6,260171,0.0000,1.0
2016-11-21,11.9,11.9,11.125,11.35,11.35,322735,0.0000,1.0
2016-11-18,11.05,11.35,11.0,11.25,11.25,339872,0.0000,1.0
2016-11-17,11.2,11.4,10.75,11.0,11.0,315086,0.0000,1.0
2016-11-16,11.15,11.3,10.946,11.1,11.1,344568,0.0000,1.0
2016-11-15,11.1,11.2335,10.925,11.15,11.15,560324,0.0000,1.0
2016-11-14,11.2,11.25,10.65,11.1,11.1,582672,0.0000,1.0
2016-11-11,10.5,11.0,10.5,10.95,10.95,795744,0.0000,1.0
2016-11-10,10.1,10.7,10.1,10.55,10.55,772159,0.0000,1.0
2016-11-09,9.6,10.075,9.46,10.0,10.0,418049,0.0000,1.0
2016-11-08,9.75,9.8,9.5,9.6,9.6,250639,0.0000,1.0
2016-11-07,9.8,9.9,9.65,9.8,9.8,497734,0.0000,1.0
2016-11-04,9.6,9.75,9.35,9.6,9.6,203993,0.0000,1.0
2016-11-03,9.65,9.7,9.55,9.55,9.55,185008,0.0000,1.0
2016-11-02,9.65,9.8,9.55,9.65,9.65,345156,0.0000,1.0
2016-11-01,9.85,9.95,9.65,9.75,9.75,304810,0.0000,1.0
2016-10-31,9.95,10.2,9.7,9.75,9.75,608203,0.0000,1.0
2016-10-28,10.26,10.43,9.95,9.99,9.99,475042,0.0000,1.0
2016-10-27,10.57,10.64,10.17,10.22,10.22,672667,0.0000,1.0
2016-10-26,10.55,10.65,10.32,10.43,10.43,690113,0.0000,1.0
2016-10-25,10.82,10.88,10.63,10.65,10.65,566523,0.0000,1.0
2016-10-24,10.91,11.02,10.78,10.82,10.82,225091,0.0000,1.0
2016-10-21,10.81,10.98,10.64,10.86,10.86,158806,0.0000,1.0
2016-10-20,10.81,10.98,10.81,10.95,10.95,186398,0.0000,1.0
2016-10-19,10.96,10.96,10.62,10.92,10.92,157875,0.0000,1.0
2016-10-18,10.95,11.0,10.84,10.89,10.89,341539,0.0000,1.0
2016-10-17,10.86,10.93,10.66,10.8,10.8,189421,0.0000,1.0
2016-10-14,10.97,10.99,10.65,10.9,10.9,273615,0.0000,1.0
2016-10-13,10.93,11.02,10.78,10.93,10.93,384119,0.0000,1.0
2016-10-12,10.62,10.96,10.51,10.93,10.93,352123,0.0000,1.0
2016-10-11,10.6,10.74,10.071,10.61,10.61,256844,0.0000,1.0
2016-10-10,10.57,10.68,10.46,10.65,10.65,213291,0.0000,1.0
2016-10-07,10.54,10.66,10.34,10.46,10.46,476714,0.0000,1.0
2016-10-06,10.79,10.79,10.462,10.56,10.56,220757,0.0000,1.0
2016-10-05,10.87,11.03,10.82,10.85,10.85,338937,0.0000,1.0
2016-10-04,11.09,11.12,10.67,10.74,10.74,390317,0.0000,1.0
2016-10-03,11.09,11.33,10.991,11.14,11.14,561238,0.0000,1.0
2016-09-30,10.95,11.12,10.71,11.06,11.06,1083019,0.0000,1.0
2016-09-29,10.38,10.92,10.31,10.8,10.8,1052766,0.0000,1.0
2016-09-28,9.89,10.42,9.54,10.35,10.35,914755,0.0000,1.0
2016-09-27,9.9,9.9816,9.72,9.83,9.83,352561,0.0000,1.0
2016-09-26,10.02,10.07,9.87,9.94,9.94,412181,0.0000,1.0
2016-09-23,9.9,10.26,9.781,10.12,10.12,472919,0.0000,1.0
2016-09-22,10.06,10.06,9.87,9.9,9.9,643679,0.0000,1.0
2016-09-21,10.03,10.19,9.8001,9.99,9.99,366435,0.0000,1.0
2016-09-20,10.12,10.22,9.8,9.98,9.98,350702,0.0000,1.0
2016-09-19,10.14,10.31,9.87,10.02,10.02,634988,0.0000,1.0
2016-09-16,10.23,10.26,10.05,10.06,10.06,692571,0.0000,1.0
2016-09-15,9.91,10.25,9.88,10.21,10.21,517553,0.0000,1.0
2016-09-14,10.01,10.04,9.75,9.87,9.87,478783,0.0000,1.0
2016-09-13,10.19,10.27,9.85,9.97,9.97,626011,0.0000,1.0
2016-09-12,9.7,10.335,9.55,10.27,10.27,493537,0.0000,1.0
2016-09-09,10.3,10.33,9.82,9.85,9.85,557178,0.0000,1.0
2016-09-08,10.51,10.5501,10.37,10.38,10.38,314581,0.0000,1.0
2016-09-07,10.49,10.56,10.405,10.47,10.47,533944,0.0000,1.0
2016-09-06,10.48,10.6199,10.33,10.49,10.49,393153,0.0000,1.0
2016-09-02,10.17,10.6,10.17,10.54,10.54,406502,0.0000,1.0
2016-09-01,10.34,10.39,10.02,10.17,10.17,331677,0.0000,1.0
2016-08-31,10.32,10.42,10.1,10.35,10.35,675038,0.0000,1.0
2016-08-30,10.13,10.44,10.12,10.28,10.28,295905,0.0000,1.0
2016-08-29,10.01,10.17,9.99,10.16,10.16,259858,0.0000,1.0
2016-08-26,10.14,10.16,9.9,9.97,9.97,252018,0.0000,1.0
2016-08-25,9.92,10.23,9.92,10.1,10.1,277762,0.0000,1.0
2016-08-24,10.3,10.43,9.87,9.92,9.92,323118,0.0000,1.0
2016-08-23,10.36,10.485,10.12,10.34,10.34,439489,0.0000,1.0
2016-08-22,10.14,10.33,9.96,10.31,10.31,262662,0.0000,1.0
2016-08-19,10.04,10.18,9.94,10.15,10.15,341672,0.0000,1.0
2016-08-18,9.99,10.1,9.9,10.08,10.08,644257,0.0000,1.0
2016-08-17,9.67,10.21,9.5502,9.96,9.96,987405,0.0000,1.0
2016-08-16,9.59,9.59,9.28,9.3,9.3,397601,0.0000,1.0
2016-08-15,9.07,9.675,9.07,9.64,9.64,632747,0.0000,1.0
2016-08-12,9.19,9.3,9.01,9.06,9.06,584016,0.0000,1.0
2016-08-11,9.26,9.47,8.83,9.2,9.2,391648,0.0000,1.0
2016-08-10,9.28,9.36,9.11,9.16,9.16,608185,0.0000,1.0
2016-08-09,9.23,9.62,9.23,9.3,9.3,352681,0.0000,1.0
2016-08-08,9.32,9.61,9.3,9.36,9.36,252424,0.0000,1.0
2016-08-05,9.3,9.45,9.21,9.27,9.27,385701,0.0000,1.0
2016-08-04,9.4,9.76,9.14,9.27,9.27,437937,0.0000,1.0
2016-08-03,9.08,9.29,9.0,9.29,9.29,759250,0.0000,1.0
2016-08-02,9.06,9.19,8.96,9.09,9.09,289079,0.0000,1.0
2016-08-01,9.08,9.27,8.94,9.04,9.04,231210,0.0000,1.0
2016-07-29,8.93,9.1999,8.92,9.06,9.06,276618,0.0000,1.0
2016-07-28,9.12,9.3099,9.09,9.12,9.12,229212,0.0000,1.0
2016-07-27,9.15,9.42,9.03,9.25,9.25,283633,0.0000,1.0
2016-07-26,9.07,9.34,8.96,9.15,9.15,378302,0.0000,1.0
2016-07-25,9.23,9.24,8.97,9.05,9.05,247749,0.0000,1.0
2016-07-22,9.11,9.32,8.96,9.27,9.27,418241,0.0000,1.0
2016-07-21,9.38,9.52,9.13,9.15,9.15,452474,0.0000,1.0
2016-07-20,9.63,9.63,9.31,9.32,9.32,451468,0.0000,1.0
2016-07-19,9.52,9.77,9.3375,9.57,9.57,567548,0.0000,1.0
2016-07-18,9.76,9.83,9.58,9.64,9.64,397424,0.0000,1.0
2016-07-15,9.6,9.8,9.46,9.8,9.8,831377,0.0000,1.0
2016-07-14,9.52,9.59,9.27,9.5,9.5,811547,0.0000,1.0
2016-07-13,9.75,9.75,9.31,9.44,9.44,698154,0.0000,1.0
2016-07-12,9.38,9.73,9.3769,9.66,9.66,823960,0.0000,1.0
2016-07-11,9.0,9.27,8.9,9.24,9.24,761757,0.0000,1.0
2016-07-08,8.88,9.18,8.85,8.97,8.97,1648820,0.0000,1.0
2016-07-07,8.83,9.34,8.54,8.9,8.9,2281495,0.0000,1.0
2016-07-06,7.34,7.67,7.19,7.64,7.64,633414,0.0000,1.0
2016-07-05,7.61,7.66,7.26,7.4,7.4,505138,0.0000,1.0
2016-07-01,7.52,7.73,7.48,7.6,7.6,440006,0.0000,1.0
2016-06-30,7.39,7.5862,7.03,7.56,7.56,598379,0.0000,1.0
2016-06-29,7.12,7.38,7.09,7.34,7.34,499598,0.0000,1.0
2016-06-28,6.78,7.1,6.78,7.01,7.01,399241,0.0000,1.0
2016-06-27,7.45,7.45,6.66,6.85,6.85,680268,0.0000,1.0
2016-06-24,7.1,7.5,6.95,7.5,7.5,1130358,0.0000,1.0
2016-06-23,7.11,7.5,7.03,7.48,7.48,620503,0.0000,1.0
2016-06-22,7.2,7.2,6.92,6.99,6.99,558095,0.0000,1.0
2016-06-21,6.99,7.23,6.945,7.21,7.21,367127,0.0000,1.0
2016-06-20,6.95,7.22,6.93,7.16,7.16,439313,0.0000,1.0
2016-06-17,6.59,6.92,6.58,6.85,6.85,682102,0.0000,1.0
2016-06-16,6.3,6.58,6.26,6.58,6.58,543257,0.0000,1.0
2016-06-15,6.42,6.67,6.34,6.39,6.39,419230,0.0000,1.0
2016-06-14,6.5,6.68,6.28,6.34,6.34,300249,0.0000,1.0
2016-06-13,6.53,6.73,6.49,6.51,6.51,229894,0.0000,1.0
2016-06-10,6.68,6.87,6.5,6.59,6.59,264198,0.0000,1.0
2016-06-09,6.97,7.0499,6.69,6.69,6.69,392444,0.0000,1.0
2016-06-08,7.1,7.13,6.95,6.96,6.96,373962,0.0000,1.0
2016-06-07,7.13,7.24,6.99,7.07,7.07,471338,0.0000,1.0
2016-06-06,6.79,7.15,6.74,7.13,7.13,1206028,0.0000,1.0
2016-06-03,6.84,6.87,6.61,6.77,6.77,521929,0.0000,1.0
2016-06-02,6.58,6.9,6.58,6.85,6.85,459571,0.0000,1.0
2016-06-01,6.68,6.82,6.41,6.78,6.78,533632,0.0000,1.0
2016-05-31,6.84,6.88,6.6304,6.78,6.78,508365,0.0000,1.0
2016-05-27,6.6,6.8,6.5775,6.65,6.65,318598,0.0000,1.0
2016-05-26,6.76,6.76,6.41,6.58,6.58,543833,0.0000,1.0
2016-05-25,6.81,6.94,6.71,6.73,6.73,973816,0.0000,1.0
2016-05-24,6.67,6.84,6.5132,6.7,6.7,814468,0.0000,1.0
2016-05-23,6.27,6.69,6.27,6.57,6.57,710960,0.0000,1.0
2016-05-20,6.09,6.42,6.03,6.27,6.27,798733,0.0000,1.0
2016-05-19,5.88,6.14,5.845,6.03,6.03,415586,0.0000,1.0
2016-05-18,5.92,6.16,5.855,5.92,5.92,377200,0.0000,1.0
2016-05-17,5.81,6.13,5.69,5.91,5.91,888282,0.0000,1.0
2016-05-16,5.73,6.0,5.7,5.81,5.81,607575,0.0000,1.0
2016-05-13,5.56,6.02,5.51,5.69,5.69,867235,0.0000,1.0
2016-05-12,5.89,5.97,5.42,5.56,5.56,1079591,0.0000,1.0
2016-05-11,5.41,6.17,5.41,5.85,5.85,1474763,0.0000,1.0
2016-05-10,4.59,5.92,4.4,5.43,5.43,2185700,0.0000,1.0
2016-05-09,4.87,4.9,4.67,4.76,4.76,357044,0.0000,1.0
2016-05-06,4.63,4.86,4.585,4.86,4.86,447601,0.0000,1.0
2016-05-05,4.87,4.91,4.64,4.64,4.64,250457,0.0000,1.0
2016-05-04,4.8,4.96,4.765,4.84,4.84,256234,0.0000,1.0
2016-05-03,4.9,5.0,4.7,4.87,4.87,340224,0.0000,1.0
2016-05-02,5.02,5.06,4.85,4.98,4.98,354859,0.0000,1.0
2016-04-29,4.88,5.1,4.783,4.95,4.95,689771,0.0000,1.0
2016-04-28,4.84,5.18,4.81,4.87,4.87,1328992,0.0000,1.0
2016-04-27,4.63,4.82,4.624,4.79,4.79,295878,0.0000,1.0
2016-04-26,4.67,4.72,4.6,4.67,4.67,303490,0.0000,1.0
2016-04-25,4.83,4.83,4.55,4.66,4.66,357738,0.0000,1.0
2016-04-22,4.56,4.9001,4.56,4.82,4.82,1285333,0.0000,1.0
2016-04-21,4.58,4.73,4.43,4.51,4.51,437375,0.0000,1.0
2016-04-20,4.45,4.75,4.38,4.55,4.55,659354,0.0000,1.0
2016-04-19,4.35,4.6,4.34,4.4,4.4,567347,0.0000,1.0
2016-04-18,4.09,4.39,4.08,4.28,4.28,634502,0.0000,1.0
2016-04-15,3.99,4.155,3.9572,4.13,4.13,258930,0.0000,1.0
2016-04-14,4.02,4.14,3.99,4.03,4.03,427044,0.0000,1.0
2016-04-13,3.71,4.22,3.71,4.0,4.0,832837,0.0000,1.0
2016-04-12,3.7,3.79,3.62,3.68,3.68,631208,0.0000,1.0
2016-04-11,3.83,4.0,3.66,3.7,3.7,447880,0.0000,1.0
2016-04-08,3.93,4.05,3.64,3.84,3.84,697593,0.0000,1.0
2016-04-07,3.4,4.05,3.39,4.03,4.03,989142,0.0000,1.0
2016-04-06,3.13,3.41,3.11,3.4,3.4,491779,0.0000,1.0
2016-04-05,3.2,3.2101,3.07,3.14,3.14,312738,0.0000,1.0
2016-04-04,3.01,3.5,3.0,3.2,3.2,872652,0.0000,1.0
2016-04-01,2.95,3.02,2.94,2.98,2.98,270925,0.0000,1.0
2016-03-31,3.0,3.05,2.93,2.97,2.97,466176,0.0000,1.0
2016-03-30,3.01,3.05,2.98,3.02,3.02,262148,0.0000,1.0
2016-03-29,3.0,3.04,2.865,2.99,2.99,327958,0.0000,1.0
2016-03-28,2.96,3.05,2.88,3.04,3.04,276917,0.0000,1.0
2016-03-24,2.83,3.02,2.75,2.98,2.98,404614,0.0000,1.0
2016-03-23,2.95,2.96,2.81,2.82,2.82,257795,0.0000,1.0
2016-03-22,2.92,3.03,2.84,2.97,2.97,213833,0.0000,1.0
2016-03-21,2.97,2.98,2.78,2.96,2.96,257730,0.0000,1.0
2016-03-18,2.9,3.08,2.85,3.01,3.01,1863748,0.0000,1.0
2016-03-17,2.78,2.9,2.7715,2.88,2.88,203523,0.0000,1.0
2016-03-16,2.73,2.84,2.71,2.8,2.8,157422,0.0000,1.0
2016-03-15,2.93,2.972,2.68,2.75,2.75,187647,0.0000,1.0
2016-03-14,2.87,2.96,2.79,2.94,2.94,227543,0.0000,1.0
2016-03-11,2.9,2.96,2.75,2.89,2.89,415534,0.0000,1.0
2016-03-10,3.01,3.08,2.81,2.84,2.84,338018,0.0000,1.0
2016-03-09,3.0,3.07,2.945,3.02,3.02,524483,0.0000,1.0
2016-03-08,3.2,3.29,2.94,2.98,2.98,295365,0.0000,1.0
2016-03-07,3.1,3.3999,3.07,3.22,3.22,385985,0.0000,1.0
2016-03-04,3.12,3.33,3.12,3.13,3.13,285717,0.0000,1.0
2016-03-03,3.0,3.32,3.0,3.13,3.13,326297,0.0000,1.0
2016-03-02,2.82,3.08,2.82,3.02,3.02,293082,0.0000,1.0
2016-03-01,2.91,2.95,2.77,2.79,2.79,159679,0.0000,1.0
2016-02-29,2.9,3.09,2.83,2.9,2.9,371960,0.0000,1.0
2016-02-26,2.77,2.91,2.755,2.87,2.87,149059,0.0000,1.0
2016-02-25,2.78,2.8899,2.69,2.78,2.78,151638,0.0000,1.0
2016-02-24,2.83,2.85,2.68,2.8,2.8,289452,0.0000,1.0
2016-02-23,2.94,2.98,2.8,2.86,2.86,210848,0.0000,1.0
2016-02-22,3.0,3.05,2.92,2.96,2.96,667375,0.0000,1.0
2016-02-19,2.76,2.955,2.71,2.92,2.92,1336255,0.0000,1.0
2016-02-18,2.9,2.9,2.79,2.82,2.82,376634,0.0000,1.0
2016-02-17,2.73,2.93,2.51,2.88,2.88,710504,0.0000,1.0
2016-02-16,2.51,2.68,2.475,2.65,2.65,734402,0.0000,1.0
2016-02-12,2.5,2.53,2.44,2.48,2.48,591629,0.0000,1.0
2016-02-11,2.59,2.59,2.47,2.49,2.49,449645,0.0000,1.0
2016-02-10,2.8,2.8,2.6,2.61,2.61,375371,0.0000,1.0
2016-02-09,2.7,2.95,2.55,2.65,2.65,680751,0.0000,1.0
2016-02-08,3.03,3.1,2.8,2.89,2.89,504088,0.0000,1.0
2016-02-05,3.08,3.2,2.9982,3.12,3.12,637100,0.0000,1.0
2016-02-04,2.94,3.25,2.94,3.07,3.07,549994,0.0000,1.0
2016-02-03,2.99,3.1,2.83,2.96,2.96,651325,0.0000,1.0
2016-02-02,3.08,3.21,2.91,2.98,2.98,499780,0.0000,1.0
2016-02-01,3.03,3.16,2.95,3.12,3.12,445294,0.0000,1.0
2016-01-29,3.06,3.325,2.96,3.04,3.04,1100841,0.0000,1.0
2016-01-28,3.3,3.335,2.99,3.0,3.0,817323,0.0000,1.0
2016-01-27,3.22,3.35,3.2,3.25,3.25,865887,0.0000,1.0
2016-01-26,3.13,3.3,3.11,3.3,3.3,433071,0.0000,1.0
2016-01-25,3.33,3.34,3.15,3.15,3.15,378719,0.0000,1.0
2016-01-22,3.34,3.4,3.17,3.34,3.34,489995,0.0000,1.0
2016-01-21,3.15,3.33,3.15,3.29,3.29,514043,0.0000,1.0
2016-01-20,3.02,3.2864,2.95,3.16,3.16,945295,0.0000,1.0
2016-01-19,3.5,3.5,2.93,3.07,3.07,1151120,0.0000,1.0
2016-01-15,3.4,3.5,3.22,3.4,3.4,920837,0.0000,1.0
2016-01-14,3.27,3.56,3.16,3.38,3.38,831755,0.0000,1.0
2016-01-13,3.44,3.59,3.26,3.26,3.26,966308,0.0000,1.0
2016-01-12,3.65,3.81,3.2401,3.39,3.39,933438,0.0000,1.0
2016-01-11,4.03,4.05,3.54,3.65,3.65,985578,0.0000,1.0
2016-01-08,4.53,4.58,4.04,4.04,4.04,1822721,0.0000,1.0
2016-01-07,4.63,4.72,4.56,4.6,4.6,922841,0.0000,1.0
2016-01-06,4.79,4.86,4.56,4.73,4.73,700743,0.0000,1.0
2016-01-05,4.88,4.94,4.76,4.87,4.87,496004,0.0000,1.0
2016-01-04,4.93,5.15,4.6,4.85,4.85,583852,0.0000,1.0
2015-12-31,4.72,5.08,4.69,4.99,4.99,789606,0.0000,1.0
2015-12-30,4.98,4.98,4.75,4.82,4.82,401068,0.0000,1.0
2015-12-29,4.94,5.0,4.77,4.99,4.99,1034147,0.0000,1.0
2015-12-28,5.21,5.24,4.92,4.93,4.93,286373,0.0000,1.0
2015-12-24,5.31,5.44,5.115,5.25,5.25,250559,0.0000,1.0
2015-12-23,5.28,5.48,5.265,5.39,5.39,375060,0.0000,1.0
2015-12-22,5.29,5.31,5.08,5.21,5.21,288758,0.0000,1.0
2015-12-21,4.99,5.39,4.88,5.31,5.31,535687,0.0000,1.0
2015-12-18,4.95,5.05,4.69,4.96,4.96,1313733,0.0000,1.0
2015-12-17,4.79,5.17,4.79,5.0,5.0,667568,0.0000,1.0
2015-12-16,4.78,4.95,4.68,4.8,4.8,629891,0.0000,1.0
2015-12-15,4.86,4.95,4.71,4.72,4.72,451510,0.0000,1.0
2015-12-14,4.81,5.05,4.77,4.86,4.86,919542,0.0000,1.0
2015-12-11,4.99,5.09,4.75,4.85,4.85,381487,0.0000,1.0
2015-12-10,5.12,5.16,5.06,5.13,5.13,147777,0.0000,1.0
2015-12-09,5.13,5.3,5.08,5.14,5.14,162232,0.0000,1.0
2015-12-08,5.06,5.22,4.99,5.17,5.17,329144,0.0000,1.0
2015-12-07,5.28,5.28,5.06,5.1,5.1,269020,0.0000,1.0
2015-12-04,5.37,5.38,5.19,5.26,5.26,435440,0.0000,1.0
2015-12-03,5.45,5.54,5.36,5.38,5.38,372581,0.0000,1.0
2015-12-02,5.76,5.8,5.41,5.45,5.45,304556,0.0000,1.0
2015-12-01,5.8,5.89,5.68,5.74,5.74,233650,0.0000,1.0
2015-11-30,5.78,5.855,5.7,5.79,5.79,374921,0.0000,1.0
2015-11-27,5.69,5.83,5.69,5.78,5.78,172129,0.0000,1.0
2015-11-25,5.68,5.78,5.65,5.73,5.73,288737,0.0000,1.0
2015-11-24,5.71,5.79,5.645,5.71,5.71,149026,0.0000,1.0
2015-11-23,5.66,5.8,5.63,5.75,5.75,224171,0.0000,1.0
2015-11-20,5.67,5.77,5.65,5.71,5.71,407784,0.0000,1.0
2015-11-19,5.81,5.85,5.5,5.62,5.62,374589,0.0000,1.0
2015-11-18,5.58,5.85,5.53,5.85,5.85,310461,0.0000,1.0
2015-11-17,5.67,5.775,5.57,5.58,5.58,552532,0.0000,1.0
2015-11-16,5.44,5.685,5.4,5.67,5.67,443055,0.0000,1.0
2015-11-13,5.61,5.78,5.45,5.49,5.49,513622,0.0000,1.0
2015-11-12,6.21,6.28,5.64,5.67,5.67,444641,0.0000,1.0
2015-11-11,6.53,7.033,6.2,6.22,6.22,286131,0.0000,1.0
2015-11-10,6.58,6.9,6.46,6.52,6.52,282529,0.0000,1.0
2015-11-09,6.78,6.8,6.47,6.51,6.51,122988,0.0000,1.0
2015-11-06,6.64,6.87,6.3,6.8,6.8,225586,0.0000,1.0
2015-11-05,6.67,6.78,6.56,6.64,6.64,116576,0.0000,1.0
2015-11-04,6.81,6.93,6.65,6.69,6.69,217412,0.0000,1.0
2015-11-03,6.85,6.99,6.73,6.78,6.78,221515,0.0000,1.0
2015-11-02,6.65,6.91,6.65,6.84,6.84,256303,0.0000,1.0
2015-10-30,6.68,6.77,6.39,6.66,6.66,275606,0.0000,1.0
2015-10-29,6.65,6.81,6.3311,6.65,6.65,235890,0.0000,1.0
2015-10-28,6.31,6.79,6.31,6.69,6.69,773179,0.0000,1.0
2015-10-27,6.57,6.64,6.225,6.31,6.31,280179,0.0000,1.0
2015-10-26,6.56,6.66,6.47,6.54,6.54,200099,0.0000,1.0
2015-10-23,6.4,6.64,6.16,6.59,6.59,377509,0.0000,1.0
2015-10-22,6.37,6.5,6.23,6.36,6.36,232244,0.0000,1.0
2015-10-21,6.32,6.5,6.23,6.35,6.35,300607,0.0000,1.0
2015-10-20,6.56,6.65,6.27,6.32,6.32,337690,0.0000,1.0
2015-10-19,6.58,6.72,6.55,6.61,6.61,182301,0.0000,1.0
2015-10-16,6.85,6.87,6.57,6.6,6.6,196531,0.0000,1.0
2015-10-15,6.73,6.88,6.635,6.85,6.85,185095,0.0000,1.0
2015-10-14,6.94,6.988,6.73,6.75,6.75,137471,0.0000,1.0
2015-10-13,6.75,6.99,6.75,6.9,6.9,258237,0.0000,1.0
2015-10-12,6.83,6.87,6.7,6.8,6.8,113270,0.0000,1.0
2015-10-09,6.97,7.08,6.76,6.83,6.83,215473,0.0000,1.0
2015-10-08,6.65,7.14,6.41,7.0,7.0,405585,0.0000,1.0
2015-10-07,6.54,6.84,6.49,6.72,6.72,496881,0.0000,1.0
2015-10-06,6.43,6.62,6.34,6.46,6.46,191530,0.0000,1.0
2015-10-05,6.04,6.5,6.04,6.45,6.45,294674,0.0000,1.0
2015-10-02,6.23,6.24,5.93,6.01,6.01,261658,0.0000,1.0
2015-10-01,6.15,6.37,6.12,6.27,6.27,476543,0.0000,1.0
2015-09-30,6.1,6.19,5.97,6.17,6.17,292375,0.0000,1.0
2015-09-29,6.1,6.17,6.02,6.1,6.1,280929,0.0000,1.0
2015-09-28,6.47,6.47,6.1,6.1,6.1,277207,0.0000,1.0
2015-09-25,6.59,6.59,6.262,6.47,6.47,467711,0.0000,1.0
2015-09-24,6.05,6.58,5.97,6.57,6.57,458801,0.0000,1.0
2015-09-23,6.23,6.27,5.97,6.06,6.06,575713,0.0000,1.0
2015-09-22,6.04,6.4316,6.04,6.23,6.23,464516,0.0000,1.0
2015-09-21,6.13,6.25,6.03,6.1,6.1,362679,0.0000,1.0
2015-09-18,6.15,6.29,6.08,6.1,6.1,956245,0.0000,1.0
2015-09-17,6.12,6.21,6.05,6.15,6.15,359907,0.0000,1.0
2015-09-16,6.24,6.29,6.08,6.15,6.15,297657,0.0000,1.0
2015-09-15,6.15,6.24,6.13,6.22,6.22,162015,0.0000,1.0
2015-09-14,6.08,6.2,5.99,6.14,6.14,345921,0.0000,1.0
2015-09-11,6.0,6.05,5.95,6.04,6.04,230184,0.0000,1.0
2015-09-10,5.96,6.03,5.92,6.0,6.0,172559,0.0000,1.0
2015-09-09,6.13,6.215,5.94,5.98,5.98,203012,0.0000,1.0
2015-09-08,6.02,6.18,5.95,6.1,6.1,238087,0.0000,1.0
2015-09-04,5.9,6.039,5.85,5.9,5.9,196688,0.0000,1.0
2015-09-03,6.08,6.2,5.97,6.0,6.0,359146,0.0000,1.0
2015-09-02,6.19,6.3,6.02,6.18,6.18,392184,0.0000,1.0
2015-09-01,6.29,6.47,6.09,6.13,6.13,501783,0.0000,1.0
2015-08-31,5.84,6.34,5.72,6.32,6.32,399698,0.0000,1.0
2015-08-28,5.7,5.99,5.63,5.83,5.83,346872,0.0000,1.0
2015-08-27,5.79,5.94,5.64,5.75,5.75,470683,0.0000,1.0
2015-08-26,5.73,6.34,5.52,5.78,5.78,663773,0.0000,1.0
2015-08-25,6.29,6.36,5.58,5.65,5.65,762414,0.0000,1.0
2015-08-24,6.05,6.31,5.86,6.15,6.15,589859,0.0000,1.0
2015-08-21,5.89,6.148,5.89,6.08,6.08,476424,0.0000,1.0
2015-08-20,5.99,6.2,5.86,6.05,6.05,291495,0.0000,1.0
2015-08-19,6.08,6.125,5.9,6.07,6.07,653276,0.0000,1.0
2015-08-18,6.16,6.18,6.04,6.08,6.08,196698,0.0000,1.0
2015-08-17,6.13,6.2,5.99,6.14,6.14,363290,0.0000,1.0
2015-08-14,5.78,6.12,5.78,6.12,6.12,322518,0.0000,1.0
2015-08-13,6.03,6.1,5.76,5.77,5.77,188137,0.0000,1.0
2015-08-12,6.02,6.11,5.86,6.06,6.06,311130,0.0000,1.0
2015-08-11,5.97,6.09,5.85,6.03,6.03,494479,0.0000,1.0
2015-08-10,6.15,6.2901,6.11,6.12,6.12,398706,0.0000,1.0
2015-08-07,6.33,6.4,6.13,6.16,6.16,1182288,0.0000,1.0
2015-08-06,6.4,6.692,6.23,6.35,6.35,165772,0.0000,1.0
2015-08-05,6.64,6.75,6.41,6.43,6.43,197131,0.0000,1.0
2015-08-04,6.79,7.13,6.61,6.65,6.65,200154,0.0000,1.0
2015-08-03,7.07,7.08,6.62,6.78,6.78,476605,0.0000,1.0
2015-07-31,6.36,7.12,6.36,7.09,7.09,494189,0.0000,1.0
2015-07-30,6.38,6.47,6.03,6.34,6.34,418611,0.0000,1.0
2015-07-29,6.29,6.475,6.24,6.29,6.29,360951,0.0000,1.0
2015-07-28,6.17,6.32,5.95,6.305,6.305,406232,0.0000,1.0
2015-07-27,5.95,6.12,5.29,6.02,6.02,184935,0.0000,1.0
2015-07-24,6.1,6.195,6.0001,6.03,6.03,404690,0.0000,1.0
2015-07-23,6.23,6.27,6.05,6.08,6.08,454618,0.0000,1.0
2015-07-22,6.23,6.33,6.18,6.19,6.19,469376,0.0000,1.0
2015-07-21,6.42,6.47,6.23,6.355,6.355,304611,0.0000,1.0
2015-07-20,6.34,6.433,6.24,6.38,6.38,620831,0.0000,1.0
2015-07-17,6.72,6.72,6.1,6.48,6.48,975088,0.0000,1.0
2015-07-16,7.06,7.09,6.72,6.74,6.74,425233,0.0000,1.0
2015-07-15,7.03,7.07,6.93,7.06,7.06,555577,0.0000,1.0
2015-07-14,7.19,7.276,7.05,7.06,7.06,404765,0.0000,1.0
2015-07-13,7.15,7.23,7.13,7.2,7.2,304746,0.0000,1.0
2015-07-10,7.03,7.24,7.004,7.15,7.15,336728,0.0000,1.0
2015-07-09,7.15,7.18,6.98,7.04,7.04,706164,0.0000,1.0
2015-07-08,7.14,7.235,7.0,7.06,7.06,719647,0.0000,1.0
2015-07-07,7.2,7.23,7.01,7.21,7.21,490973,0.0000,1.0
2015-07-06,7.23,7.34,7.11,7.18,7.18,374474,0.0000,1.0
2015-07-02,7.3,7.3606,7.18,7.25,7.25,355616,0.0000,1.0
2015-07-01,7.51,7.58,7.23,7.315,7.315,236766,0.0000,1.0
2015-06-30,7.46,7.56,7.33,7.43,7.43,402905,0.0000,1.0
2015-06-29,7.6,7.66,7.37,7.39,7.39,490254,0.0000,1.0
2015-06-26,7.82,7.8557,7.495,7.66,7.66,1306402,0.0000,1.0
2015-06-25,8.2,8.2,7.74,7.82,7.82,373803,0.0000,1.0
2015-06-24,8.2,8.34,8.16,8.24,8.24,519614,0.0000,1.0
2015-06-23,8.08,8.27,8.06,8.17,8.17,532691,0.0000,1.0
2015-06-22,7.96,8.09,7.9,8.05,8.05,495459,0.0000,1.0
2015-06-19,7.45,7.99,7.41,7.95,7.95,1257167,0.0000,1.0
2015-06-18,7.27,7.44,7.174,7.4,7.4,314967,0.0000,1.0
2015-06-17,7.3,7.41,7.18,7.21,7.21,442815,0.0000,1.0
2015-06-16,7.39,7.46,7.21,7.29,7.29,495871,0.0000,1.0
2015-06-15,7.21,7.52,7.1,7.43,7.43,930363,0.0000,1.0
2015-06-12,7.23,7.32,7.105,7.23,7.23,958732,0.0000,1.0
2015-06-11,7.4,7.4,7.21,7.24,7.24,468821,0.0000,1.0
2015-06-10,7.53,7.61,7.38,7.4,7.4,580407,0.0000,1.0
2015-06-09,7.61,7.7099,7.44,7.44,7.44,444163,0.0000,1.0
2015-06-08,7.7,7.81,7.61,7.62,7.62,343481,0.0000,1.0
2015-06-05,7.7,7.8,7.59,7.74,7.74,329149,0.0000,1.0
2015-06-04,7.78,7.82,7.64,7.71,7.71,495815,0.0000,1.0
2015-06-03,7.85,7.9,7.65,7.77,7.77,417848,0.0000,1.0
2015-06-02,7.7,7.85,7.58,7.75,7.75,976106,0.0000,1.0
2015-06-01,8.04,8.12,7.73,7.75,7.75,357983,0.0000,1.0
2015-05-29,7.86,8.01,7.85,7.94,7.94,321983,0.0000,1.0
2015-05-28,7.84,7.96,7.84,7.9,7.9,419893,0.0000,1.0
2015-05-27,7.96,8.0,7.72,7.84,7.84,1552957,0.0000,1.0
2015-05-26,8.16,8.18,7.77,7.87,7.87,500887,0.0000,1.0
2015-05-22,8.34,8.4,8.15,8.19,8.19,331822,0.0000,1.0
2015-05-21,8.7,8.7,8.249,8.33,8.33,1090367,0.0000,1.0
2015-05-20,9.04,9.05,8.9,8.99,8.99,167557,0.0000,1.0
2015-05-19,9.15,9.15,8.92,9.0,9.0,319631,0.0000,1.0
2015-05-18,9.1,9.25,9.08,9.17,9.17,190133,0.0000,1.0
2015-05-15,9.27,9.32,9.07,9.12,9.12,222981,0.0000,1.0
2015-05-14,9.07,9.38,9.04,9.3,9.3,292121,0.0000,1.0
2015-05-13,9.21,9.22,9.04,9.05,9.05,265903,0.0000,1.0
2015-05-12,8.81,9.16,8.69,9.09,9.09,350645,0.0000,1.0
2015-05-11,9.03,9.2199,8.79,8.8,8.8,480949,0.0000,1.0
2015-05-08,8.75,9.21,8.67,9.02,9.02,530962,0.0000,1.0
2015-05-07,8.87,8.89,8.51,8.64,8.64,338712,0.0000,1.0
2015-05-06,8.73,8.91,8.55,8.9,8.9,339184,0.0000,1.0
2015-05-05,8.58,8.75,8.49,8.69,8.69,432403,0.0000,1.0
2015-05-04,8.41,8.68,8.39,8.64,8.64,451024,0.0000,1.0
2015-05-01,9.15,9.15,7.68,8.41,8.41,1450841,0.0000,1.0
2015-04-30,9.14,9.34,9.12,9.2,9.2,358029,0.0000,1.0
2015-04-29,9.25,9.35,9.13,9.18,9.18,247268,0.0000,1.0
2015-04-28,9.14,9.38,9.14,9.3,9.3,399366,0.0000,1.0
2015-04-27,9.19,9.48,9.11,9.15,9.15,576695,0.0000,1.0
2015-04-24,9.4,9.44,9.2,9.22,9.22,222185,0.0000,1.0
2015-04-23,9.17,9.38,9.17,9.37,9.37,267393,0.0000,1.0
2015-04-22,9.24,9.26,9.11,9.21,9.21,190218,0.0000,1.0
2015-04-21,9.34,9.35,9.21,9.24,9.24,164846,0.0000,1.0
2015-04-20,9.25,9.34,9.15,9.3,9.3,285884,0.0000,1.0
2015-04-17,9.37,9.37,9.13,9.16,9.16,321447,0.0000,1.0
2015-04-16,9.44,9.58,9.38,9.42,9.42,475481,0.0000,1.0
2015-04-15,9.47,9.51,9.38,9.45,9.45,510503,0.0000,1.0
2015-04-14,9.41,9.49,9.295,9.4,9.4,374692,0.0000,1.0
2015-04-13,9.45,9.54,9.32,9.34,9.34,268210,0.0000,1.0
2015-04-10,9.54,9.7,9.37,9.47,9.47,273695,0.0000,1.0
2015-04-09,9.79,9.878,9.57,9.6,9.6,203109,0.0000,1.0
2015-04-08,9.7,9.87,9.69,9.8,9.8,375119,0.0000,1.0
2015-04-07,9.52,9.75,9.52,9.68,9.68,307451,0.0000,1.0
2015-04-06,9.5,9.59,9.42,9.54,9.54,311089,0.0000,1.0
2015-04-02,9.21,9.58,9.192,9.52,9.52,389336,0.0000,1.0
2015-04-01,9.11,9.37,9.07,9.3,9.3,216784,0.0000,1.0
2015-03-31,9.1,9.4,9.08,9.13,9.13,469807,0.0000,1.0
2015-03-30,9.55,9.55,9.1,9.16,9.16,642265,0.0000,1.0
2015-03-27,9.5,9.76,9.42,9.47,9.47,351716,0.0000,1.0
2015-03-26,9.99,9.99,9.38,9.46,9.46,1141367,0.0000,1.0
2015-03-25,10.52,10.552,10.03,10.05,10.05,490219,0.0000,1.0
2015-03-24,10.57,10.57,10.44,10.5,10.5,350032,0.0000,1.0
2015-03-23,10.5,10.65,10.49,10.54,10.54,258345,0.0000,1.0
2015-03-20,10.56,10.57,10.42,10.48,10.48,472831,0.0000,1.0
2015-03-19,10.63,10.76,10.44,10.49,10.49,180271,0.0000,1.0
2015-03-18,10.63,10.7,10.54,10.65,10.65,284730,0.0000,1.0
2015-03-17,10.59,10.74,10.48,10.69,10.69,308653,0.0000,1.0
2015-03-16,10.68,10.68,10.44,10.56,10.56,225751,0.0000,1.0
2015-03-13,10.6,10.64,10.46,10.61,10.61,218073,0.0000,1.0
2015-03-12,10.37,10.71,10.37,10.6,10.6,359916,0.0000,1.0
2015-03-11,10.25,10.35,10.18,10.29,10.29,357409,0.0000,1.0
2015-03-10,10.15,10.39,10.15,10.18,10.18,220167,0.0000,1.0
2015-03-09,10.14,10.29,10.12,10.29,10.29,234290,0.0000,1.0
2015-03-06,10.13,10.355,10.02,10.11,10.11,262492,0.0000,1.0
2015-03-05,10.0,10.23,9.88,10.19,10.19,302514,0.0000,1.0
2015-03-04,10.09,10.1,9.73,10.0,10.0,438291,0.0000,1.0
2015-03-03,10.1,10.2,9.99,10.11,10.11,269434,0.0000,1.0
2015-03-02,10.45,10.46,9.86,10.15,10.15,374759,0.0000,1.0
2015-02-27,10.36,10.58,10.27,10.44,10.44,262561,0.0000,1.0
2015-02-26,10.32,10.4,10.28,10.31,10.31,127494,0.0000,1.0
2015-02-25,10.15,10.4,10.15,10.32,10.32,312077,0.0000,1.0
2015-02-24,10.44,10.566,10.17,10.19,10.19,364651,0.0000,1.0
2015-02-23,10.38,10.45,10.23,10.43,10.43,284851,0.0000,1.0
2015-02-20,10.36,10.425,10.23,10.37,10.37,394550,0.0000,1.0
2015-02-19,9.96,10.42,9.96,10.36,10.36,288771,0.0000,1.0
2015-02-18,10.12,10.14,9.89,10.01,10.01,194667,0.0000,1.0
2015-02-17,9.92,10.19,9.92,10.14,10.14,165745,0.0000,1.0
2015-02-13,10.26,10.3516,9.94,9.96,9.96,316277,0.0000,1.0
2015-02-12,10.01,10.27,10.0,10.25,10.25,205053,0.0000,1.0
2015-02-11,10.07,10.15,9.91,9.92,9.92,183353,0.0000,1.0
2015-02-10,10.34,10.34,9.99,10.06,10.06,474970,0.0000,1.0
2015-02-09,10.5,10.62,10.16,10.27,10.27,313641,0.0000,1.0
2015-02-06,10.26,10.535,10.2025,10.51,10.51,762848,0.0000,1.0
2015-02-05,10.37,10.39,10.11,10.26,10.26,399297,0.0000,1.0
2015-02-04,10.34,10.63,10.28,10.315,10.315,349102,0.0000,1.0
2015-02-03,9.95,10.41,9.95,10.37,10.37,764767,0.0000,1.0
2015-02-02,10.31,10.38,9.82,10.0,10.0,738051,0.0000,1.0
2015-01-30,10.31,10.54,10.26,10.31,10.31,640290,0.0000,1.0
2015-01-29,10.4,10.58,9.95,10.46,10.46,1146624,0.0000,1.0
2015-01-28,10.71,11.12,10.215,10.34,10.34,2016931,0.0000,1.0
2015-01-27,12.09,12.18,11.565,11.62,11.62,391187,0.0000,1.0
2015-01-26,12.19,12.35,12.0,12.25,12.25,347823,0.0000,1.0
2015-01-23,11.96,12.23,11.96,12.23,12.23,374926,0.0000,1.0
2015-01-22,11.59,12.05,11.415,11.94,11.94,341205,0.0000,1.0
2015-01-21,11.81,12.05,11.41,11.58,11.58,704537,0.0000,1.0
2015-01-20,12.14,12.208,11.82,11.82,11.82,318976,0.0000,1.0
2015-01-16,12.01,12.0901,11.92,12.075,12.075,314282,0.0000,1.0
2015-01-15,12.1,12.26,11.91,12.04,12.04,676675,0.0000,1.0
2015-01-14,11.69,12.11,11.62,12.07,12.07,297684,0.0000,1.0
2015-01-13,11.68,12.05,11.65,11.87,11.87,578653,0.0000,1.0
2015-01-12,11.56,11.62,11.4,11.58,11.58,287298,0.0000,1.0
2015-01-09,11.89,11.89,11.405,11.51,11.51,292432,0.0000,1.0
2015-01-08,11.47,11.99,11.38,11.95,11.95,623006,0.0000,1.0
2015-01-07,11.3,11.48,11.22,11.42,11.42,428114,0.0000,1.0
2015-01-06,11.57,11.57,11.15,11.25,11.25,385721,0.0000,1.0
2015-01-05,11.55,11.825,11.41,11.49,11.49,271684,0.0000,1.0
2015-01-02,11.85,11.93,11.5,11.66,11.66,246617,0.0000,1.0
2014-12-31,11.93,12.075,11.74,11.75,11.75,318591,0.0000,1.0
2014-12-30,11.86,11.979,11.81,11.92,11.92,275864,0.0000,1.0
2014-12-29,11.66,11.97,11.48,11.86,11.86,325258,0.0000,1.0
2014-12-26,11.54,11.91,11.41,11.69,11.69,254362,0.0000,1.0
2014-12-24,11.66,11.69,11.18,11.48,11.48,161402,0.0000,1.0
2014-12-23,11.73,11.841,11.6,11.675,11.675,264246,0.0000,1.0
2014-12-22,11.83,11.85,11.57,11.71,11.71,594626,0.0000,1.0
2014-12-19,11.44,11.99,11.37,11.9,11.9,1172104,0.0000,1.0
2014-12-18,11.48,11.5599,11.34,11.45,11.45,554369,0.0000,1.0
2014-12-17,11.01,11.31,10.83,11.3,11.3,376935,0.0000,1.0
2014-12-16,10.87,11.18,10.66,10.99,10.99,571126,0.0000,1.0
2014-12-15,11.14,11.24,10.73,10.87,10.87,655765,0.0000,1.0
2014-12-12,10.81,11.21,10.79,11.13,11.13,567217,0.0000,1.0
2014-12-11,10.77,11.1,10.71,10.93,10.93,115520,0.0000,1.0
2014-12-10,11.07,11.07,10.67,10.68,10.68,125566,0.0000,1.0
2014-12-09,10.61,11.098,10.53,11.08,11.08,507024,0.0000,1.0
2014-12-08,10.51,10.93,10.49,10.67,10.67,416073,0.0000,1.0
2014-12-05,10.86,11.09,10.49,10.58,10.58,811334,0.0000,1.0
2014-12-04,10.37,10.65,10.171,10.53,10.53,477079,0.0000,1.0
2014-12-03,10.4,10.68,10.36,10.4,10.4,319546,0.0000,1.0
2014-12-02,10.71,10.72,10.36,10.43,10.43,381466,0.0000,1.0
2014-12-01,10.83,10.84,10.52,10.66,10.66,415775,0.0000,1.0
2014-11-28,10.4,11.1,10.4,10.89,10.89,489177,0.0000,1.0
2014-11-26,10.96,11.02,10.9,10.96,10.96,220067,0.0000,1.0
2014-11-25,10.98,11.005,10.82,10.99,10.99,373820,0.0000,1.0
2014-11-24,10.92,11.03,10.85,10.94,10.94,390415,0.0000,1.0
2014-11-21,10.99,11.01,10.8,10.94,10.94,312051,0.0000,1.0
2014-11-20,10.64,10.91,10.64,10.89,10.89,268422,0.0000,1.0
2014-11-19,10.75,10.81,10.5,10.68,10.68,319272,0.0000,1.0
2014-11-18,10.8,10.84,10.52,10.8,10.8,337797,0.0000,1.0
2014-11-17,10.97,10.98,10.68,10.77,10.77,482712,0.0000,1.0
2014-11-14,11.16,11.16,10.89,10.97,10.97,540673,0.0000,1.0
2014-11-13,11.36,11.69,11.11,11.18,11.18,600692,0.0000,1.0
2014-11-12,10.87,11.28,10.84,11.28,11.28,614913,0.0000,1.0
2014-11-11,11.02,11.15,10.86,10.94,10.94,378550,0.0000,1.0
2014-11-10,10.83,11.02,10.75,10.99,10.99,609638,0.0000,1.0
2014-11-07,10.79,11.05,10.24,10.875,10.875,660424,0.0000,1.0
2014-11-06,10.94,11.1,10.87,11.06,11.06,714640,0.0000,1.0
2014-11-05,10.89,11.04,10.74,10.89,10.89,288617,0.0000,1.0
2014-11-04,10.75,10.83,10.55,10.83,10.83,532834,0.0000,1.0
2014-11-03,11.28,11.28,10.75,10.76,10.76,505246,0.0000,1.0
2014-10-31,11.0,11.33,10.92,11.28,11.28,718619,0.0000,1.0
2014-10-30,10.65,10.93,10.65,10.92,10.92,751813,0.0000,1.0
2014-10-29,10.5,10.755,10.4,10.65,10.65,487958,0.0000,1.0
2014-10-28,9.89,10.46,9.82,10.44,10.44,518961,0.0000,1.0
2014-10-27,10.39,10.4,10.06,10.17,10.17,444086,0.0000,1.0
2014-10-24,9.93,10.49,9.93,10.47,10.47,590298,0.0000,1.0
2014-10-23,9.75,10.095,9.74,9.89,9.89,611384,0.0000,1.0
2014-10-22,9.88,9.97,9.645,9.68,9.68,365935,0.0000,1.0
2014-10-21,9.97,10.01,9.75,9.9,9.9,436197,0.0000,1.0
2014-10-20,9.14,10.31,9.08,9.93,9.93,1197460,0.0000,1.0
2014-10-17,9.68,9.68,9.12,9.17,9.17,367814,0.0000,1.0
2014-10-16,9.35,9.59,9.1,9.55,9.55,447735,0.0000,1.0
2014-10-15,8.89,9.48,8.8,9.39,9.39,869399,0.0000,1.0
2014-10-14,8.85,9.04,8.68,8.95,8.95,584976,0.0000,1.0
2014-10-13,8.62,8.81,8.611,8.72,8.72,464147,0.0000,1.0
2014-10-10,8.66,8.85,8.57,8.65,8.65,674094,0.0000,1.0
2014-10-09,8.98,9.095,8.72,8.72,8.72,1606502,0.0000,1.0
2014-10-08,9.01,9.1,8.69,9.01,9.01,1015924,0.0000,1.0
2014-10-07,8.43,9.36,8.25,8.96,8.96,3544449,0.0000,1.0
2014-10-06,9.81,10.485,9.75,9.95,9.95,547293,0.0000,1.0
2014-10-03,10.14,10.14,9.76,9.79,9.79,347948,0.0000,1.0
2014-10-02,9.93,10.12,9.79,10.04,10.04,325763,0.0000,1.0
2014-10-01,9.9,10.24,9.79,9.92,9.92,480008,0.0000,1.0
2014-09-30,9.96,9.99,9.87,9.91,9.91,633299,0.0000,1.0
2014-09-29,9.88,9.99,9.78,9.93,9.93,454255,0.0000,1.0
2014-09-26,9.95,10.04,9.88,9.96,9.96,215524,0.0000,1.0
2014-09-25,10.12,10.18,9.763,9.93,9.93,396072,0.0000,1.0
2014-09-24,10.17,10.19,10.03,10.18,10.18,350717,0.0000,1.0
2014-09-23,10.26,10.377,10.09,10.12,10.12,297700,0.0000,1.0
2014-09-22,10.43,10.43,10.235,10.3,10.3,420600,0.0000,1.0
2014-09-19,10.7,10.865,10.46,10.48,10.48,1178600,0.0000,1.0
2014-09-18,10.95,10.99,10.665,10.69,10.69,501200,0.0000,1.0
2014-09-17,10.5,10.89,10.5,10.88,10.88,666300,0.0000,1.0
2014-09-16,10.33,10.63,10.31,10.45,10.45,501200,0.0000,1.0
2014-09-15,10.17,10.43,10.07,10.38,10.38,382000,0.0000,1.0
2014-09-12,10.37,10.39,10.09,10.2,10.2,297500,0.0000,1.0
2014-09-11,10.12,10.35,10.092,10.34,10.34,447200,0.0000,1.0
2014-09-10,10.18,10.26,10.03,10.15,10.15,315000,0.0000,1.0
2014-09-09,10.12,10.26,10.09,10.2,10.2,591800,0.0000,1.0
2014-09-08,10.23,10.27,10.03,10.12,10.12,482800,0.0000,1.0
2014-09-05,10.3,10.38,10.22,10.29,10.29,325400,0.0000,1.0
2014-09-04,10.78,10.78,10.255,10.4,10.4,659400,0.0000,1.0
2014-09-03,10.74,10.905,10.67,10.74,10.74,398000,0.0000,1.0
2014-09-02,10.64,10.79,10.49,10.68,10.68,541400,0.0000,1.0
2014-08-29,10.52,10.66,10.43,10.63,10.63,346100,0.0000,1.0
2014-08-28,10.41,10.64,10.34,10.51,10.51,294700,0.0000,1.0
2014-08-27,10.58,10.7,10.43,10.48,10.48,329300,0.0000,1.0
2014-08-26,10.5,10.64,10.41,10.59,10.59,368700,0.0000,1.0
2014-08-25,10.59,10.71,10.38,10.5,10.5,302900,0.0000,1.0
2014-08-22,10.7,10.798,10.52,10.58,10.58,231000,0.0000,1.0
2014-08-21,10.72,10.79,10.6,10.7,10.7,272300,0.0000,1.0
2014-08-20,10.82,10.96,10.62,10.735,10.735,510200,0.0000,1.0
2014-08-19,10.49,10.79,10.43,10.75,10.75,805900,0.0000,1.0
2014-08-18,10.15,10.42,10.1,10.41,10.41,496900,0.0000,1.0
2014-08-15,9.97,10.22,9.7902,10.04,10.04,1353700,0.0000,1.0
2014-08-14,9.83,9.979,9.715,9.8,9.8,595100,0.0000,1.0
2014-08-13,9.71,9.87,9.65,9.78,9.78,452300,0.0000,1.0
2014-08-12,9.74,9.79,9.6,9.7,9.7,418600,0.0000,1.0
2014-08-11,9.74,9.86,9.68,9.75,9.75,330000,0.0000,1.0
2014-08-08,9.66,9.82,9.54,9.7,9.7,412600,0.0000,1.0
2014-08-07,9.65,9.715,9.48,9.65,9.65,555600,0.0000,1.0
2014-08-06,9.44,9.7,9.44,9.59,9.59,429900,0.0000,1.0
2014-08-05,9.5,9.72,9.39,9.51,9.51,367000,0.0000,1.0
2014-08-04,9.35,9.55,9.31,9.51,9.51,864800,0.0000,1.0
2014-08-01,9.77,9.8,9.29,9.31,9.31,1022800,0.0000,1.0
2014-07-31,9.7,9.95,9.66,9.79,9.79,1154500,0.0000,1.0
2014-07-30,9.78,10.31,9.75,9.95,9.95,1191300,0.0000,1.0
2014-07-29,9.54,9.84,9.48,9.74,9.74,716700,0.0000,1.0
2014-07-28,9.56,9.69,9.42,9.51,9.51,858000,0.0000,1.0
2014-07-25,9.75,9.75,9.495,9.55,9.55,384400,0.0000,1.0
2014-07-24,9.68,9.98,9.67,9.77,9.77,1096900,0.0000,1.0
2014-07-23,9.52,9.72,9.49,9.66,9.66,1330900,0.0000,1.0
2014-07-22,9.76,9.83,9.43,9.53,9.53,2209700,0.0000,1.0
2014-07-21,10.2,10.28,9.5,9.76,9.76,4699400,0.0000,1.0
2014-07-18,11.02,11.15,10.97,11.12,11.12,427400,0.0000,1.0
2014-07-17,11.04,11.2,10.99,11.06,11.06,696000,0.0000,1.0
2014-07-16,11.17,11.17,10.99,11.09,11.09,386100,0.0000,1.0
2014-07-15,11.12,11.22,10.98,11.1,11.1,447600,0.0000,1.0
2014-07-14,11.19,11.3,11.0,11.11,11.11,576100,0.0000,1.0
2014-07-11,11.25,11.345,10.97,11.2,11.2,824400,0.0000,1.0
2014-07-10,11.36,11.57,11.29,11.31,11.31,726200,0.0000,1.0
2014-07-09,11.6,11.74,11.51,11.58,11.58,340100,0.0000,1.0
2014-07-08,11.63,11.695,11.56,11.59,11.59,762000,0.0000,1.0
2014-07-07,11.73,11.74,11.59,11.68,11.68,566100,0.0000,1.0
2014-07-03,11.73,11.86,11.57,11.74,11.74,706400,0.0000,1.0
2014-07-02,11.72,11.83,11.6,11.65,11.65,339700,0.0000,1.0
2014-07-01,11.56,11.8,11.51,11.67,11.67,918700,0.0000,1.0
2014-06-30,11.49,11.61,11.33,11.55,11.55,626400,0.0000,1.0
2014-06-27,11.47,11.57,11.39,11.47,11.47,786300,0.0000,1.0
2014-06-26,11.63,11.66,11.42,11.53,11.53,296200,0.0000,1.0
2014-06-25,11.34,11.66,11.24,11.6,11.6,1311700,0.0000,1.0
2014-06-24,11.77,11.91,11.3,11.45,11.45,1159900,0.0000,1.0
2014-06-23,11.66,11.76,11.325,11.55,11.55,1026600,0.0000,1.0
2014-06-20,11.63,11.71,11.4501,11.6,11.6,1159300,0.0000,1.0
2014-06-19,11.61,11.75,11.5,11.58,11.58,1902400,0.0000,1.0
2014-06-18,11.8,11.84,11.43,11.61,11.61,9026600,0.0000,1.0
2014-06-17,12.39,12.645,11.72,11.9,11.9,1137100,0.0000,1.0
2014-06-16,12.26,12.5,12.09,12.43,12.43,181900,0.0000,1.0
2014-06-13,12.36,12.46,12.05,12.3,12.3,276400,0.0000,1.0
2014-06-12,12.71,12.76,12.13,12.38,12.38,343800,0.0000,1.0
2014-06-11,12.64,12.96,12.51,12.68,12.68,219500,0.0000,1.0
2014-06-10,12.74,12.83,12.64,12.67,12.67,167200,0.0000,1.0
2014-06-09,12.65,12.85,12.49,12.76,12.76,179500,0.0000,1.0
2014-06-06,12.43,12.78,12.35,12.68,12.68,281700,0.0000,1.0
2014-06-05,12.16,12.4399,11.92,12.34,12.34,240500,0.0000,1.0
2014-06-04,11.83,12.11,11.83,12.08,12.08,209200,0.0000,1.0
2014-06-03,12.21,12.24,11.86,11.9,11.9,355900,0.0000,1.0
2014-06-02,12.2,12.4,12.03,12.29,12.29,243300,0.0000,1.0
2014-05-30,12.48,12.51,12.07,12.22,12.22,383300,0.0000,1.0
2014-05-29,12.57,12.57,12.35,12.48,12.48,237800,0.0000,1.0
2014-05-28,12.54,12.7,12.43,12.49,12.49,315300,0.0000,1.0
2014-05-27,12.51,12.61,12.29,12.61,12.61,382400,0.0000,1.0
2014-05-23,13.03,13.08,12.41,12.48,12.48,507900,0.0000,1.0
2014-05-22,12.31,12.97,12.27,12.89,12.89,760600,0.0000,1.0
2014-05-21,10.45,12.48,10.45,12.45,12.45,1355800,0.0000,1.0
2014-05-20,10.55,10.565,10.32,10.46,10.46,390800,0.0000,1.0
2014-05-19,10.53,10.68,10.5,10.59,10.59,290900,0.0000,1.0
2014-05-16,10.45,10.61,10.32,10.59,10.59,343200,0.0000,1.0
2014-05-15,10.54,10.58,10.3,10.47,10.47,376200,0.0000,1.0
2014-05-14,11.04,11.08,10.6,10.6,10.6,404100,0.0000,1.0
2014-05-13,11.16,11.21,10.87,11.08,11.08,338800,0.0000,1.0
2014-05-12,10.7,11.3105,10.7,11.2,11.2,684800,0.0000,1.0
2014-05-09,10.4,10.77,10.2704,10.68,10.68,251900,0.0000,1.0
2014-05-08,10.37,10.82,10.32,10.44,10.44,282100,0.0000,1.0
2014-05-07,10.45,10.45,10.23,10.37,10.37,380300,0.0000,1.0
2014-05-06,10.52,10.61,10.38,10.41,10.41,318000,0.0000,1.0
2014-05-05,10.71,10.75,10.47,10.57,10.57,370100,0.0000,1.0
2014-05-02,10.62,10.965,10.62,10.76,10.76,387300,0.0000,1.0
2014-05-01,10.38,10.7,10.22,10.6,10.6,534500,0.0000,1.0
2014-04-30,10.97,11.0399,9.8,10.43,10.43,1528000,0.0000,1.0
2014-04-29,11.11,11.22,11.0,11.08,11.08,376100,0.0000,1.0
2014-04-28,11.14,11.16,10.91,11.04,11.04,624500,0.0000,1.0
2014-04-25,10.99,11.17,10.9,11.12,11.12,348000,0.0000,1.0
2014-04-24,11.01,11.25,10.97,11.0,11.0,267800,0.0000,1.0
2014-04-23,11.16,11.37,11.0,11.0,11.0,355800,0.0000,1.0
2014-04-22,11.07,11.21,11.02,11.14,11.14,308200,0.0000,1.0
2014-04-21,11.05,11.19,10.98,11.08,11.08,280100,0.0000,1.0
2014-04-17,11.04,11.14,10.96,11.0,11.0,290100,0.0000,1.0
2014-04-16,11.1,11.17,11.0,11.02,11.02,338500,0.0000,1.0
2014-04-15,11.23,11.24,10.9101,11.05,11.05,425200,0.0000,1.0
2014-04-14,11.25,11.34,11.01,11.16,11.16,360800,0.0000,1.0
2014-04-11,11.09,11.255,10.9,11.11,11.11,456700,0.0000,1.0
2014-04-10,10.99,11.47,10.72,11.22,11.22,901800,0.0000,1.0
2014-04-09,10.68,10.8036,10.52,10.74,10.74,319600,0.0000,1.0
2014-04-08,10.84,10.87,10.5,10.63,10.63,515100,0.0000,1.0
2014-04-07,10.84,10.88,10.54,10.63,10.63,727500,0.0000,1.0
2014-04-04,11.24,11.4,10.82,10.93,10.93,393700,0.0000,1.0
2014-04-03,11.6,11.64,11.16,11.16,11.16,437300,0.0000,1.0
2014-04-02,11.28,11.555,11.22,11.54,11.54,572800,0.0000,1.0
2014-04-01,10.8,11.3,10.8,11.19,11.19,486700,0.0000,1.0
2014-03-31,10.94,11.06,10.76,10.79,10.79,352500,0.0000,1.0
2014-03-28,10.79,11.13,10.69,10.84,10.84,251800,0.0000,1.0
2014-03-27,10.7,11.06,10.5504,10.8,10.8,356500,0.0000,1.0
2014-03-26,11.25,11.52,10.58,10.7,10.7,814900,0.0000,1.0
2014-03-25,11.47,11.69,11.17,11.18,11.18,403000,0.0000,1.0
2014-03-24,12.23,12.53,10.89,11.37,11.37,1262500,0.0000,1.0
2014-03-21,12.22,12.405,12.16,12.23,12.23,784300,0.0000,1.0
2014-03-20,12.22,12.355,12.15,12.21,12.21,270900,0.0000,1.0
2014-03-19,12.47,12.59,12.24,12.27,12.27,378400,0.0000,1.0
2014-03-18,12.22,12.56,12.22,12.44,12.44,397900,0.0000,1.0
2014-03-17,12.11,12.24,12.02,12.19,12.19,359800,0.0000,1.0
2014-03-14,12.21,12.48,12.071,12.12,12.12,502100,0.0000,1.0
2014-03-13,12.84,13.11,12.14,12.29,12.29,672500,0.0000,1.0
2014-03-12,12.74,12.88,12.73,12.8,12.8,263700,0.0000,1.0
2014-03-11,12.93,13.08,12.74,12.82,12.82,243900,0.0000,1.0
2014-03-10,13.04,13.21,12.71,12.9,12.9,417200,0.0000,1.0
2014-03-07,12.85,13.41,12.85,13.05,13.05,506400,0.0000,1.0
2014-03-06,12.9,13.08,12.75,12.82,12.82,345400,0.0000,1.0
2014-03-05,12.67,12.99,12.56,12.89,12.89,437100,0.0000,1.0
2014-03-04,12.41,12.99,12.41,12.72,12.72,449100,0.0000,1.0
2014-03-03,12.5,12.52,12.11,12.27,12.27,461500,0.0000,1.0
2014-02-28,12.57,12.84,12.46,12.64,12.64,572100,0.0000,1.0
2014-02-27,12.33,12.6,12.15,12.55,12.55,387400,0.0000,1.0
2014-02-26,12.71,12.86,12.1,12.32,12.32,633700,0.0000,1.0
2014-02-25,12.92,13.0899,12.58,12.69,12.69,403800,0.0000,1.0
2014-02-24,12.61,13.26,12.5,12.94,12.94,745400,0.0000,1.0
2014-02-21,12.22,12.62,12.15,12.55,12.55,626300,0.0000,1.0
2014-02-20,12.7,12.83,12.0149,12.18,12.18,1195600,0.0000,1.0
2014-02-19,13.01,13.05,12.72,12.73,12.73,404600,0.0000,1.0
2014-02-18,13.15,13.24,12.84,13.11,13.11,434400,0.0000,1.0
2014-02-14,13.34,13.55,12.96,13.15,13.15,575300,0.0000,1.0
2014-02-13,12.36,13.39,12.2501,13.31,13.31,762400,0.0000,1.0
2014-02-12,12.61,12.795,12.15,12.43,12.43,746900,0.0000,1.0
2014-02-11,12.23,12.87,12.1,12.62,12.62,1177900,0.0000,1.0
2014-02-10,11.37,12.49,11.31,12.11,12.11,1359800,0.0000,1.0
2014-02-07,11.38,11.44,11.08,11.33,11.33,412700,0.0000,1.0
2014-02-06,11.03,11.41,10.914,11.31,11.31,464400,0.0000,1.0
2014-02-05,11.06,11.15,10.82,10.98,10.98,767600,0.0000,1.0
2014-02-04,11.07,11.3,10.97,11.08,11.08,800500,0.0000,1.0
2014-02-03,11.35,11.368,10.92,11.0,11.0,824300,0.0000,1.0
2014-01-31,11.12,11.248,10.97,10.98,10.98,653100,0.0000,1.0
2014-01-30,11.14,11.72,11.01,11.29,11.29,989000,0.0000,1.0
2014-01-29,11.16,11.88,10.71,11.25,11.25,4561400,0.0000,1.0
2014-01-28,9.93,10.0,9.22,9.35,9.35,1159500,0.0000,1.0
2014-01-27,10.1,10.27,9.86,9.93,9.93,776200,0.0000,1.0
2014-01-24,10.16,10.34,10.06,10.1,10.1,514600,0.0000,1.0
2014-01-23,10.33,10.48,10.07,10.26,10.26,586600,0.0000,1.0
2014-01-22,10.48,10.48,10.35,10.38,10.38,232500,0.0000,1.0
2014-01-21,10.41,10.53,10.16,10.44,10.44,423600,0.0000,1.0
2014-01-17,10.8,10.8,10.26,10.4,10.4,605400,0.0000,1.0
2014-01-16,10.93,11.0,10.74,10.78,10.78,271100,0.0000,1.0
2014-01-15,11.01,11.1,10.91,10.99,10.99,324900,0.0000,1.0
2014-01-14,10.99,11.06,10.66,10.99,10.99,575000,0.0000,1.0
2014-01-13,11.09,11.18,10.866,10.94,10.94,384600,0.0000,1.0
2014-01-10,10.97,11.19,10.92,11.1,11.1,518300,0.0000,1.0
2014-01-09,11.54,11.58,10.93,10.97,10.97,437900,0.0000,1.0
2014-01-08,11.41,11.6,11.33,11.58,11.58,546500,0.0000,1.0
2014-01-07,11.6,11.62,11.19,11.38,11.38,568800,0.0000,1.0
2014-01-06,11.8,11.8,11.44,11.53,11.53,501900,0.0000,1.0
2014-01-03,11.53,11.92,11.372,11.75,11.75,420600,0.0000,1.0
2014-01-02,11.69,11.7,11.3,11.5,11.5,622900,0.0000,1.0
2013-12-31,11.36,11.73,11.28,11.69,11.69,490100,0.0000,1.0
2013-12-30,11.22,11.45,11.21,11.31,11.31,436800,0.0000,1.0
2013-12-27,11.06,11.23,10.97,11.21,11.21,392300,0.0000,1.0
2013-12-26,10.95,11.08,10.91,11.0,11.0,391100,0.0000,1.0
2013-12-24,10.9,11.07,10.9,10.93,10.93,266000,0.0000,1.0
2013-12-23,11.1,11.24,10.86,10.88,10.88,625100,0.0000,1.0
2013-12-20,10.64,11.13,10.6,11.08,11.08,1252600,0.0000,1.0
2013-12-19,10.53,10.69,10.47,10.59,10.59,410000,0.0000,1.0
2013-12-18,10.52,10.73,10.42,10.58,10.58,894900,0.0000,1.0
2013-12-17,10.62,10.75,10.43,10.48,10.48,517400,0.0000,1.0
2013-12-16,10.39,10.655,10.32,10.62,10.62,591600,0.0000,1.0
2013-12-13,10.1,10.5,10.07,10.31,10.31,374100,0.0000,1.0
2013-12-12,10.14,10.22,9.99,10.12,10.12,544000,0.0000,1.0
2013-12-11,10.3,10.39,10.02,10.12,10.12,579200,0.0000,1.0
2013-12-10,10.4,10.76,10.26,10.31,10.31,523100,0.0000,1.0
2013-12-09,10.64,10.77,9.85,10.33,10.33,1140900,0.0000,1.0
2013-12-06,11.15,11.33,10.95,11.01,11.01,428400,0.0000,1.0
2013-12-05,11.26,11.26,10.88,11.08,11.08,359300,0.0000,1.0
2013-12-04,10.89,11.38,10.89,11.22,11.22,416200,0.0000,1.0
2013-12-03,11.42,11.45,10.74,10.89,10.89,1000300,0.0000,1.0
2013-12-02,11.67,11.705,11.38,11.48,11.48,497400,0.0000,1.0
2013-11-29,11.76,11.77,11.64,11.68,11.68,234500,0.0000,1.0
2013-11-27,11.73,11.81,11.65,11.71,11.71,442800,0.0000,1.0
2013-11-26,11.78,11.85,11.68,11.75,11.75,365800,0.0000,1.0
2013-11-25,11.97,11.97,11.66,11.79,11.79,645600,0.0000,1.0
2013-11-22,12.16,12.16,11.75,11.94,11.94,584900,0.0000,1.0
2013-11-21,11.83,12.29,11.69,12.14,12.14,489300,0.0000,1.0
2013-11-20,12.14,12.159,11.8,11.84,11.84,289400,0.0000,1.0
2013-11-19,12.28,12.31,11.9692,12.13,12.13,353200,0.0000,1.0
2013-11-18,11.87,12.3,11.867,12.24,12.24,496400,0.0000,1.0
2013-11-15,12.04,12.12,11.6499,11.8,11.8,364400,0.0000,1.0
2013-11-14,11.79,12.12,11.63,12.05,12.05,479200,0.0000,1.0
2013-11-13,11.8,11.84,11.64,11.79,11.79,313700,0.0000,1.0
2013-11-12,11.98,12.0,11.74,11.79,11.79,623400,0.0000,1.0
2013-11-11,11.34,12.07,11.34,11.96,11.96,1613800,0.0000,1.0
2013-11-08,13.59,13.79,11.3,11.34,11.34,2663200,0.0000,1.0
2013-11-07,14.74,14.8,13.2,13.58,13.58,2289800,0.0000,1.0
2013-11-06,15.47,15.7,15.44,15.52,15.52,175000,0.0000,1.0
2013-11-05,15.61,15.65,15.41,15.46,15.46,377500,0.0000,1.0
2013-11-04,15.53,15.71,15.45,15.71,15.71,240100,0.0000,1.0
2013-11-01,15.73,15.77,15.46,15.52,15.52,325300,0.0000,1.0
2013-10-31,15.89,15.91,15.58,15.73,15.73,268800,0.0000,1.0
2013-10-30,15.99,16.3,15.86,15.91,15.91,294200,0.0000,1.0
2013-10-29,15.98,16.1,15.9,15.95,15.95,339100,0.0000,1.0
2013-10-28,15.72,15.987,15.582,15.91,15.91,220600,0.0000,1.0
2013-10-25,15.88,15.88,15.45,15.74,15.74,289300,0.0000,1.0
2013-10-24,16.01,16.07,15.77,15.82,15.82,383800,0.0000,1.0
2013-10-23,16.03,16.13,16.02,16.04,16.04,184300,0.0000,1.0
2013-10-22,16.16,16.17,16.0,16.12,16.12,204900,0.0000,1.0
2013-10-21,16.18,16.28,16.09,16.12,16.12,283500,0.0000,1.0
2013-10-18,16.04,16.35,15.9,16.18,16.18,595100,0.0000,1.0
2013-10-17,15.79,15.93,15.79,15.92,15.92,363800,0.0000,1.0
2013-10-16,15.92,15.99,15.56,15.9,15.9,512700,0.0000,1.0
2013-10-15,15.995,16.0881,15.63,15.86,15.86,263000,0.0000,1.0
2013-10-14,15.99,16.0399,15.9,16.02,16.02,296200,0.0000,1.0
2013-10-11,15.81,16.08,15.7001,16.08,16.08,425400,0.0000,1.0
2013-10-10,15.91,16.02,15.78,15.89,15.89,267600,0.0000,1.0
2013-10-09,15.81,15.85,15.63,15.76,15.76,332800,0.0000,1.0
2013-10-08,15.91,15.989,15.8,15.8,15.8,202000,0.0000,1.0
2013-10-07,15.93,15.98,15.68,15.87,15.87,310700,0.0000,1.0
2013-10-04,16.07,16.18,15.94,16.04,16.04,257500,0.0000,1.0
2013-10-03,16.62,16.7,15.93,16.09,16.09,518800,0.0000,1.0
2013-10-02,17.21,17.21,16.6,16.62,16.62,366200,0.0000,1.0
2013-10-01,16.9,17.03,16.81,17.02,17.02,322000,0.0000,1.0
2013-09-30,16.77,16.89,16.608,16.87,16.87,343000,0.0000,1.0
2013-09-27,17.29,17.29,16.85,16.9,16.9,363500,0.0000,1.0
2013-09-26,17.45,17.59,17.2,17.39,17.39,237300,0.0000,1.0
2013-09-25,18.03,18.03,17.41,17.42,17.42,207300,0.0000,1.0
2013-09-24,18.05,18.155,17.912,18.05,18.05,405700,0.0000,1.0
2013-09-23,17.98,18.08,17.8075,18.0,18.0,188700,0.0000,1.0
2013-09-20,18.03,18.12,17.75,18.0,18.0,883000,0.0000,1.0
2013-09-19,18.16,18.16,17.8,18.04,18.04,137800,0.0000,1.0
2013-09-18,17.77,18.08,17.76,18.08,18.08,260300,0.0000,1.0
2013-09-17,17.69,17.81,17.55,17.81,17.81,177100,0.0000,1.0
2013-09-16,17.84,17.88,17.62,17.71,17.71,151800,0.0000,1.0
2013-09-13,17.71,17.845,17.5,17.58,17.58,128400,0.0000,1.0
2013-09-12,17.6,17.79,17.6,17.65,17.65,166300,0.0000,1.0
2013-09-11,17.71,17.8599,17.61,17.63,17.63,141700,0.0000,1.0
2013-09-10,17.56,17.81,17.42,17.81,17.81,244800,0.0000,1.0
2013-09-09,17.3,17.57,17.16,17.52,17.52,160200,0.0000,1.0
2013-09-06,17.53,17.53,16.91,17.29,17.29,102400,0.0000,1.0
2013-09-05,17.36,17.52,17.06,17.4,17.4,149300,0.0000,1.0
2013-09-04,17.08,17.545,17.05,17.41,17.41,201600,0.0000,1.0
2013-09-03,17.2,17.25,16.94,17.05,17.05,194600,0.0000,1.0
2013-08-30,17.04,17.1,16.87,16.98,16.98,263000,0.0000,1.0
2013-08-29,17.0,17.3,16.94,17.07,17.07,265700,0.0000,1.0
2013-08-28,17.03,17.09,16.91,16.93,16.93,167400,0.0000,1.0
2013-08-27,17.04,17.19,16.93,17.02,17.02,337400,0.0000,1.0
2013-08-26,17.39,17.39,17.17,17.18,17.18,224900,0.0000,1.0
2013-08-23,17.44,17.58,17.21,17.4,17.4,161600,0.0000,1.0
2013-08-22,17.18,17.52,17.08,17.45,17.45,129500,0.0000,1.0
2013-08-21,17.36,17.45,17.02,17.18,17.18,171800,0.0000,1.0
2013-08-20,17.34,17.59,17.12,17.41,17.41,235900,0.0000,1.0
2013-08-19,17.69,17.9,17.31,17.35,17.35,167800,0.0000,1.0
2013-08-16,17.7,18.02,17.7,17.77,17.77,173400,0.0000,1.0
2013-08-15,17.95,18.0,17.71,17.79,17.79,130900,0.0000,1.0
2013-08-14,18.1,18.17,17.84,18.11,18.11,229700,0.0000,1.0
2013-08-13,17.96,18.13,17.71,18.1,18.1,116500,0.0000,1.0
2013-08-12,17.6,18.01,17.58,18.01,18.01,249700,0.0000,1.0
2013-08-09,17.84,17.9,17.55,17.66,17.66,114500,0.0000,1.0
2013-08-08,17.91,17.99,17.64,17.86,17.86,147600,0.0000,1.0
2013-08-07,17.9,18.01,17.83,17.88,17.88,193000,0.0000,1.0
2013-08-06,17.93,18.06,17.8,17.95,17.95,230800,0.0000,1.0
2013-08-05,18.47,18.47,17.9,18.03,18.03,276200,0.0000,1.0
2013-08-02,18.4,18.565,18.38,18.53,18.53,222000,0.0000,1.0
2013-08-01,18.18,18.56,18.055,18.52,18.52,216500,0.0000,1.0
2013-07-31,18.31,18.55,17.96,18.08,18.08,222300,0.0000,1.0
2013-07-30,17.97,18.27,17.47,18.22,18.22,368300,0.0000,1.0
2013-07-29,18.09,18.15,17.78,17.97,17.97,179600,0.0000,1.0
2013-07-26,18.46,18.592,17.91,18.17,18.17,220600,0.0000,1.0
2013-07-25,18.77,18.8,18.18,18.63,18.63,233900,0.0000,1.0
2013-07-24,19.31,19.44,18.83,18.94,18.94,153000,0.0000,1.0
2013-07-23,19.19,19.26,18.94,19.2,19.2,210100,0.0000,1.0
2013-07-22,18.5,19.28,18.5,19.17,19.17,282000,0.0000,1.0
2013-07-19,18.66,18.85,18.31,18.57,18.57,234400,0.0000,1.0
2013-07-18,18.66,18.88,18.55,18.74,18.74,135700,0.0000,1.0
2013-07-17,18.41,18.65,18.31,18.63,18.63,113600,0.0000,1.0
2013-07-16,18.46,18.52,17.88,18.29,18.29,246200,0.0000,1.0
2013-07-15,18.76,18.9199,18.45,18.48,18.48,227900,0.0000,1.0
2013-07-12,18.71,19.01,18.71,18.89,18.89,125500,0.0000,1.0
2013-07-11,19.04,19.04,18.47,18.73,18.73,265200,0.0000,1.0
2013-07-10,18.68,19.0,18.53,18.88,18.88,192200,0.0000,1.0
2013-07-09,18.4,18.74,18.21,18.71,18.71,201800,0.0000,1.0
2013-07-08,18.42,18.61,18.13,18.3,18.3,212900,0.0000,1.0
2013-07-05,18.96,18.96,18.27,18.42,18.42,210800,0.0000,1.0
2013-07-03,17.8,18.85,17.775,18.68,18.68,289200,0.0000,1.0
2013-07-02,17.59,17.93,17.2,17.42,17.42,374500,0.0000,1.0
2013-07-01,15.83,17.535,15.57,17.455,17.455,625100,0.0000,1.0
2013-06-28,17.0,17.24,16.83,16.91,16.91,1636300,0.0000,1.0
2013-06-27,17.45,17.5,17.07,17.1,17.1,232600,0.0000,1.0
2013-06-26,17.7,17.89,17.05,17.35,17.35,404100,0.0000,1.0
2013-06-25,18.59,18.59,18.41,18.5,18.5,194200,0.0000,1.0
2013-06-24,18.34,18.575,18.1001,18.38,18.38,374700,0.0000,1.0
2013-06-21,18.42,18.66,17.94,18.4,18.4,888900,0.0000,1.0
2013-06-20,18.82,18.89,18.25,18.38,18.38,359500,0.0000,1.0
2013-06-19,19.25,19.31,19.0,19.11,19.11,104100,0.0000,1.0
2013-06-18,19.24,19.53,19.13,19.3,19.3,216000,0.0000,1.0
2013-06-17,19.1,19.23,18.81,19.17,19.17,193800,0.0000,1.0
2013-06-14,19.26,19.3,18.625,18.88,18.88,168000,0.0000,1.0
2013-06-13,18.87,19.2948,18.69,19.28,19.28,137100,0.0000,1.0
2013-06-12,19.28,19.6,18.84,18.9,18.9,161800,0.0000,1.0
2013-06-11,19.0,19.25,18.85,19.15,19.15,149900,0.0000,1.0
2013-06-10,19.11,19.37,18.94,19.25,19.25,303100,0.0000,1.0
2013-06-07,19.41,19.41,18.98,19.16,19.16,171700,0.0000,1.0
2013-06-06,18.95,19.23,18.8,19.23,19.23,177600,0.0000,1.0
2013-06-05,19.11,19.27,18.87,18.98,18.98,123300,0.0000,1.0
2013-06-04,19.24,19.4,18.89,19.11,19.11,158500,0.0000,1.0
2013-06-03,19.18,19.36,18.76,19.25,19.25,350300,0.0000,1.0
2013-05-31,19.54,19.74,19.13,19.13,19.13,252000,0.0000,1.0
2013-05-30,19.41,19.85,19.31,19.74,19.74,219100,0.0000,1.0
2013-05-29,19.5,19.5,19.08,19.37,19.37,178400,0.0000,1.0
2013-05-28,19.19,19.59,18.83,19.58,19.58,370100,0.0000,1.0
2013-05-24,18.47,18.96,18.22,18.87,18.87,210500,0.0000,1.0
2013-05-23,18.42,18.92,18.4,18.81,18.81,268400,0.0000,1.0
2013-05-22,19.03,19.124,18.42,18.56,18.56,255800,0.0000,1.0
2013-05-21,19.05,19.15,18.9435,19.07,19.07,322800,0.0000,1.0
2013-05-20,19.02,19.15,18.82,19.1,19.1,260100,0.0000,1.0
2013-05-17,18.92,19.02,18.74,19.02,19.02,210800,0.0000,1.0
2013-05-16,18.9,19.16,18.78,18.91,18.91,193900,0.0000,1.0
2013-05-15,18.77,19.04,18.68,19.0,19.0,250300,0.0000,1.0
2013-05-14,18.64,18.98,18.56,18.91,18.91,316300,0.0000,1.0
2013-05-13,18.88,18.935,18.55,18.66,18.66,400100,0.0000,1.0
2013-05-10,19.06,19.1,18.55,18.97,18.97,274900,0.0000,1.0
2013-05-09,19.13,19.299,18.98,19.07,19.07,231200,0.0000,1.0
2013-05-08,19.11,19.27,18.77,19.2,19.2,349400,0.0000,1.0
2013-05-07,19.36,19.36,18.84,19.23,19.23,339200,0.0000,1.0
2013-05-06,19.54,19.8,19.2145,19.35,19.35,350100,0.0000,1.0
2013-05-03,19.6,19.75,19.06,19.58,19.58,643500,0.0000,1.0
2013-05-02,18.66,19.49,18.57,19.26,19.26,665800,0.0000,1.0
2013-05-01,17.5,18.27,17.251,18.03,18.03,894000,0.0000,1.0
2013-04-30,16.75,17.07,16.73,16.9,16.9,586700,0.0000,1.0
2013-04-29,17.15,17.3,16.65,16.77,16.77,937700,0.0000,1.0
2013-04-26,17.3,17.41,17.01,17.04,17.04,682100,0.0000,1.0
2013-04-25,17.02,17.61,17.02,17.33,17.33,409800,0.0000,1.0
2013-04-24,17.06,17.17,16.75,17.0,17.0,799500,0.0000,1.0
2013-04-23,17.88,17.91,17.13,17.19,17.19,687600,0.0000,1.0
2013-04-22,17.69,17.9,17.36,17.74,17.74,383300,0.0000,1.0
2013-04-19,18.13,18.19,17.39,17.75,17.75,584000,0.0000,1.0
2013-04-18,17.85,18.103,17.74,18.04,18.04,315600,0.0000,1.0
2013-04-17,18.02,18.14,17.56,17.86,17.86,350400,0.0000,1.0
2013-04-16,18.25,18.3099,17.95,18.2,18.2,527000,0.0000,1.0
2013-04-15,19.16,19.16,17.76,18.01,18.01,1011900,0.0000,1.0
2013-04-12,20.05,20.1,19.14,19.27,19.27,419900,0.0000,1.0
2013-04-11,19.78,20.23,19.62,20.09,20.09,267300,0.0000,1.0
2013-04-10,19.27,19.815,19.27,19.78,19.78,233100,0.0000,1.0
2013-04-09,19.48,19.54,19.15,19.15,19.15,229300,0.0000,1.0
2013-04-08,19.08,19.43,19.01,19.4,19.4,283700,0.0000,1.0
2013-04-05,18.88,19.129,18.71,19.05,19.05,266900,0.0000,1.0
2013-04-04,19.11,19.36,18.71,19.25,19.25,396900,0.0000,1.0
2013-04-03,19.65,19.65,19.04,19.13,19.13,467800,0.0000,1.0
2013-04-02,20.0,20.17,19.35,19.58,19.58,1002200,0.0000,1.0
2013-04-01,21.25,21.35,20.62,20.85,20.85,289800,0.0000,1.0
2013-03-28,21.42,21.43,21.1,21.3,21.3,136100,0.0000,1.0
2013-03-27,21.23,21.6586,21.19,21.37,21.37,201100,0.0000,1.0
2013-03-26,20.87,21.46,20.85,21.39,21.39,368300,0.0000,1.0
2013-03-25,20.89,21.139,20.61,20.77,20.77,183700,0.0000,1.0
2013-03-22,20.74,20.81,20.52,20.72,20.72,83200,0.0000,1.0
2013-03-21,20.73,21.0,20.58,20.6,20.6,115400,0.0000,1.0
2013-03-20,21.1,21.1,20.68,20.89,20.89,140100,0.0000,1.0
2013-03-19,21.35,21.4099,20.65,20.89,20.89,190900,0.0000,1.0
2013-03-18,21.3,21.59,21.16,21.24,21.24,130200,0.0000,1.0
2013-03-15,21.2,21.87,21.0301,21.43,21.43,473000,0.0000,1.0
2013-03-14,21.17,21.47,20.95,21.13,21.13,288200,0.0000,1.0
2013-03-13,21.33,21.33,21.03,21.12,21.12,105500,0.0000,1.0
2013-03-12,21.36,21.36,21.12,21.27,21.27,132500,0.0000,1.0
2013-03-11,21.54,21.59,21.37,21.4,21.4,207600,0.0000,1.0
2013-03-08,21.75,21.92,21.38,21.69,21.69,194000,0.0000,1.0
2013-03-07,21.36,21.6,21.33,21.59,21.59,224700,0.0000,1.0
2013-03-06,21.25,21.45,21.04,21.41,21.41,168200,0.0000,1.0
2013-03-05,21.12,21.285,20.8601,21.19,21.19,270700,0.0000,1.0
2013-03-04,20.86,21.14,20.51,21.01,21.01,233700,0.0000,1.0
2013-03-01,20.45,21.02,20.34,20.98,20.98,219900,0.0000,1.0
2013-02-28,20.83,21.02,20.65,20.68,20.68,205000,0.0000,1.0
2013-02-27,20.81,21.03,20.75,20.82,20.82,221100,0.0000,1.0
2013-02-26,21.01,21.08,20.655,20.82,20.82,341200,0.0000,1.0
2013-02-25,21.82,21.84,20.98,21.01,21.01,262000,0.0000,1.0
2013-02-22,21.8,21.86,21.471,21.67,21.67,251000,0.0000,1.0
2013-02-21,21.8,21.98,21.411,21.63,21.63,241600,0.0000,1.0
2013-02-20,22.46,22.65,21.84,21.86,21.86,698200,0.0000,1.0
2013-02-19,22.17,22.405,22.0501,22.37,22.37,337000,0.0000,1.0
2013-02-15,22.25,22.46,21.95,22.06,22.06,431500,0.0000,1.0
2013-02-14,21.73,22.23,21.73,22.09,22.09,340100,0.0000,1.0
2013-02-13,21.62,21.86,21.48,21.78,21.78,694300,0.0000,1.0
2013-02-12,21.28,21.51,21.185,21.5,21.5,255600,0.0000,1.0
2013-02-11,21.26,21.42,21.14,21.3,21.3,375200,0.0000,1.0
2013-02-08,21.14,21.36,20.91,21.33,21.33,433800,0.0000,1.0
2013-02-07,21.55,21.55,20.96,21.23,21.23,461000,0.0000,1.0
2013-02-06,21.18,21.56,20.88,21.5,21.5,574900,0.0000,1.0
2013-02-05,21.25,21.2968,20.44,21.24,21.24,700400,0.0000,1.0
2013-02-04,21.7,21.7,20.81,21.08,21.08,766800,0.0000,1.0
2013-02-01,22.38,22.38,21.858,21.91,21.91,481000,0.0000,1.0
2013-01-31,22.15,22.4,22.041,22.2,22.2,390100,0.0000,1.0
2013-01-30,22.6,22.66,22.1,22.25,22.25,349000,0.0000,1.0
2013-01-29,22.7,22.78,22.24,22.7,22.7,516200,0.0000,1.0
2013-01-28,23.49,23.59,22.68,22.79,22.79,411600,0.0000,1.0
2013-01-25,23.49,23.55,23.19,23.47,23.47,317400,0.0000,1.0
2013-01-24,23.32,24.06,23.2836,23.31,23.31,537400,0.0000,1.0
2013-01-23,20.9,23.6,20.89,23.13,23.13,1162300,0.0000,1.0
2013-01-22,20.5,20.74,20.0701,20.68,20.68,434800,0.0000,1.0
2013-01-18,20.48,20.61,20.36,20.49,20.49,180900,0.0000,1.0
2013-01-17,20.29,20.71,20.25,20.5,20.5,386400,0.0000,1.0
2013-01-16,20.43,20.44,20.12,20.13,20.13,333600,0.0000,1.0
2013-01-15,20.59,20.65,20.42,20.54,20.54,283400,0.0000,1.0
2013-01-14,20.46,20.78,20.43,20.66,20.66,450900,0.0000,1.0
2013-01-11,20.82,20.83,20.45,20.51,20.51,373000,0.0000,1.0
2013-01-10,20.9,20.9,20.56,20.76,20.76,216700,0.0000,1.0
2013-01-09,20.4,21.05,20.35,20.79,20.79,332200,0.0000,1.0
2013-01-08,20.22,20.38,20.005,20.34,20.34,202500,0.0000,1.0
2013-01-07,20.27,20.46,20.2,20.29,20.29,141900,0.0000,1.0
2013-01-04,20.18,20.5,20.08,20.31,20.31,299600,0.0000,1.0
2013-01-03,20.16,20.3,20.05,20.07,20.07,282500,0.0000,1.0
2013-01-02,20.3,20.3,20.08,20.19,20.19,559000,0.0000,1.0
2012-12-31,19.58,19.9,19.36,19.89,19.89,333700,0.0000,1.0
2012-12-28,19.49,19.8,19.47,19.6,19.6,200100,0.0000,1.0
2012-12-27,19.82,19.92,19.52,19.65,19.65,227400,0.0000,1.0
2012-12-26,20.0,20.06,19.81,19.8605,19.8605,185700,0.0000,1.0
2012-12-24,19.85,19.99,19.71,19.99,19.99,87300,0.0000,1.0
2012-12-21,19.48,19.94,19.45,19.89,19.89,1108900,0.0000,1.0
2012-12-20,19.74,19.85,19.58,19.83,19.83,374400,0.0000,1.0
2012-12-19,19.6,19.85,19.52,19.73,19.73,958900,0.0000,1.0
2012-12-18,19.1,19.57,19.1,19.55,19.55,403900,0.0000,1.0
2012-12-17,18.66,19.25,18.66,19.25,19.25,239800,0.0000,1.0
2012-12-14,18.77,18.97,18.19,18.62,18.62,576400,0.0000,1.0
2012-12-13,19.35,19.48,19.16,19.35,19.35,337000,0.0000,1.0
2012-12-12,19.78,19.81,19.2901,19.4,19.4,361000,0.0000,1.0
2012-12-11,19.29,19.89,19.24,19.68,19.68,397600,0.0000,1.0
2012-12-10,19.16,19.29,19.0,19.18,19.18,743200,0.0000,1.0
2012-12-07,19.02,19.21,18.85,19.17,19.17,113900,0.0000,1.0
2012-12-06,19.11,19.16,18.8,18.9,18.9,331700,0.0000,1.0
2012-12-05,18.96,19.29,18.7,19.1,19.1,256000,0.0000,1.0
2012-12-04,19.02,19.3,18.67,18.91,18.91,419100,0.0000,1.0
2012-12-03,19.34,19.41,18.99,19.09,19.09,221700,0.0000,1.0
2012-11-30,19.35,19.35,19.14,19.22,19.22,356100,0.0000,1.0
2012-11-29,18.94,19.32,18.57,19.3,19.3,1862100,0.0000,1.0
2012-11-28,18.63,18.83,18.28,18.73,18.73,432500,0.0000,1.0
2012-11-27,18.65,18.94,18.59,18.76,18.76,361200,0.0000,1.0
2012-11-26,18.08,18.72,18.0101,18.71,18.71,426400,0.0000,1.0
2012-11-23,18.18,18.24,18.0101,18.11,18.11,99700,0.0000,1.0
2012-11-21,17.66,18.15,17.25,18.07,18.07,131700,0.0000,1.0
2012-11-20,17.76,17.8099,17.4,17.57,17.57,349200,0.0000,1.0
2012-11-19,17.08,17.85,17.04,17.83,17.83,591500,0.0000,1.0
2012-11-16,16.88,17.0,16.57,16.9097,16.9097,212300,0.0000,1.0
2012-11-15,16.9,17.0,16.6539,16.94,16.94,335500,0.0000,1.0
2012-11-14,17.25,17.28,16.8,16.87,16.87,326800,0.0000,1.0
2012-11-13,17.29,17.3,16.92,17.24,17.24,278100,0.0000,1.0
2012-11-12,18.03,18.03,17.3,17.32,17.32,286000,0.0000,1.0
2012-11-09,17.53,18.24,17.5,17.91,17.91,477300,0.0000,1.0
2012-11-08,17.6,17.93,17.524,17.56,17.56,813300,0.0000,1.0
2012-11-07,18.94,19.15,17.02,17.81,17.81,1573700,0.0000,1.0
2012-11-06,20.5,20.99,20.33,20.75,20.75,433600,0.0000,1.0
2012-11-05,19.8,20.64,19.8,20.37,20.37,424700,0.0000,1.0
2012-11-02,19.9,20.04,19.565,19.74,19.74,220700,0.0000,1.0
2012-11-01,19.73,19.95,19.5101,19.87,19.87,219500,0.0000,1.0
2012-10-31,19.57,19.865,19.53,19.66,19.66,140900,0.0000,1.0
2012-10-26,19.87,20.01,19.7,19.89,19.89,178700,0.0000,1.0
2012-10-25,19.6,19.93,19.5119,19.93,19.93,243600,0.0000,1.0
2012-10-24,19.49,19.56,19.32,19.5,19.5,206500,0.0000,1.0
2012-10-23,19.24,19.48,19.2107,19.36,19.36,276400,0.0000,1.0
2012-10-22,19.11,19.444,19.11,19.41,19.41,284000,0.0000,1.0
2012-10-19,19.53,19.6,19.0,19.21,19.21,360600,0.0000,1.0
2012-10-18,19.03,19.79,19.03,19.63,19.63,470500,0.0000,1.0
2012-10-17,18.77,19.06,18.49,19.03,19.03,608300,0.0000,1.0
2012-10-16,18.71,19.0,18.71,18.79,18.79,597500,0.0000,1.0
2012-10-15,18.94,18.94,18.6,18.7,18.7,634000,0.0000,1.0
2012-10-12,19.53,19.56,18.45,18.94,18.94,753200,0.0000,1.0
2012-10-11,19.36,19.74,19.22,19.62,19.62,648400,0.0000,1.0
2012-10-10,20.0,20.09,19.04,19.29,19.29,811100,0.0000,1.0
2012-10-09,20.4,20.42,19.65,20.02,20.02,735000,0.0000,1.0
2012-10-08,21.85,21.85,19.72,20.39,20.39,1870100,0.0000,1.0
2012-10-05,22.76,22.8983,21.78,21.91,21.91,462400,0.0000,1.0
2012-10-04,22.82,22.975,22.43,22.71,22.71,271000,0.0000,1.0
2012-10-03,23.25,23.45,22.6,22.77,22.77,202600,0.0000,1.0
2012-10-02,23.25,23.32,23.0,23.22,23.22,241100,0.0000,1.0
2012-10-01,23.15,23.25,22.96,23.125,23.125,186500,0.0000,1.0
2012-09-28,22.95,23.05,22.83,22.93,22.93,174000,0.0000,1.0
2012-09-27,22.5,23.08,22.32,23.08,23.08,187400,0.0000,1.0
2012-09-26,23.21,23.21,22.29,22.39,22.39,268000,0.0000,1.0
2012-09-25,24.25,24.28,23.2,23.23,23.23,243500,0.0000,1.0
2012-09-24,24.35,24.354,24.04,24.2,24.2,157300,0.0000,1.0
2012-09-21,24.86,24.93,24.46,24.52,24.52,532100,0.0000,1.0
2012-09-20,24.12,24.63,24.11,24.52,24.52,152400,0.0000,1.0
2012-09-19,24.38,24.38,23.87,24.2,24.2,149100,0.0000,1.0
2012-09-18,24.35,24.35,24.0,24.18,24.18,141400,0.0000,1.0
2012-09-17,24.83,24.89,24.11,24.31,24.31,244500,0.0000,1.0
2012-09-14,24.0,24.98,23.86,24.9,24.9,359300,0.0000,1.0
2012-09-13,23.81,24.5,23.49,24.39,24.39,255500,0.0000,1.0
2012-09-12,23.91,24.169,23.62,23.77,23.77,114000,0.0000,1.0
2012-09-11,24.06,24.21,23.76,23.88,23.88,141300,0.0000,1.0
2012-09-10,23.44,24.28,23.44,24.13,24.13,258800,0.0000,1.0
2012-09-07,22.97,23.45,22.7302,23.44,23.44,284100,0.0000,1.0
2012-09-06,22.55,23.21,22.46,22.83,22.83,202700,0.0000,1.0
2012-09-05,22.94,22.94,22.22,22.43,22.43,213700,0.0000,1.0
2012-09-04,22.61,23.11,22.3012,22.98,22.98,229200,0.0000,1.0
2012-08-31,22.92,22.98,22.5,22.65,22.65,242600,0.0000,1.0
2012-08-30,23.14,23.16,22.69,22.71,22.71,141800,0.0000,1.0
2012-08-29,23.23,23.36,23.0007,23.31,23.31,172900,0.0000,1.0
2012-08-28,23.14,23.41,23.05,23.25,23.25,209100,0.0000,1.0
2012-08-27,23.19,23.31,22.92,23.05,23.05,142800,0.0000,1.0
2012-08-24,22.7,23.42,22.67,23.15,23.15,176200,0.0000,1.0
2012-08-23,23.04,23.17,22.77,22.79,22.79,146100,0.0000,1.0
2012-08-22,23.26,23.42,22.97,23.17,23.17,110400,0.0000,1.0
2012-08-21,23.06,23.64,23.042,23.33,23.33,187800,0.0000,1.0
2012-08-20,23.35,23.39,22.73,22.92,22.92,221400,0.0000,1.0
2012-08-17,23.27,23.49,23.111,23.4,23.4,147900,0.0000,1.0
2012-08-16,23.12,23.455,22.952,23.35,23.35,206400,0.0000,1.0
2012-08-15,22.68,23.189,22.53,23.1,23.1,173100,0.0000,1.0
2012-08-14,23.17,23.215,22.545,22.64,22.64,247600,0.0000,1.0
2012-08-13,23.02,23.16,22.68,23.02,23.02,167100,0.0000,1.0
2012-08-10,23.0,23.1995,22.75,23.13,23.13,205000,0.0000,1.0
2012-08-09,23.02,23.39,22.81,23.01,23.01,136800,0.0000,1.0
2012-08-08,23.0,23.36,22.82,23.13,23.13,172400,0.0000,1.0
2012-08-07,22.6,23.21,22.52,23.02,23.02,191100,0.0000,1.0
2012-08-06,22.41,22.81,22.35,22.53,22.53,122600,0.0000,1.0
2012-08-03,22.14,22.63,22.06,22.49,22.49,137400,0.0000,1.0
2012-08-02,21.72,22.0271,21.39,21.9,21.9,241300,0.0000,1.0
2012-08-01,22.56,22.77,21.82,21.83,21.83,261500,0.0000,1.0
2012-07-31,22.51,22.8,22.43,22.5,22.5,260800,0.0000,1.0
2012-07-30,22.38,22.6,22.25,22.52,22.52,239600,0.0000,1.0
2012-07-27,22.16,22.64,22.01,22.52,22.52,334600,0.0000,1.0
2012-07-26,22.9,23.06,21.98,22.11,22.11,753600,0.0000,1.0
2012-07-25,22.57,23.15,22.19,22.79,22.79,1312700,0.0000,1.0
2012-07-24,24.47,24.47,23.25,23.73,23.73,335600,0.0000,1.0
2012-07-23,24.45,24.505,23.86,24.3,24.3,235200,0.0000,1.0
2012-07-20,24.84,24.98,24.54,24.75,24.75,559200,0.0000,1.0
2012-07-19,25.34,25.432,25.07,25.13,25.13,453000,0.0000,1.0
2012-07-18,24.51,25.37,24.4614,25.29,25.29,320600,0.0000,1.0
2012-07-17,24.44,24.66,24.21,24.49,24.49,236100,0.0000,1.0
2012-07-16,24.13,24.47,23.94,24.35,24.35,314300,0.0000,1.0
2012-07-13,23.51,24.13,23.42,24.03,24.03,271400,0.0000,1.0
2012-07-12,23.26,23.56,23.1,23.46,23.46,213000,0.0000,1.0
2012-07-11,23.34,23.49,23.05,23.41,23.41,306800,0.0000,1.0
2012-07-10,23.84,23.84,23.29,23.37,23.37,285400,0.0000,1.0
2012-07-09,23.46,23.69,23.3118,23.6,23.6,313000,0.0000,1.0
2012-07-06,23.56,23.73,23.49,23.55,23.55,131300,0.0000,1.0
2012-07-05,24.03,24.17,23.83,23.85,23.85,795200,0.0000,1.0
2012-07-03,23.47,24.15,23.43,24.15,24.15,200100,0.0000,1.0
2012-07-02,23.47,23.51,22.7321,23.38,23.38,500300,0.0000,1.0
2012-06-29,23.29,23.47,23.1,23.46,23.46,336400,0.0000,1.0
2012-06-28,22.72,22.8,22.4,22.8,22.8,128800,0.0000,1.0
2012-06-27,22.32,22.94,22.32,22.85,22.85,237800,0.0000,1.0
2012-06-26,22.31,22.3777,22.02,22.24,22.24,127500,0.0000,1.0
2012-06-25,22.1,22.36,22.1,22.27,22.27,204600,0.0000,1.0
2012-06-22,22.51,22.65,22.28,22.38,22.38,871300,0.0000,1.0
2012-06-21,22.63,22.9,22.11,22.42,22.42,312500,0.0000,1.0
2012-06-20,22.66,22.79,22.4235,22.68,22.68,232900,0.0000,1.0
2012-06-19,22.35,23.06,22.26,22.72,22.72,302200,0.0000,1.0
2012-06-18,22.32,22.57,22.1401,22.22,22.22,216000,0.0000,1.0
2012-06-15,22.29,22.51,22.2,22.5,22.5,419400,0.0000,1.0
2012-06-14,22.38,22.88,22.25,22.37,22.37,296900,0.0000,1.0
2012-06-13,22.6,22.84,22.355,22.4,22.4,317100,0.0000,1.0
2012-06-12,22.24,22.62,22.07,22.61,22.61,342100,0.0000,1.0
2012-06-11,22.86,22.86,22.04,22.06,22.06,393300,0.0000,1.0
2012-06-08,22.64,22.8,22.38,22.7,22.7,192700,0.0000,1.0
2012-06-07,23.16,23.16,22.68,22.71,22.71,330900,0.0000,1.0
2012-06-06,22.8,23.02,22.57,22.86,22.86,329400,0.0000,1.0
2012-06-05,22.31,22.87,22.21,22.64,22.64,250600,0.0000,1.0
2012-06-04,22.44,22.6,21.9109,22.34,22.34,333900,0.0000,1.0
2012-06-01,22.89,23.44,22.36,22.4,22.4,635000,0.0000,1.0
2012-05-31,23.76,23.92,23.3,23.6,23.6,325400,0.0000,1.0
2012-05-30,24.21,24.3685,23.77,23.8,23.8,241500,0.0000,1.0
2012-05-29,24.25,24.97,24.15,24.4,24.4,191300,0.0000,1.0
2012-05-25,24.0,24.14,23.8,24.08,24.08,224600,0.0000,1.0
2012-05-24,23.81,24.0,23.6,23.94,23.94,221700,0.0000,1.0
2012-05-23,23.77,23.88,23.06,23.83,23.83,359000,0.0000,1.0
2012-05-22,23.9,24.28,23.82,23.95,23.95,348500,0.0000,1.0
2012-05-21,23.92,23.97,23.77,23.89,23.89,328200,0.0000,1.0
2012-05-18,23.87,24.11,23.7285,23.77,23.77,548000,0.0000,1.0
2012-05-17,24.2,24.21,23.76,23.88,23.88,377500,0.0000,1.0
2012-05-16,24.73,24.822,24.16,24.19,24.19,307500,0.0000,1.0
2012-05-15,24.79,25.11,24.53,24.63,24.63,292000,0.0000,1.0
2012-05-14,24.95,25.2206,24.73,24.73,24.73,522200,0.0000,1.0
2012-05-11,24.96,25.33,24.91,25.21,25.21,336800,0.0000,1.0
2012-05-10,25.09,25.51,24.89,25.1,25.1,208000,0.0000,1.0
2012-05-09,25.01,25.37,24.78,24.85,24.85,408900,0.0000,1.0
2012-05-08,25.21,25.35,24.66,24.99,24.99,432300,0.0000,1.0
2012-05-07,25.36,25.91,25.26,25.32,25.32,322400,0.0000,1.0
2012-05-04,25.86,25.93,25.38,25.43,25.43,265500,0.0000,1.0
2012-05-03,26.47,26.47,25.8706,25.97,25.97,178600,0.0000,1.0
2012-05-02,26.6,26.9199,26.1,26.5,26.5,291200,0.0000,1.0
2012-05-01,26.85,27.27,26.735,26.9,26.9,474000,0.0000,1.0
2012-04-30,26.7,27.065,26.5,26.79,26.79,613300,0.0000,1.0
2012-04-27,27.2,27.41,26.94,27.11,27.11,451000,0.0000,1.0
2012-04-26,26.9,27.22,26.9,27.1,27.1,501600,0.0000,1.0
2012-04-25,26.64,27.105,26.6001,26.94,26.94,567400,0.0000,1.0
2012-04-24,25.87,26.52,25.62,26.33,26.33,718000,0.0000,1.0
2012-04-23,26.01,26.15,25.5,25.77,25.77,923200,0.0000,1.0
2012-04-20,28.38,28.61,25.46,26.21,26.21,3670600,0.0000,1.0
2012-04-19,30.83,31.28,30.11,30.34,30.34,524500,0.0000,1.0
2012-04-18,31.39,31.39,30.84,30.92,30.92,298300,0.0000,1.0
2012-04-17,31.4,31.87,31.01,31.45,31.45,365600,0.0000,1.0
2012-04-16,30.99,31.59,30.88,31.18,31.18,274900,0.0000,1.0
2012-04-13,30.61,31.2,30.61,30.74,30.74,201700,0.0000,1.0
2012-04-12,30.2,30.89,30.18,30.75,30.75,207100,0.0000,1.0
2012-04-11,30.69,30.96,29.93,30.2,30.2,492800,0.0000,1.0
2012-04-10,31.01,31.1186,30.33,30.39,30.39,277900,0.0000,1.0
2012-04-09,31.05,31.33,30.57,31.13,31.13,185800,0.0000,1.0
2012-04-05,31.89,32.04,31.5408,31.75,31.75,141900,0.0000,1.0
2012-04-04,32.57,32.57,31.94,31.96,31.96,263000,0.0000,1.0
2012-04-03,33.27,33.27,32.59,32.8,32.8,156500,0.0000,1.0
2012-04-02,32.34,33.38,32.18,33.21,33.21,272500,0.0000,1.0
2012-03-30,32.86,32.86,32.16,32.455,32.455,305200,0.0000,1.0
2012-03-29,32.35,32.66,32.0,32.55,32.55,177500,0.0000,1.0
2012-03-28,32.61,32.97,32.39,32.55,32.55,252700,0.0000,1.0
2012-03-27,32.79,33.0,32.51,32.7,32.7,287800,0.0000,1.0
2012-03-26,32.52,32.95,32.4301,32.92,32.92,274300,0.0000,1.0
2012-03-23,31.86,32.4,31.86,32.24,32.24,193700,0.0000,1.0
2012-03-22,31.51,32.0,31.4,31.98,31.98,230300,0.0000,1.0
2012-03-21,31.89,32.05,31.57,31.8,31.8,311900,0.0000,1.0
2012-03-20,32.0,32.15,31.53,31.76,31.76,412100,0.0000,1.0
2012-03-19,31.06,32.325,31.0,32.16,32.16,532900,0.0000,1.0
2012-03-16,31.54,31.5701,31.04,31.06,31.06,316500,0.0000,1.0
2012-03-15,31.79,31.79,31.35,31.53,31.53,207800,0.0000,1.0
2012-03-14,31.95,32.03,31.5,31.64,31.64,205300,0.0000,1.0
2012-03-13,31.85,32.02,31.33,32.0,32.0,271500,0.0000,1.0
2012-03-12,31.37,31.75,31.11,31.57,31.57,208700,0.0000,1.0
2012-03-09,30.71,31.51,30.5,31.37,31.37,191100,0.0000,1.0
2012-03-08,30.31,30.63,29.96,30.6,30.6,216700,0.0000,1.0
2012-03-07,29.87,30.469,29.87,30.08,30.08,226100,0.0000,1.0
2012-03-06,30.5,30.87,29.585,29.88,29.88,507800,0.0000,1.0
2012-03-05,31.18,31.18,30.81,30.95,30.95,280800,0.0000,1.0
2012-03-02,31.33,31.7271,31.26,31.35,31.35,364400,0.0000,1.0
2012-03-01,31.53,31.85,31.14,31.46,31.46,359900,0.0000,1.0
2012-02-29,31.64,31.7306,31.4,31.5,31.5,563700,0.0000,1.0
2012-02-28,31.01,31.59,31.0,31.53,31.53,283300,0.0000,1.0
2012-02-27,30.88,31.1,30.59,31.05,31.05,197900,0.0000,1.0
2012-02-24,31.05,31.2,30.87,31.12,31.12,194900,0.0000,1.0
2012-02-23,30.78,31.22,30.76,31.04,31.04,273400,0.0000,1.0
2012-02-22,31.06,31.24,30.89,31.01,31.01,288800,0.0000,1.0
2012-02-21,30.81,31.445,30.74,31.21,31.21,333800,0.0000,1.0
2012-02-17,31.32,31.33,30.87,30.94,30.94,220800,0.0000,1.0
2012-02-16,30.74,31.36,30.57,31.16,31.16,420200,0.0000,1.0
2012-02-15,30.22,30.42,29.996,30.37,30.37,420200,0.0000,1.0
2012-02-14,29.99,30.32,29.75,30.12,30.12,293600,0.0000,1.0
2012-02-13,30.0,30.28,29.9,30.12,30.12,363600,0.0000,1.0
2012-02-10,29.5,30.0,29.34,29.9,29.9,331400,0.0000,1.0
2012-02-09,29.82,30.0,29.55,29.9,29.9,367900,0.0000,1.0
2012-02-08,29.9,29.98,29.48,29.83,29.83,332400,0.0000,1.0
2012-02-07,29.76,30.02,29.74,29.92,29.92,409800,0.0000,1.0
2012-02-06,29.74,29.99,29.15,29.95,29.95,484000,0.0000,1.0
2012-02-03,29.54,29.63,29.22,29.58,29.58,489500,0.0000,1.0
2012-02-02,28.95,29.21,28.39,29.06,29.06,605100,0.0000,1.0
2012-02-01,27.01,28.8,26.8,28.71,28.71,880000,0.0000,1.0
2012-01-31,27.17,27.21,26.7,26.82,26.82,297600,0.0000,1.0
2012-01-30,27.0,27.39,26.6,26.9,26.9,385300,0.0000,1.0
2012-01-27,27.01,27.48,27.0,27.42,27.42,241200,0.0000,1.0
2012-01-26,26.79,27.23,26.62,27.14,27.14,438700,0.0000,1.0
2012-01-25,27.02,27.02,26.6,26.75,26.75,652500,0.0000,1.0
2012-01-24,26.77,27.02,26.68,27.0,27.0,311300,0.0000,1.0
2012-01-23,26.78,27.08,26.36,26.98,26.98,435300,0.0000,1.0
2012-01-20,26.5,26.81,25.76,26.69,26.69,987300,0.0000,1.0
2012-01-19,26.86,27.4,26.68,27.16,27.16,612800,0.0000,1.0
2012-01-18,26.82,26.84,26.52,26.8,26.8,614400,0.0000,1.0
2012-01-17,27.31,27.49,27.01,27.05,27.05,403300,0.0000,1.0
2012-01-13,26.49,27.35,26.47,27.3,27.3,407500,0.0000,1.0
2012-01-12,26.54,26.785,26.39,26.73,26.73,282700,0.0000,1.0
2012-01-11,26.42,26.74,26.38,26.52,26.52,301100,0.0000,1.0
2012-01-10,26.53,27.0,26.34,26.58,26.58,465300,0.0000,1.0
2012-01-09,25.84,26.6,25.75,26.3,26.3,461100,0.0000,1.0
2012-01-06,26.1,26.536,25.48,25.83,25.83,790900,0.0000,1.0
2012-01-05,25.99,26.3,25.33,26.19,26.19,682600,0.0000,1.0
2012-01-04,27.12,27.215,25.72,25.95,25.95,744100,0.0000,1.0
2012-01-03,27.09,27.72,27.09,27.18,27.18,492800,0.0000,1.0
2011-12-30,26.92,26.95,26.36,26.37,26.37,352300,0.0000,1.0
2011-12-29,26.58,27.0875,26.5,26.92,26.92,216700,0.0000,1.0
2011-12-28,27.48,27.49,26.53,26.58,26.58,255600,0.0000,1.0
2011-12-27,26.99,27.66,26.77,27.43,27.43,307600,0.0000,1.0
2011-12-23,26.77,27.09,26.63,26.98,26.98,174600,0.0000,1.0
2011-12-22,26.24,26.75,26.17,26.69,26.69,334200,0.0000,1.0
2011-12-21,26.73,26.74,25.5,26.1,26.1,637700,0.0000,1.0
2011-12-20,26.23,26.35,26.09,26.23,26.23,377400,0.0000,1.0
2011-12-19,26.62,26.8,25.69,25.75,25.75,389400,0.0000,1.0
2011-12-16,26.57,26.89,26.2,26.51,26.51,679000,0.0000,1.0
2011-12-15,27.34,27.3685,26.31,26.41,26.41,598400,0.0000,1.0
2011-12-14,28.39,28.39,26.86,26.92,26.92,596700,0.0000,1.0
2011-12-13,29.17,29.207,28.4,28.54,28.54,387800,0.0000,1.0
2011-12-12,28.85,28.85,28.3275,28.64,28.64,368400,0.0000,1.0
2011-12-09,28.12,29.36,27.99,29.18,29.18,409600,0.0000,1.0
2011-12-08,28.68,28.91,27.77,27.79,27.79,373500,0.0000,1.0
2011-12-07,28.69,29.08,28.26,28.97,28.97,650800,0.0000,1.0
2011-12-06,29.24,29.24,28.63,28.77,28.77,256700,0.0000,1.0
2011-12-05,29.01,29.34,28.57,29.27,29.27,365100,0.0000,1.0
2011-12-02,29.55,29.67,28.44,28.59,28.59,288700,0.0000,1.0
2011-12-01,28.92,29.7,28.58,29.21,29.21,251800,0.0000,1.0
2011-11-30,28.07,29.09,28.03,29.09,29.09,535100,0.0000,1.0
2011-11-29,27.84,27.84,27.06,27.65,27.65,337600,0.0000,1.0
2011-11-28,27.25,27.68,27.04,27.65,27.65,313800,0.0000,1.0
2011-11-25,27.19,27.22,26.43,26.49,26.49,149900,0.0000,1.0
2011-11-23,27.14,27.53,26.95,27.29,27.29,480700,0.0000,1.0
2011-11-22,26.8,27.7,26.78,27.3,27.3,324900,0.0000,1.0
2011-11-21,26.91,26.96,26.47,26.77,26.77,505200,0.0000,1.0
2011-11-18,27.95,28.26,27.14,27.44,27.44,451200,0.0000,1.0
2011-11-17,28.63,28.81,27.52,27.85,27.85,491700,0.0000,1.0
2011-11-16,29.29,29.58,28.76,28.79,28.79,378700,0.0000,1.0
2011-11-15,29.1,29.9,28.92,29.62,29.62,292000,0.0000,1.0
2011-11-14,29.95,29.97,29.0,29.26,29.26,332700,0.0000,1.0
2011-11-11,29.48,29.9495,29.4219,29.78,29.78,302500,0.0000,1.0
2011-11-10,29.86,29.87,28.8,29.23,29.23,405600,0.0000,1.0
2011-11-09,29.0,30.0,28.59,29.03,29.03,1032500,0.0000,1.0
2011-11-08,27.9,28.71,27.3,28.42,28.42,770800,0.0000,1.0
2011-11-07,27.95,28.75,27.6,27.79,27.79,494400,0.0000,1.0
2011-11-04,27.7,28.34,27.5503,28.13,28.13,311900,0.0000,1.0
2011-11-03,27.45,28.19,26.94,27.94,27.94,284300,0.0000,1.0
2011-11-02,26.64,27.2001,26.28,27.12,27.12,374000,0.0000,1.0
2011-11-01,26.8,27.2,26.11,26.21,26.21,617800,0.0000,1.0
2011-10-31,27.09,28.0,26.71,27.78,27.78,490200,0.0000,1.0
2011-10-28,27.67,27.99,27.4,27.53,27.53,345400,0.0000,1.0
2011-10-27,27.41,27.85,27.26,27.67,27.67,730300,0.0000,1.0
2011-10-26,26.2,26.56,25.82,26.44,26.44,434900,0.0000,1.0
2011-10-25,26.45,26.95,25.71,25.84,25.84,524300,0.0000,1.0
2011-10-24,25.58,26.66,25.57,26.59,26.59,925200,0.0000,1.0
2011-10-21,27.25,27.25,25.3,25.57,25.57,1604500,0.0000,1.0
2011-10-20,27.0,27.61,26.4,27.21,27.21,542100,0.0000,1.0
2011-10-19,28.07,28.42,26.77,26.97,26.97,594700,0.0000,1.0
2011-10-18,27.66,28.35,27.27,28.21,28.21,647500,0.0000,1.0
2011-10-17,28.57,28.94,27.41,27.65,27.65,931500,0.0000,1.0
2011-10-14,29.65,30.11,28.06,28.85,28.85,916300,0.0000,1.0
2011-10-13,30.39,30.73,29.05,29.3,29.3,600100,0.0000,1.0
2011-10-12,30.61,31.04,30.16,30.8,30.8,524800,0.0000,1.0
2011-10-11,30.1,30.59,29.75,30.29,30.29,273000,0.0000,1.0
2011-10-10,29.88,30.5,29.65,30.46,30.46,318500,0.0000,1.0
2011-10-07,30.46,30.47,29.3,29.38,29.38,258600,0.0000,1.0
2011-10-06,29.39,30.4,29.06,30.34,30.34,425300,0.0000,1.0
2011-10-05,29.29,29.65,28.78,29.4,29.4,351500,0.0000,1.0
2011-10-04,27.0,29.45,27.0,29.33,29.33,664800,0.0000,1.0
2011-10-03,28.3,28.97,27.08,27.13,27.13,660300,0.0000,1.0
2011-09-30,28.52,29.26,28.27,28.54,28.54,396400,0.0000,1.0
2011-09-29,28.83,29.15,28.25,29.09,29.09,374500,0.0000,1.0
2011-09-28,29.88,30.06,28.16,28.19,28.19,661300,0.0000,1.0
2011-09-27,30.46,30.51,29.5,29.87,29.87,460100,0.0000,1.0
2011-09-26,29.93,30.18,28.76,29.83,29.83,581800,0.0000,1.0
2011-09-23,30.94,31.47,29.377,29.76,29.76,737300,0.0000,1.0
2011-09-22,31.39,32.072,30.5,31.29,31.29,756500,0.0000,1.0
2011-09-21,32.71,33.7394,32.45,32.5,32.5,669100,0.0000,1.0
2011-09-20,33.75,33.9292,32.703,32.75,32.75,550400,0.0000,1.0
2011-09-19,32.58,33.83,32.01,33.41,33.41,683600,0.0000,1.0
2011-09-16,33.26,33.45,32.75,33.14,33.14,1283800,0.0000,1.0
2011-09-15,33.5,33.5,32.46,33.02,33.02,358500,0.0000,1.0
2011-09-14,32.75,33.51,32.02,33.19,33.19,510900,0.0000,1.0
2011-09-13,32.26,32.65,32.1,32.54,32.54,342200,0.0000,1.0
2011-09-12,32.14,32.7,31.335,32.11,32.11,270100,0.0000,1.0
2011-09-09,32.7,32.998,31.95,32.23,32.23,456700,0.0000,1.0
2011-09-08,33.31,33.67,32.9,33.08,33.08,409400,0.0000,1.0
2011-09-07,33.74,33.79,33.07,33.49,33.49,599200,0.0000,1.0
2011-09-06,30.63,33.08,30.24,33.0,33.0,604500,0.0000,1.0
2011-09-02,31.81,32.51,31.5,31.65,31.65,362700,0.0000,1.0
2011-09-01,33.6,34.18,32.31,32.51,32.51,593200,0.0000,1.0
2011-08-31,34.11,34.41,33.11,33.55,33.55,567700,0.0000,1.0
2011-08-30,33.8,34.1,33.2532,33.88,33.88,670200,0.0000,1.0
2011-08-29,33.0,34.11,32.77,34.06,34.06,557700,0.0000,1.0
2011-08-26,31.48,32.69,30.88,32.44,32.44,255100,0.0000,1.0
2011-08-25,32.79,32.95,31.43,31.68,31.68,385500,0.0000,1.0
2011-08-24,31.85,33.09,31.68,32.51,32.51,480200,0.0000,1.0
2011-08-23,30.14,32.1294,29.94,32.03,32.03,541900,0.0000,1.0
2011-08-22,30.49,31.0,29.3729,29.88,29.88,493600,0.0000,1.0
2011-08-19,29.01,30.57,28.88,29.52,29.52,481800,0.0000,1.0
2011-08-18,30.85,30.91,29.4,29.63,29.63,477700,0.0000,1.0
2011-08-17,31.94,32.6,31.65,31.86,31.86,376500,0.0000,1.0
2011-08-16,31.33,31.95,31.0,31.57,31.57,422000,0.0000,1.0
2011-08-15,31.54,32.69,31.33,32.03,32.03,529200,0.0000,1.0
2011-08-12,30.64,31.83,30.36,31.32,31.32,623200,0.0000,1.0
2011-08-11,28.49,30.72,28.34,30.34,30.34,571800,0.0000,1.0
2011-08-10,28.9,29.49,27.8,28.27,28.27,729600,0.0000,1.0
2011-08-09,27.84,29.63,27.26,29.59,29.59,881100,0.0000,1.0
2011-08-08,27.17,29.16,27.1,27.2,27.2,1334200,0.0000,1.0
2011-08-05,30.19,30.68,28.15,29.86,29.86,1158700,0.0000,1.0
2011-08-04,31.69,31.98,30.81,30.83,30.83,743400,0.0000,1.0
2011-08-03,31.76,32.46,31.38,32.04,32.04,547100,0.0000,1.0
2011-08-02,32.61,33.2,31.9,31.97,31.97,577600,0.0000,1.0
2011-08-01,33.93,34.19,32.3029,32.87,32.87,662900,0.0000,1.0
2011-07-29,32.2,33.54,31.62,33.28,33.28,628200,0.0000,1.0
2011-07-28,31.9,32.71,31.59,32.38,32.38,604900,0.0000,1.0
2011-07-27,32.49,32.74,31.61,32.12,32.12,876000,0.0000,1.0
2011-07-26,33.74,33.74,32.64,32.74,32.74,783000,0.0000,1.0
2011-07-25,34.01,35.27,33.7,33.81,33.81,829300,0.0000,1.0
2011-07-22,36.81,36.89,33.33,34.24,34.24,2172400,0.0000,1.0
2011-07-21,36.96,37.91,36.62,37.81,37.81,649300,0.0000,1.0
2011-07-20,37.51,37.75,36.52,37.0,37.0,279100,0.0000,1.0
2011-07-19,36.87,37.38,36.585,37.01,37.01,371800,0.0000,1.0
2011-07-18,36.52,36.5812,35.56,36.27,36.27,455100,0.0000,1.0
2011-07-15,36.7,37.13,36.24,36.75,36.75,319500,0.0000,1.0
2011-07-14,38.05,38.5,36.47,36.55,36.55,483800,0.0000,1.0
2011-07-13,36.98,38.0142,36.85,37.83,37.83,416900,0.0000,1.0
2011-07-12,36.47,37.28,36.41,36.64,36.64,315900,0.0000,1.0
2011-07-11,37.5,38.06,36.58,36.73,36.73,594600,0.0000,1.0
2011-07-08,37.41,37.9,37.22,37.62,37.62,402200,0.0000,1.0
2011-07-07,38.38,38.43,37.5644,38.07,38.07,563400,0.0000,1.0
2011-07-06,38.65,38.66,36.69,37.39,37.39,589800,0.0000,1.0
2011-07-05,36.1,37.65,36.08,37.08,37.08,878100,0.0000,1.0
2011-07-01,35.62,35.95,35.36,35.83,35.83,488200,0.0000,1.0
2011-06-30,35.5,35.98,35.42,35.575,35.575,363600,0.0000,1.0
2011-06-29,35.32,35.74,35.0,35.35,35.35,510900,0.0000,1.0
2011-06-28,34.68,35.6499,34.61,34.99,34.99,927200,0.0000,1.0
2011-06-27,32.8,34.44,32.53,34.32,34.32,969000,0.0000,1.0
2011-06-24,31.84,32.3,31.64,32.07,32.07,512700,0.0000,1.0
2011-06-23,30.9,31.87,30.42,31.87,31.87,458200,0.0000,1.0
2011-06-22,31.21,31.81,31.1375,31.17,31.17,190800,0.0000,1.0
2011-06-21,31.0,31.94,30.71,31.4,31.4,515200,0.0000,1.0
2011-06-20,30.26,30.98,30.05,30.65,30.65,514400,0.0000,1.0
2011-06-17,31.12,31.12,30.22,30.32,30.32,436100,0.0000,1.0
2011-06-16,31.2,31.7,30.55,30.83,30.83,294200,0.0000,1.0
2011-06-15,31.22,31.78,30.97,31.2,31.2,329300,0.0000,1.0
2011-06-14,31.61,32.12,31.18,31.53,31.53,423200,0.0000,1.0
2011-06-13,31.3,31.69,31.0,31.18,31.18,309400,0.0000,1.0
2011-06-10,31.98,32.22,31.08,31.23,31.23,350800,0.0000,1.0
2011-06-09,31.96,32.62,31.8,32.23,32.23,301300,0.0000,1.0
2011-06-08,31.25,32.47,31.11,31.75,31.75,626200,0.0000,1.0
2011-06-07,30.59,31.75,30.17,31.46,31.46,391600,0.0000,1.0
2011-06-06,30.9,31.1463,30.36,30.42,30.42,393600,0.0000,1.0
2011-06-03,31.22,31.7,31.04,31.19,31.19,264000,0.0000,1.0
2011-06-02,31.46,32.08,31.04,31.81,31.81,431900,0.0000,1.0
2011-06-01,33.24,33.31,31.7,31.73,31.73,708800,0.0000,1.0
2011-05-31,31.63,32.81,31.58,32.79,32.79,596000,0.0000,1.0
2011-05-27,31.12,31.31,30.95,31.21,31.21,251200,0.0000,1.0
2011-05-26,30.57,31.1,30.21,31.06,31.06,259200,0.0000,1.0
2011-05-25,30.0,30.79,29.78,30.59,30.59,260800,0.0000,1.0
2011-05-24,30.38,30.5299,29.8,29.93,29.93,225500,0.0000,1.0
2011-05-23,30.45,30.62,29.9129,30.26,30.26,198000,0.0000,1.0
2011-05-20,30.81,31.32,30.81,30.96,30.96,240300,0.0000,1.0
2011-05-19,30.69,31.22,30.41,31.055,31.055,340800,0.0000,1.0
2011-05-18,29.86,30.43,29.74,30.38,30.38,177700,0.0000,1.0
2011-05-17,29.55,30.1,29.4701,29.81,29.81,212500,0.0000,1.0
2011-05-16,30.02,30.65,29.86,29.87,29.87,217000,0.0000,1.0
2011-05-13,31.06,31.18,30.12,30.13,30.13,246000,0.0000,1.0
2011-05-12,30.19,31.17,30.0,31.09,31.09,243300,0.0000,1.0
2011-05-11,30.87,31.06,30.2,30.35,30.35,166800,0.0000,1.0
2011-05-10,30.67,31.06,30.47,31.05,31.05,298600,0.0000,1.0
2011-05-09,29.53,30.6,29.22,30.43,30.43,237000,0.0000,1.0
2011-05-06,30.06,30.26,29.56,29.62,29.62,203000,0.0000,1.0
2011-05-05,29.5,30.255,29.02,29.66,29.66,296600,0.0000,1.0
2011-05-04,30.66,30.7,29.54,29.82,29.82,256200,0.0000,1.0
2011-05-03,31.02,31.11,30.42,30.67,30.67,318000,0.0000,1.0
2011-05-02,31.87,31.878,31.02,31.07,31.07,286000,0.0000,1.0
2011-04-29,31.1,31.88,31.1,31.49,31.49,265000,0.0000,1.0
2011-04-28,30.48,31.0,30.34,30.94,30.94,379700,0.0000,1.0
2011-04-27,30.37,30.64,30.05,30.51,30.51,384900,0.0000,1.0
2011-04-26,30.67,30.78,30.08,30.26,30.26,323800,0.0000,1.0
2011-04-25,31.49,31.89,30.2,30.44,30.44,570100,0.0000,1.0
2011-04-21,29.45,30.01,29.15,30.0,30.0,373800,0.0000,1.0
2011-04-20,29.41,29.48,28.8,29.3,29.3,310500,0.0000,1.0
2011-04-19,28.29,29.01,27.78,28.99,28.99,475700,0.0000,1.0
2011-04-18,28.36,28.71,28.13,28.3,28.3,318000,0.0000,1.0
2011-04-15,28.32,29.0,28.11,28.91,28.91,243900,0.0000,1.0
2011-04-14,28.07,28.52,28.06,28.47,28.47,249500,0.0000,1.0
2011-04-13,29.05,29.119,28.03,28.36,28.36,464300,0.0000,1.0
2011-04-12,28.62,29.2964,28.52,28.98,28.98,324400,0.0000,1.0
2011-04-11,29.14,29.25,28.5,28.94,28.94,835700,0.0000,1.0
2011-04-08,32.3,32.33,29.25,29.34,29.34,1094600,0.0000,1.0
2011-04-07,32.09,32.5,32.0,32.01,32.01,253800,0.0000,1.0
2011-04-06,32.87,33.08,32.02,32.03,32.03,383900,0.0000,1.0
2011-04-05,31.96,32.87,31.86,32.61,32.61,440500,0.0000,1.0
2011-04-04,31.37,32.13,31.19,31.97,31.97,322300,0.0000,1.0
2011-04-01,31.57,31.75,30.8401,31.085,31.085,277600,0.0000,1.0
2011-03-31,31.49,31.6,31.222,31.39,31.39,252200,0.0000,1.0
2011-03-30,31.45,31.74,31.39,31.5,31.5,331000,0.0000,1.0
2011-03-29,31.2,31.6499,30.929,31.1,31.1,192500,0.0000,1.0
2011-03-28,31.44,31.6222,31.03,31.32,31.32,246800,0.0000,1.0
2011-03-25,31.06,31.8,30.94,31.18,31.18,637500,0.0000,1.0
2011-03-24,30.78,31.76,30.4601,30.66,30.66,893000,0.0000,1.0
2011-03-23,29.0,30.61,28.97,30.19,30.19,622000,0.0000,1.0
2011-03-22,29.2,29.54,28.91,28.91,28.91,372900,0.0000,1.0
2011-03-21,27.88,29.1,27.87,29.08,29.08,368200,0.0000,1.0
2011-03-18,27.23,27.59,27.06,27.58,27.58,260800,0.0000,1.0
2011-03-17,27.28,27.42,26.99,27.0,27.0,162600,0.0000,1.0
2011-03-16,27.27,27.448,26.91,26.91,26.91,261400,0.0000,1.0
2011-03-15,26.54,27.71,26.16,27.37,27.37,285300,0.0000,1.0
2011-03-14,27.3,27.76,26.9,27.46,27.46,225300,0.0000,1.0
2011-03-11,27.31,27.79,27.16,27.59,27.59,224000,0.0000,1.0
2011-03-10,28.06,28.3,27.43,27.65,27.65,412600,0.0000,1.0
2011-03-09,28.95,29.19,28.31,28.47,28.47,276000,0.0000,1.0
2011-03-08,28.6,29.33,28.37,29.09,29.09,471200,0.0000,1.0
2011-03-07,29.13,29.19,28.09,28.43,28.43,207500,0.0000,1.0
2011-03-04,29.5,29.6799,28.58,28.96,28.96,236100,0.0000,1.0
2011-03-03,28.99,29.68,28.8,29.39,29.39,281200,0.0000,1.0
2011-03-02,28.26,28.99,28.11,28.83,28.83,226400,0.0000,1.0
2011-03-01,28.65,28.79,28.31,28.37,28.37,285500,0.0000,1.0
2011-02-28,28.67,29.0184,28.49,28.68,28.68,257800,0.0000,1.0
2011-02-25,28.18,28.72,28.18,28.55,28.55,274200,0.0000,1.0
2011-02-24,27.31,28.239,27.2,28.14,28.14,453500,0.0000,1.0
2011-02-23,27.97,28.04,27.231,27.39,27.39,551700,0.0000,1.0
2011-02-22,27.63,28.11,27.52,27.85,27.85,359300,0.0000,1.0
2011-02-18,28.35,28.45,27.94,27.94,27.94,390800,0.0000,1.0
2011-02-17,27.69,28.21,27.61,28.13,28.13,280600,0.0000,1.0
2011-02-16,27.59,27.88,27.43,27.86,27.86,179100,0.0000,1.0
2011-02-15,27.89,28.0,27.46,27.46,27.46,339300,0.0000,1.0
2011-02-14,28.26,28.48,27.8,28.13,28.13,266100,0.0000,1.0
2011-02-11,27.34,28.0,27.34,27.97,27.97,248700,0.0000,1.0
2011-02-10,27.36,27.7,27.36,27.51,27.51,164300,0.0000,1.0
2011-02-09,27.87,27.88,27.4,27.47,27.47,205400,0.0000,1.0
2011-02-08,27.66,28.08,27.4,28.08,28.08,185800,0.0000,1.0
2011-02-07,27.28,27.96,27.17,27.59,27.59,207200,0.0000,1.0
2011-02-04,27.42,27.4599,27.11,27.29,27.29,202400,0.0000,1.0
2011-02-03,27.92,27.9799,27.17,27.475,27.475,261700,0.0000,1.0
2011-02-02,27.56,28.05,27.56,27.99,27.99,257100,0.0000,1.0
2011-02-01,26.98,27.86,26.98,27.73,27.73,368000,0.0000,1.0
2011-01-31,27.37,27.46,26.9,26.9,26.9,393400,0.0000,1.0
2011-01-28,28.49,28.56,27.22,27.22,27.22,407000,0.0000,1.0
2011-01-27,27.85,28.55,27.51,28.36,28.36,399200,0.0000,1.0
2011-01-26,26.7,28.04,26.59,28.04,28.04,657100,0.0000,1.0
2011-01-25,26.74,26.74,25.56,26.56,26.56,1059700,0.0000,1.0
2011-01-24,28.14,28.279,26.82,26.84,26.84,916100,0.0000,1.0
2011-01-21,29.07,29.6,27.86,28.01,28.01,655500,0.0000,1.0
2011-01-20,28.03,28.65,27.35,28.52,28.52,650100,0.0000,1.0
2011-01-19,29.42,29.62,28.02,28.43,28.43,617500,0.0000,1.0
2011-01-18,29.93,29.93,29.106,29.39,29.39,603700,0.0000,1.0
2011-01-14,28.63,29.94,28.56,29.63,29.63,840300,0.0000,1.0
2011-01-13,27.84,28.63,27.813,28.56,28.56,366300,0.0000,1.0
2011-01-12,28.22,28.22,27.77,27.85,27.85,215900,0.0000,1.0
2011-01-11,27.89,28.2299,27.74,28.07,28.07,278800,0.0000,1.0
2011-01-10,27.9,27.9,27.37,27.68,27.68,333700,0.0000,1.0
2011-01-07,28.04,28.27,27.54,27.84,27.84,267000,0.0000,1.0
2011-01-06,28.13,28.15,27.73,28.07,28.07,475800,0.0000,1.0
2011-01-05,27.32,28.08,27.239,27.96,27.96,272900,0.0000,1.0
2011-01-04,28.36,28.36,26.9708,27.49,27.49,510600,0.0000,1.0
2011-01-03,27.54,28.069,27.41,27.91,27.91,457200,0.0000,1.0
2010-12-31,27.41,27.51,27.13,27.13,27.13,246600,0.0000,1.0
2010-12-30,27.64,27.65,27.35,27.44,27.44,122600,0.0000,1.0
2010-12-29,27.5,27.65,27.49,27.56,27.56,158000,0.0000,1.0
2010-12-28,27.61,27.6499,27.4,27.48,27.48,244300,0.0000,1.0
2010-12-27,28.21,28.21,27.16,27.54,27.54,339100,0.0000,1.0
2010-12-23,28.06,28.43,28.0,28.09,28.09,235000,0.0000,1.0
2010-12-22,28.35,28.75,28.0,28.01,28.01,435000,0.0000,1.0
2010-12-21,27.5,28.29,27.35,28.28,28.28,380500,0.0000,1.0
2010-12-20,28.0,28.091,27.262,27.31,27.31,541600,0.0000,1.0
2010-12-17,27.27,27.97,26.9,27.93,27.93,953600,0.0000,1.0
2010-12-16,27.43,27.93,27.1,27.28,27.28,306600,0.0000,1.0
2010-12-15,27.59,27.89,27.33,27.46,27.46,307900,0.0000,1.0
2010-12-14,27.88,28.07,27.55,27.59,27.59,210700,0.0000,1.0
2010-12-13,27.95,28.27,27.73,27.76,27.76,345200,0.0000,1.0
2010-12-10,27.37,27.96,27.29,27.76,27.76,253000,0.0000,1.0
2010-12-09,27.79,27.79,27.15,27.39,27.39,260800,0.0000,1.0
2010-12-08,26.85,27.87,26.8,27.53,27.53,450900,0.0000,1.0
2010-12-07,27.06,27.06,26.65,26.8,26.8,506400,0.0000,1.0
2010-12-06,26.6,27.066,26.55,26.75,26.75,491400,0.0000,1.0
2010-12-03,27.27,27.3,26.31,26.61,26.61,399300,0.0000,1.0
2010-12-02,26.37,27.67,26.1,27.27,27.27,757100,0.0000,1.0
2010-12-01,25.65,26.42,25.61,26.26,26.26,417900,0.0000,1.0
2010-11-30,25.21,25.48,25.04,25.16,25.16,363900,0.0000,1.0
2010-11-29,25.72,25.93,25.16,25.41,25.41,292900,0.0000,1.0
2010-11-26,24.87,26.14,24.72,25.9,25.9,279400,0.0000,1.0
2010-11-24,24.76,24.95,24.64,24.95,24.95,151900,0.0000,1.0
2010-11-23,24.43,24.69,24.28,24.61,24.61,146700,0.0000,1.0
2010-11-22,24.6,24.82,24.17,24.72,24.72,230800,0.0000,1.0
2010-11-19,24.63,24.7,24.37,24.62,24.62,165000,0.0000,1.0
2010-11-18,24.71,25.04,24.431,24.57,24.57,204200,0.0000,1.0
2010-11-17,25.0,25.0,24.26,24.5,24.5,277000,0.0000,1.0
2010-11-16,24.94,25.05,24.38,25.02,25.02,512100,0.0000,1.0
2010-11-15,25.25,25.33,24.9,25.19,25.19,322200,0.0000,1.0
2010-11-12,25.23,25.58,25.18,25.19,25.19,395700,0.0000,1.0
2010-11-11,25.04,25.55,24.69,25.51,25.51,307100,0.0000,1.0
2010-11-10,24.91,25.65,24.53,25.31,25.31,386300,0.0000,1.0
2010-11-09,25.03,25.23,24.85,24.96,24.96,557500,0.0000,1.0
2010-11-08,24.61,25.28,24.12,25.02,25.02,616300,0.0000,1.0
2010-11-05,22.9,24.54,22.88,24.47,24.47,1183900,0.0000,1.0
2010-11-04,22.39,22.73,22.22,22.38,22.38,524100,0.0000,1.0
2010-11-03,21.37,22.33,21.31,22.15,22.15,357300,0.0000,1.0
2010-11-02,21.33,21.72,21.09,21.37,21.37,248700,0.0000,1.0
2010-11-01,21.58,21.83,20.92,21.17,21.17,331700,0.0000,1.0
2010-10-29,21.13,21.56,21.12,21.48,21.48,171100,0.0000,1.0
2010-10-28,21.44,21.54,21.01,21.16,21.16,115800,0.0000,1.0
2010-10-27,21.12,21.37,20.88,21.23,21.23,134500,0.0000,1.0
2010-10-26,21.0,21.37,20.85,21.31,21.31,240200,0.0000,1.0
2010-10-25,21.74,21.9499,21.09,21.17,21.17,290100,0.0000,1.0
2010-10-22,21.59,21.91,21.39,21.61,21.61,172300,0.0000,1.0
2010-10-21,21.83,21.92,21.2408,21.56,21.56,180000,0.0000,1.0
2010-10-20,21.46,21.95,21.341,21.78,21.78,249600,0.0000,1.0
2010-10-19,21.12,21.7,21.1,21.31,21.31,213200,0.0000,1.0
2010-10-18,21.25,21.41,21.04,21.4,21.4,130700,0.0000,1.0
2010-10-15,21.55,21.69,21.14,21.2,21.2,265000,0.0000,1.0
2010-10-14,21.41,21.47,21.21,21.4,21.4,312600,0.0000,1.0
2010-10-13,20.98,21.5,20.82,21.33,21.33,309100,0.0000,1.0
2010-10-12,21.11,21.11,20.6,20.78,20.78,225300,0.0000,1.0
2010-10-11,21.14,21.3292,20.9,21.1,21.1,342300,0.0000,1.0
2010-10-08,20.6,21.035,20.5,21.01,21.01,361600,0.0000,1.0
2010-10-07,20.82,20.9,20.61,20.61,20.61,247200,0.0000,1.0
2010-10-06,20.1,20.76,20.05,20.72,20.72,463000,0.0000,1.0
2010-10-05,19.52,20.15,19.23,20.12,20.12,268700,0.0000,1.0
2010-10-04,19.85,19.85,19.25,19.27,19.27,195400,0.0000,1.0
2010-10-01,20.16,20.18,19.78,19.84,19.84,155400,0.0000,1.0
2010-09-30,20.05,20.22,19.68,20.04,20.04,342100,0.0000,1.0
2010-09-29,19.8,20.1,19.8,19.91,19.91,210100,0.0000,1.0
2010-09-28,19.75,19.96,19.49,19.92,19.92,287500,0.0000,1.0
2010-09-27,19.56,19.74,19.338,19.64,19.64,268900,0.0000,1.0
2010-09-24,18.54,19.57,18.54,19.57,19.57,320500,0.0000,1.0
2010-09-23,18.58,18.8005,18.17,18.22,18.22,200100,0.0000,1.0
2010-09-22,18.82,19.15,18.53,18.66,18.66,201700,0.0000,1.0
2010-09-21,19.01,19.41,18.92,18.93,18.93,286300,0.0000,1.0
2010-09-20,18.41,19.05,18.125,19.03,19.03,252200,0.0000,1.0
2010-09-17,18.83,18.99,18.47,18.47,18.47,338500,0.0000,1.0
2010-09-16,18.85,18.92,18.54,18.63,18.63,178900,0.0000,1.0
2010-09-15,19.07,19.29,18.82,18.88,18.88,278600,0.0000,1.0
2010-09-14,18.97,19.28,18.77,19.1,19.1,222300,0.0000,1.0
2010-09-13,18.54,19.05,18.42,19.0,19.0,336700,0.0000,1.0
2010-09-10,18.7,18.77,18.3,18.49,18.49,198700,0.0000,1.0
2010-09-09,18.79,18.97,18.4901,18.7,18.7,312700,0.0000,1.0
2010-09-08,18.82,19.0599,18.62,18.7,18.7,280800,0.0000,1.0
2010-09-07,19.2,19.38,18.77,18.82,18.82,230900,0.0000,1.0
2010-09-03,19.3,19.48,19.12,19.33,19.33,322900,0.0000,1.0
2010-09-02,18.64,19.2,18.58,19.16,19.16,258500,0.0000,1.0
2010-09-01,18.33,18.7,18.06,18.58,18.58,422400,0.0000,1.0
2010-08-31,18.14,18.44,17.88,17.98,17.98,382000,0.0000,1.0
2010-08-30,18.47,18.75,18.2,18.21,18.21,312000,0.0000,1.0
2010-08-27,18.21,18.63,17.92,18.6,18.6,261600,0.0000,1.0
2010-08-26,18.43,18.4801,18.02,18.06,18.06,226400,0.0000,1.0
2010-08-25,18.31,18.53,18.2,18.38,18.38,244800,0.0000,1.0
2010-08-24,18.38,18.5,18.2,18.4,18.4,312500,0.0000,1.0
2010-08-23,18.79,18.9,18.59,18.59,18.59,290400,0.0000,1.0
2010-08-20,18.48,18.8,18.41,18.71,18.71,231200,0.0000,1.0
2010-08-19,18.7,18.78,18.33,18.57,18.57,370500,0.0000,1.0
2010-08-18,18.76,19.21,18.62,18.79,18.79,234100,0.0000,1.0
2010-08-17,18.45,18.93,18.33,18.83,18.83,219400,0.0000,1.0
2010-08-16,18.26,18.51,18.2201,18.36,18.36,221400,0.0000,1.0
2010-08-13,18.49,18.65,18.3,18.33,18.33,235300,0.0000,1.0
2010-08-12,18.27,18.61,18.25,18.49,18.49,634000,0.0000,1.0
2010-08-11,19.08,19.29,18.31,18.36,18.36,555800,0.0000,1.0
2010-08-10,19.92,20.01,19.47,19.49,19.49,211800,0.0000,1.0
2010-08-09,19.71,20.21,19.53,20.16,20.16,263400,0.0000,1.0
2010-08-06,19.11,19.58,18.65,19.53,19.53,318100,0.0000,1.0
2010-08-05,19.46,19.6,19.29,19.32,19.32,180500,0.0000,1.0
2010-08-04,19.72,19.775,19.4,19.61,19.61,235200,0.0000,1.0
2010-08-03,20.07,20.1201,19.57,19.64,19.64,267900,0.0000,1.0
2010-08-02,20.19,20.43,19.76,20.21,20.21,420200,0.0000,1.0
2010-07-30,19.51,20.06,19.51,19.9,19.9,448100,0.0000,1.0
2010-07-29,20.1,20.1,19.56,19.72,19.72,370700,0.0000,1.0
2010-07-28,20.19,20.43,19.9,19.99,19.99,337100,0.0000,1.0
2010-07-27,20.66,20.75,20.23,20.32,20.32,353500,0.0000,1.0
2010-07-26,20.31,20.685,20.09,20.49,20.49,463200,0.0000,1.0
2010-07-23,20.02,20.24,19.61,20.17,20.17,323400,0.0000,1.0
2010-07-22,20.1,20.3,19.51,20.16,20.16,491500,0.0000,1.0
2010-07-21,20.18,20.5,19.73,19.78,19.78,290000,0.0000,1.0
2010-07-20,19.51,20.12,19.4,20.11,20.11,320400,0.0000,1.0
2010-07-19,19.97,20.0,19.47,19.79,19.79,224900,0.0000,1.0
2010-07-16,20.51,20.55,19.88,19.97,19.97,470800,0.0000,1.0
2010-07-15,20.64,20.72,20.32,20.66,20.66,287400,0.0000,1.0
2010-07-14,20.57,20.8,20.41,20.68,20.68,270700,0.0000,1.0
2010-07-13,19.81,20.62,19.76,20.6,20.6,484300,0.0000,1.0
2010-07-12,19.67,19.75,19.41,19.65,19.65,252400,0.0000,1.0
2010-07-09,19.37,19.69,19.29,19.68,19.68,187000,0.0000,1.0
2010-07-08,19.39,19.45,19.08,19.35,19.35,255500,0.0000,1.0
2010-07-07,18.75,19.32,18.7,19.29,19.29,280400,0.0000,1.0
2010-07-06,18.74,19.09,18.51,18.63,18.63,591800,0.0000,1.0
2010-07-02,18.75,18.75,18.4,18.55,18.55,247600,0.0000,1.0
2010-07-01,18.73,18.92,18.25,18.63,18.63,499800,0.0000,1.0
2010-06-30,18.68,18.88,18.37,18.55,18.55,335900,0.0000,1.0
2010-06-29,18.74,18.88,18.48,18.62,18.62,495200,0.0000,1.0
2010-06-28,19.06,19.27,18.7501,19.09,19.09,285300,0.0000,1.0
2010-06-25,18.57,19.12,18.39,19.04,19.04,611200,0.0000,1.0
2010-06-24,18.65,18.86,18.545,18.55,18.55,306500,0.0000,1.0
2010-06-23,18.91,19.05,18.65,18.76,18.76,280300,0.0000,1.0
2010-06-22,19.02,19.26,18.81,18.92,18.92,443500,0.0000,1.0
2010-06-21,18.84,19.2,18.72,18.91,18.91,303200,0.0000,1.0
2010-06-18,18.97,18.99,18.57,18.65,18.65,533600,0.0000,1.0
2010-06-17,19.13,19.205,18.7,18.86,18.86,203200,0.0000,1.0
2010-06-16,19.03,19.23,18.93,18.98,18.98,223600,0.0000,1.0
2010-06-15,18.66,19.17,18.52,19.12,19.12,367300,0.0000,1.0
2010-06-14,18.76,18.83,18.5,18.62,18.62,430700,0.0000,1.0
2010-06-11,18.1,18.65,18.08,18.65,18.65,331700,0.0000,1.0
2010-06-10,18.09,18.29,17.834,18.29,18.29,346500,0.0000,1.0
2010-06-09,17.73,18.17,17.48,17.8,17.8,387100,0.0000,1.0
2010-06-08,17.9,17.93,17.33,17.63,17.63,360200,0.0000,1.0
2010-06-07,17.56,18.4,17.56,17.78,17.78,602400,0.0000,1.0
2010-06-04,18.0,18.12,17.7,17.81,17.81,498300,0.0000,1.0
2010-06-03,18.47,18.59,18.1519,18.36,18.36,251600,0.0000,1.0
2010-06-02,17.88,18.46,17.81,18.46,18.46,424300,0.0000,1.0
2010-06-01,18.22,18.45,17.86,17.86,17.86,449800,0.0000,1.0
2010-05-28,18.3,18.65,18.2,18.31,18.31,374600,0.0000,1.0
2010-05-27,18.59,18.74,18.2256,18.53,18.53,560100,0.0000,1.0
2010-05-26,18.05,18.445,17.98,18.17,18.17,729500,0.0000,1.0
2010-05-25,17.47,17.92,16.97,17.87,17.87,673500,0.0000,1.0
2010-05-24,18.09,18.32,17.78,17.85,17.85,285100,0.0000,1.0
2010-05-21,17.45,18.15,17.01,18.04,18.04,1036900,0.0000,1.0
2010-05-20,18.46,18.56,17.76,17.76,17.76,1517100,0.0000,1.0
2010-05-19,18.03,18.95,18.03,18.92,18.92,802500,0.0000,1.0
2010-05-18,18.93,19.06,18.01,18.15,18.15,664900,0.0000,1.0
2010-05-17,18.63,19.04,18.3,18.98,18.98,579100,0.0000,1.0
2010-05-14,18.94,18.96,18.37,18.6,18.6,511900,0.0000,1.0
2010-05-13,18.91,19.26,18.8,19.09,19.09,425100,0.0000,1.0
2010-05-12,18.94,19.07,18.81,19.02,19.02,808900,0.0000,1.0
2010-05-11,19.0,19.45,18.8,18.95,18.95,535000,0.0000,1.0
2010-05-10,18.7,19.54,18.7,19.3,19.3,601300,0.0000,1.0
2010-05-07,18.77,18.77,17.24,18.3,18.3,1392000,0.0000,1.0
2010-05-06,19.27,19.27,19.27,19.27,19.27,1237000,0.0000,1.0
2010-05-05,20.76,20.93,19.24,19.27,19.27,1335900,0.0000,1.0
2010-05-04,21.05,21.52,20.751,21.08,21.08,492700,0.0000,1.0
2010-05-03,20.8,21.58,20.67,21.35,21.35,661900,0.0000,1.0
2010-04-30,22.58,22.5997,20.68,20.74,20.74,1135800,0.0000,1.0
2010-04-29,22.5,22.69,22.35,22.54,22.54,330200,0.0000,1.0
2010-04-28,22.16,22.45,22.07,22.39,22.39,383300,0.0000,1.0
2010-04-27,23.33,23.7,22.09,22.15,22.15,763500,0.0000,1.0
2010-04-26,23.36,23.5,23.11,23.34,23.34,379600,0.0000,1.0
2010-04-23,23.26,23.75,22.91,23.31,23.31,700600,0.0000,1.0
2010-04-22,22.51,23.14,22.3,23.04,23.04,576000,0.0000,1.0
2010-04-21,22.9,22.91,22.3,22.66,22.66,494900,0.0000,1.0
2010-04-20,21.97,22.96,21.97,22.7,22.7,854800,0.0000,1.0
2010-04-19,21.38,22.14,21.37,21.95,21.95,476400,0.0000,1.0
2010-04-16,22.08,22.21,21.33,21.39,21.39,497500,0.0000,1.0
2010-04-15,21.8,22.23,21.8,22.06,22.06,385900,0.0000,1.0
2010-04-14,21.71,21.8,21.43,21.8,21.8,344000,0.0000,1.0
2010-04-13,21.49,21.66,21.23,21.66,21.66,396000,0.0000,1.0
2010-04-12,21.0,21.59,20.9601,21.58,21.58,345700,0.0000,1.0
2010-04-09,21.16,21.1736,20.71,20.96,20.96,345600,0.0000,1.0
2010-04-08,21.19,21.22,20.96,21.14,21.14,267400,0.0000,1.0
2010-04-07,21.63,21.63,20.96,21.08,21.08,357500,0.0000,1.0
2010-04-06,21.46,21.69,21.26,21.68,21.68,372500,0.0000,1.0
2010-04-05,20.94,21.49,20.93,21.48,21.48,489300,0.0000,1.0
2010-04-01,20.61,20.95,20.46,20.95,20.95,364300,0.0000,1.0
2010-03-31,20.75,20.8099,20.5,20.6,20.6,470300,0.0000,1.0
2010-03-30,21.25,21.25,20.69,20.79,20.79,383100,0.0000,1.0
2010-03-29,21.07,21.256,21.0,21.22,21.22,401100,0.0000,1.0
2010-03-26,21.06,21.31,20.89,20.92,20.92,259000,0.0000,1.0
2010-03-25,21.46,21.55,21.03,21.04,21.04,444600,0.0000,1.0
2010-03-24,20.64,21.54,20.54,21.09,21.09,742700,0.0000,1.0
2010-03-23,20.84,20.91,20.45,20.67,20.67,410100,0.0000,1.0
2010-03-22,20.25,20.82,20.11,20.77,20.77,540800,0.0000,1.0
2010-03-19,20.84,21.12,20.335,20.43,20.43,524600,0.0000,1.0
2010-03-18,20.71,21.0,20.26,20.73,20.73,377100,0.0000,1.0
2010-03-17,20.63,21.04,20.54,20.69,20.69,561000,0.0000,1.0
2010-03-16,20.25,20.54,19.73,20.49,20.49,862100,0.0000,1.0
2010-03-15,22.01,22.19,20.12,20.4,20.4,1897300,0.0000,1.0
2010-03-12,21.71,21.97,21.56,21.97,21.97,515700,0.0000,1.0
2010-03-11,21.8,22.0,21.39,21.52,21.52,520000,0.0000,1.0
2010-03-10,21.53,21.89,21.499,21.84,21.84,585100,0.0000,1.0
2010-03-09,21.06,21.44,20.69,21.41,21.41,764400,0.0000,1.0
2010-03-08,21.0,21.25,20.97,20.99,20.99,449400,0.0000,1.0
2010-03-05,20.38,20.89,20.35,20.82,20.82,609600,0.0000,1.0
2010-03-04,19.94,20.35,19.94,20.24,20.24,310700,0.0000,1.0
2010-03-03,20.63,20.63,19.88,19.92,19.92,534200,0.0000,1.0
2010-03-02,20.1,20.6,20.0,20.45,20.45,818700,0.0000,1.0
2010-03-01,19.84,20.08,19.79,20.06,20.06,765200,0.0000,1.0
2010-02-26,19.98,19.99,19.61,19.73,19.73,471100,0.0000,1.0
2010-02-25,19.76,19.97,19.56,19.97,19.97,437500,0.0000,1.0
2010-02-24,19.63,19.935,19.52,19.86,19.86,705100,0.0000,1.0
2010-02-23,19.63,19.94,19.4,19.64,19.64,570300,0.0000,1.0
2010-02-22,18.87,19.8,18.73,19.6,19.6,835200,0.0000,1.0
2010-02-19,18.86,19.36,18.621,18.68,18.68,661500,0.0000,1.0
2010-02-18,18.33,18.86,18.24,18.84,18.84,552200,0.0000,1.0
2010-02-17,18.1,18.31,18.0,18.31,18.31,297400,0.0000,1.0
2010-02-16,18.11,18.27,17.85,18.0,18.0,404000,0.0000,1.0
2010-02-12,17.84,18.0,17.74,17.94,17.94,233900,0.0000,1.0
2010-02-11,17.68,18.05,17.56,18.0,18.0,207600,0.0000,1.0
2010-02-10,17.64,17.79,17.5,17.74,17.74,295800,0.0000,1.0
2010-02-09,17.96,17.99,17.68,17.75,17.75,300700,0.0000,1.0
2010-02-08,17.53,17.96,17.46,17.75,17.75,454100,0.0000,1.0
2010-02-05,17.42,17.58,16.77,17.49,17.49,689100,0.0000,1.0
2010-02-04,17.86,18.08,17.42,17.44,17.44,477000,0.0000,1.0
2010-02-03,17.85,18.16,17.79,17.96,17.96,390000,0.0000,1.0
2010-02-02,18.13,18.14,17.77,17.87,17.87,367900,0.0000,1.0
2010-02-01,18.25,18.49,17.72,18.07,18.07,586700,0.0000,1.0
2010-01-29,18.34,18.54,18.07,18.16,18.16,448400,0.0000,1.0
2010-01-28,18.27,18.53,18.0,18.3,18.3,389100,0.0000,1.0
2010-01-27,17.53,18.24,17.53,18.24,18.24,392100,0.0000,1.0
2010-01-26,17.6,18.09,17.47,17.64,17.64,710600,0.0000,1.0
2010-01-25,18.1,18.2,17.52,17.59,17.59,452700,0.0000,1.0
2010-01-22,18.7,18.7,17.85,18.04,18.04,1104700,0.0000,1.0
2010-01-21,18.08,18.31,17.65,18.25,18.25,735200,0.0000,1.0
2010-01-20,18.02,18.17,17.71,18.11,18.11,297200,0.0000,1.0
2010-01-19,18.14,18.2,17.91,18.16,18.16,375800,0.0000,1.0
2010-01-15,18.32,18.36,17.67,17.91,17.91,415200,0.0000,1.0
2010-01-14,18.04,18.365,18.0,18.23,18.23,460700,0.0000,1.0
2010-01-13,17.97,18.24,17.85,17.96,17.96,433600,0.0000,1.0
2010-01-12,17.68,18.09,17.5,17.86,17.86,407400,0.0000,1.0
2010-01-11,17.3,17.71,17.25,17.69,17.69,416100,0.0000,1.0
2010-01-08,17.06,17.41,17.02,17.22,17.22,317300,0.0000,1.0
2010-01-07,16.9,17.02,16.52,17.02,17.02,179300,0.0000,1.0
2010-01-06,17.02,17.48,16.43,16.83,16.83,689400,0.0000,1.0
2010-01-05,17.49,17.6,16.5,16.87,16.87,770600,0.0000,1.0
2010-01-04,17.47,17.54,17.313,17.46,17.46,324100,0.0000,1.0
2009-12-31,17.31,17.42,17.18,17.2,17.2,214000,0.0000,1.0
2009-12-30,17.4,17.49,17.21,17.26,17.26,263800,0.0000,1.0
2009-12-29,17.43,17.45,17.33,17.37,17.37,217100,0.0000,1.0
2009-12-28,17.15,17.72,17.15,17.35,17.35,270700,0.0000,1.0
2009-12-24,17.24,17.28,17.04,17.15,17.15,109800,0.0000,1.0
2009-12-23,17.05,17.34,16.87,17.05,17.05,323800,0.0000,1.0
2009-12-22,16.96,17.03,16.8,16.93,16.93,428000,0.0000,1.0
2009-12-21,16.67,16.99,16.63,16.9799,16.9799,363700,0.0000,1.0
2009-12-18,16.44,16.623,16.26,16.61,16.61,753800,0.0000,1.0
2009-12-17,16.38,16.45,16.16,16.36,16.36,493200,0.0000,1.0
2009-12-16,16.26,16.52,16.19,16.42,16.42,405100,0.0000,1.0
2009-12-15,16.4,16.55,16.14,16.16,16.16,325900,0.0000,1.0
2009-12-14,16.17,16.5,15.99,16.48,16.48,294000,0.0000,1.0
2009-12-11,15.74,16.18,15.7,16.04,16.04,332300,0.0000,1.0
2009-12-10,15.64,15.96,15.55,15.66,15.66,259900,0.0000,1.0
2009-12-09,15.54,15.6,15.44,15.54,15.54,250000,0.0000,1.0
2009-12-08,15.62,15.69,15.42,15.5,15.5,233500,0.0000,1.0
2009-12-07,15.66,15.95,15.5423,15.75,15.75,291300,0.0000,1.0
2009-12-04,15.74,15.9,15.43,15.62,15.62,410300,0.0000,1.0
2009-12-03,15.66,15.83,15.44,15.44,15.44,392100,0.0000,1.0
2009-12-02,15.28,15.67,15.23,15.65,15.65,402800,0.0000,1.0
2009-12-01,14.92,15.27,14.82,15.21,15.21,333600,0.0000,1.0
2009-11-30,14.67,14.82,14.39,14.77,14.77,289100,0.0000,1.0
2009-11-27,14.65,14.95,14.65,14.69,14.69,122700,0.0000,1.0
2009-11-25,15.1,15.145,14.93,15.05,15.05,140800,0.0000,1.0
2009-11-24,15.29,15.29,14.83,15.04,15.04,217500,0.0000,1.0
2009-11-23,14.93,15.27,14.93,15.24,15.24,356100,0.0000,1.0
2009-11-20,14.65,14.8,14.55,14.72,14.72,280800,0.0000,1.0
2009-11-19,14.97,15.01,14.64,14.78,14.78,313900,0.0000,1.0
2009-11-18,15.15,15.23,14.95,15.07,15.07,244100,0.0000,1.0
2009-11-17,15.1,15.2101,14.97,15.1,15.1,310600,0.0000,1.0
2009-11-16,14.57,15.34,14.57,15.26,15.26,710700,0.0000,1.0
2009-11-13,14.4,14.52,14.27,14.43,14.43,281400,0.0000,1.0
2009-11-12,14.74,14.77,14.23,14.4,14.4,368700,0.0000,1.0
2009-11-11,14.9,14.94,14.6,14.81,14.81,339700,0.0000,1.0
2009-11-10,14.77,14.9,14.54,14.85,14.85,422100,0.0000,1.0
2009-11-09,14.49,14.96,14.4,14.76,14.76,725000,0.0000,1.0
2009-11-06,13.97,14.74,13.81,14.28,14.28,752900,0.0000,1.0
2009-11-05,13.22,13.82,13.04,13.78,13.78,344300,0.0000,1.0
2009-11-04,13.17,13.3,13.07,13.08,13.08,336900,0.0000,1.0
2009-11-03,13.02,13.27,12.82,13.15,13.15,397700,0.0000,1.0
2009-11-02,13.09,13.33,12.75,13.14,13.14,375000,0.0000,1.0
2009-10-30,13.37,13.49,12.95,12.97,12.97,465300,0.0000,1.0
2009-10-29,13.65,13.81,13.31,13.41,13.41,469800,0.0000,1.0
2009-10-28,13.8,13.84,13.48,13.5,13.5,349700,0.0000,1.0
2009-10-27,13.93,14.12,13.76,13.8,13.8,259700,0.0000,1.0
2009-10-26,14.11,14.42,13.87,13.93,13.93,323400,0.0000,1.0
2009-10-23,14.33,14.35,14.0,14.06,14.06,356900,0.0000,1.0
2009-10-22,13.92,14.3,13.87,14.26,14.26,485800,0.0000,1.0
2009-10-21,14.2,14.39,13.88,13.92,13.92,569600,0.0000,1.0
2009-10-20,14.29,14.57,14.08,14.27,14.27,711500,0.0000,1.0
2009-10-19,14.15,14.43,13.99,14.25,14.25,389400,0.0000,1.0
2009-10-16,14.02,14.17,13.83,14.07,14.07,403500,0.0000,1.0
2009-10-15,14.09,14.24,13.98,14.16,14.16,321600,0.0000,1.0
2009-10-14,14.2,14.27,14.02,14.13,14.13,268900,0.0000,1.0
2009-10-13,14.33,14.4,13.93,14.12,14.12,462600,0.0000,1.0
2009-10-12,14.49,14.565,14.4,14.43,14.43,271700,0.0000,1.0
2009-10-09,14.42,14.42,14.23,14.34,14.34,401100,0.0000,1.0
2009-10-08,14.27,14.68,14.2,14.46,14.46,586200,0.0000,1.0
2009-10-07,14.29,14.36,14.2,14.23,14.23,739500,0.0000,1.0
2009-10-06,13.64,14.439,13.55,14.29,14.29,1247900,0.0000,1.0
2009-10-05,13.42,13.76,13.4,13.57,13.57,6107100,0.0000,1.0
2009-10-02,13.17,13.7,13.17,13.21,13.21,650800,0.0000,1.0
2009-10-01,13.56,13.95,13.17,13.17,13.17,551800,0.0000,1.0
2009-09-30,13.63,13.9,13.51,13.66,13.66,284900,0.0000,1.0
2009-09-29,13.75,13.875,13.56,13.66,13.66,390300,0.0000,1.0
2009-09-28,13.66,13.86,13.56,13.78,13.78,490300,0.0000,1.0
2009-09-25,13.58,13.9,13.3,13.56,13.56,1316600,0.0000,1.0
2009-09-24,13.02,13.09,12.81,12.95,12.95,206100,0.0000,1.0
2009-09-23,13.24,13.38,13.0,13.01,13.01,135200,0.0000,1.0
2009-09-22,13.26,13.34,13.01,13.25,13.25,231800,0.0000,1.0
2009-09-21,13.11,13.28,13.11,13.22,13.22,206400,0.0000,1.0
2009-09-18,13.22,13.45,13.0,13.25,13.25,391900,0.0000,1.0
2009-09-17,13.36,13.42,13.06,13.19,13.19,228300,0.0000,1.0
2009-09-16,13.17,13.38,13.1205,13.38,13.38,239500,0.0000,1.0
2009-09-15,12.99,13.24,12.76,13.17,13.17,320900,0.0000,1.0
2009-09-14,12.94,13.07,12.755,13.01,13.01,265500,0.0000,1.0
2009-09-11,13.09,13.15,12.95,12.98,12.98,287800,0.0000,1.0
2009-09-10,12.89,13.11,12.77,13.09,13.09,268100,0.0000,1.0
2009-09-09,12.95,12.97,12.75,12.91,12.91,303100,0.0000,1.0
2009-09-08,12.79,12.89,12.59,12.89,12.89,459000,0.0000,1.0
2009-09-04,12.46,12.64,12.31,12.63,12.63,200900,0.0000,1.0
2009-09-03,12.53,12.59,12.14,12.52,12.52,317600,0.0000,1.0
2009-09-02,12.6,12.79,12.44,12.53,12.53,409400,0.0000,1.0
2009-09-01,13.26,13.58,12.53,12.67,12.67,823100,0.0000,1.0
2009-08-31,13.32,13.3727,13.0,13.37,13.37,329800,0.0000,1.0
2009-08-28,13.48,13.53,13.23,13.46,13.46,340500,0.0000,1.0
2009-08-27,13.4,13.49,13.27,13.41,13.41,198500,0.0000,1.0
2009-08-26,13.19,13.54,13.15,13.4,13.4,381700,0.0000,1.0
2009-08-25,13.33,13.45,13.16,13.24,13.24,431400,0.0000,1.0
2009-08-24,12.83,13.36,12.82,13.23,13.23,401800,0.0000,1.0
2009-08-21,12.52,13.08,12.39,12.77,12.77,696700,0.0000,1.0
2009-08-20,12.35,12.5,12.285,12.38,12.38,384500,0.0000,1.0
2009-08-19,12.16,12.41,12.11,12.41,12.41,290800,0.0000,1.0
2009-08-18,12.04,12.26,12.0,12.23,12.23,284900,0.0000,1.0
2009-08-17,12.15,12.17,11.86,12.02,12.02,497600,0.0000,1.0
2009-08-14,12.46,12.5196,12.1,12.25,12.25,383600,0.0000,1.0
2009-08-13,12.6,12.73,12.41,12.5,12.5,398300,0.0000,1.0
2009-08-12,12.54,12.75,12.51,12.58,12.58,283400,0.0000,1.0
2009-08-11,12.53,12.82,12.35,12.49,12.49,434500,0.0000,1.0
2009-08-10,12.35,12.66,12.35,12.58,12.58,402200,0.0000,1.0
2009-08-07,12.4,12.5,12.215,12.45,12.45,350600,0.0000,1.0
2009-08-06,12.5,12.63,12.15,12.21,12.21,302100,0.0000,1.0
2009-08-05,12.53,12.53,12.21,12.49,12.49,312000,0.0000,1.0
2009-08-04,12.63,12.73,12.47,12.56,12.56,324700,0.0000,1.0
2009-08-03,12.76,12.8,12.38,12.75,12.75,140435,0.0000,1.0
2009-07-31,12.59,12.85,12.59,12.65,12.65,179376,0.0000,1.0
2009-07-30,12.57,12.88,12.38,12.63,12.63,570700,0.0000,1.0
2009-07-29,12.3,12.55,12.21,12.48,12.48,789200,0.0000,1.0
2009-07-28,11.95,12.42,11.95,12.35,12.35,665800,0.0000,1.0
2009-07-27,12.01,12.03,11.72,12.02,12.02,488800,0.0000,1.0
2009-07-24,11.76,12.13,11.35,12.08,12.08,514900,0.0000,1.0
2009-07-23,11.49,12.14,11.45,11.81,11.81,965300,0.0000,1.0
2009-07-22,11.15,11.55,11.09,11.53,11.53,906200,0.0000,1.0
2009-07-21,10.64,11.3,10.6,11.23,11.23,801900,0.0000,1.0
2009-07-20,10.54,10.7,10.48,10.56,10.56,560200,0.0000,1.0
2009-07-17,10.83,10.85,10.53,10.53,10.53,328000,0.0000,1.0
2009-07-16,10.59,10.84,10.44,10.8,10.8,717400,0.0000,1.0
2009-07-15,10.44,10.71,10.36,10.67,10.67,901100,0.0000,1.0
2009-07-14,10.31,10.31,10.14,10.29,10.29,390200,0.0000,1.0
2009-07-13,10.27,10.35,10.03,10.35,10.35,495500,0.0000,1.0
2009-07-10,10.07,10.3,10.0,10.26,10.26,496900,0.0000,1.0
2009-07-09,10.22,10.31,10.05,10.09,10.09,313400,0.0000,1.0
2009-07-08,10.23,10.3035,10.09,10.19,10.19,501400,0.0000,1.0
2009-07-07,10.47,10.47,10.18,10.21,10.21,429800,0.0000,1.0
2009-07-06,10.35,10.53,10.26,10.42,10.42,503400,0.0000,1.0
2009-07-02,10.51,10.53,10.26,10.36,10.36,442500,0.0000,1.0
2009-07-01,10.84,10.87,10.51,10.55,10.55,665100,0.0000,1.0
2009-06-30,10.74,10.81,10.52,10.78,10.78,595800,0.0000,1.0
2009-06-29,10.54,10.84,10.5,10.7,10.7,335200,0.0000,1.0
2009-06-26,10.61,10.7,10.49,10.55,10.55,919300,0.0000,1.0
2009-06-25,10.49,10.77,10.37,10.6,10.6,547000,0.0000,1.0
2009-06-24,10.58,10.6694,10.41,10.51,10.51,324000,0.0000,1.0
2009-06-23,10.88,10.97,10.32,10.53,10.53,506300,0.0000,1.0
2009-06-22,10.81,10.89,10.64,10.78,10.78,582000,0.0000,1.0
2009-06-19,10.59,11.09,10.42,10.88,10.88,1257100,0.0000,1.0
2009-06-18,10.22,10.5,10.18,10.41,10.41,678500,0.0000,1.0
2009-06-17,10.37,10.44,10.11,10.2,10.2,1606200,0.0000,1.0
2009-06-16,10.81,10.86,10.3,10.36,10.36,1102700,0.0000,1.0
2009-06-15,11.02,11.025,10.45,10.64,10.64,1095400,0.0000,1.0
2009-06-12,11.6,11.63,10.79,10.99,10.99,3524900,0.0000,1.0
2009-06-11,12.8,13.2,12.8,12.89,12.89,217700,0.0000,1.0
2009-06-10,13.2,13.2,12.8,12.97,12.97,399800,0.0000,1.0
2009-06-09,13.03,13.2,12.97,13.11,13.11,215400,0.0000,1.0
2009-06-08,13.02,13.05,12.88,12.93,12.93,640400,0.0000,1.0
2009-06-05,13.12,13.3,12.955,13.1,13.1,414600,0.0000,1.0
2009-06-04,13.01,13.13,12.91,13.04,13.04,385200,0.0000,1.0
2009-06-03,12.55,13.0,12.55,12.99,12.99,312900,0.0000,1.0
2009-06-02,12.61,12.7,12.465,12.6,12.6,537700,0.0000,1.0
2009-06-01,12.3,12.81,12.29,12.7,12.7,722700,0.0000,1.0
2009-05-29,12.01,12.2,11.85,12.15,12.15,431300,0.0000,1.0
2009-05-28,12.0,12.24,11.63,11.94,11.94,422400,0.0000,1.0
2009-05-27,11.65,12.39,11.65,11.79,11.79,492800,0.0000,1.0
2009-05-26,11.42,12.05,11.42,11.99,11.99,529100,0.0000,1.0
2009-05-22,11.72,11.92,11.41,11.48,11.48,346900,0.0000,1.0
2009-05-21,11.66,11.76,11.5,11.65,11.65,318700,0.0000,1.0
2009-05-20,11.88,12.01,11.67,11.69,11.69,442600,0.0000,1.0
2009-05-19,12.1,12.1,11.74,11.77,11.77,332300,0.0000,1.0
2009-05-18,11.87,12.0,11.7,11.99,11.99,301500,0.0000,1.0
2009-05-15,11.79,12.0,11.67,11.68,11.68,387600,0.0000,1.0
2009-05-14,11.92,12.08,11.76,11.82,11.82,233500,0.0000,1.0
2009-05-13,12.06,12.13,11.83,11.84,11.84,498500,0.0000,1.0
2009-05-12,12.51,12.5234,12.17,12.29,12.29,292200,0.0000,1.0
2009-05-11,13.05,13.05,12.5,12.54,12.54,374700,0.0000,1.0
2009-05-08,13.01,13.25,12.91,13.14,13.14,435100,0.0000,1.0
2009-05-07,12.95,13.03,12.69,12.81,12.81,455900,0.0000,1.0
2009-05-06,12.74,12.79,12.6,12.76,12.76,313900,0.0000,1.0
2009-05-05,12.5,12.63,12.4,12.57,12.57,530400,0.0000,1.0
2009-05-04,12.4,12.64,12.21,12.5,12.5,450900,0.0000,1.0
2009-05-01,12.3,12.58,12.17,12.33,12.33,726700,0.0000,1.0
2009-04-30,12.7,12.84,12.35,12.39,12.39,414800,0.0000,1.0
2009-04-29,12.15,12.71,12.0,12.64,12.64,480800,0.0000,1.0
2009-04-28,12.01,12.24,11.88,12.11,12.11,444100,0.0000,1.0
2009-04-27,12.25,12.52,12.04,12.06,12.06,718500,0.0000,1.0
2009-04-24,13.0,13.0,11.46,12.53,12.53,2117800,0.0000,1.0
2009-04-23,13.22,13.61,12.51,13.25,13.25,703100,0.0000,1.0
2009-04-22,12.87,13.86,12.6,13.25,13.25,663100,0.0000,1.0
2009-04-21,12.46,13.11,12.278,13.1,13.1,561800,0.0000,1.0
2009-04-20,12.67,12.73,12.5,12.55,12.55,465500,0.0000,1.0
2009-04-17,13.03,13.14,12.83,13.01,13.01,289300,0.0000,1.0
2009-04-16,13.02,13.15,12.78,12.96,12.96,423900,0.0000,1.0
2009-04-15,12.6,13.05,12.53,12.96,12.96,324700,0.0000,1.0
2009-04-14,12.71,12.9,12.43,12.64,12.64,456500,0.0000,1.0
2009-04-13,12.58,12.94,12.5,12.92,12.92,344900,0.0000,1.0
2009-04-09,12.2,12.78,12.19,12.72,12.72,606700,0.0000,1.0
2009-04-08,11.54,11.79,11.4,11.68,11.68,267300,0.0000,1.0
2009-04-07,11.86,11.97,11.48,11.51,11.51,416100,0.0000,1.0
2009-04-06,12.29,12.37,11.67,11.97,11.97,504300,0.0000,1.0
2009-04-03,12.2,12.46,12.1,12.45,12.45,414200,0.0000,1.0
2009-04-02,11.9,12.39,11.61,12.17,12.17,693000,0.0000,1.0
2009-04-01,11.4,11.8025,11.31,11.65,11.65,386700,0.0000,1.0
2009-03-31,11.8,11.8,11.32,11.57,11.57,519600,0.0000,1.0
2009-03-30,11.76,11.8,11.3,11.7,11.7,416300,0.0000,1.0
2009-03-27,12.16,12.44,11.96,12.06,12.06,313200,0.0000,1.0
2009-03-26,11.67,12.35,11.51,12.34,12.34,448200,0.0000,1.0
2009-03-25,11.37,11.5,10.91,11.5,11.5,551700,0.0000,1.0
2009-03-24,10.87,11.05,10.63,10.86,10.86,529100,0.0000,1.0
2009-03-23,11.26,11.3,10.58,10.99,10.99,842900,0.0000,1.0
2009-03-20,11.49,11.58,10.9025,10.94,10.94,662900,0.0000,1.0
2009-03-19,11.38,11.58,11.3,11.44,11.44,523900,0.0000,1.0
2009-03-18,10.84,11.29,10.72,11.27,11.27,871200,0.0000,1.0
2009-03-17,10.95,11.04,10.66,10.85,10.85,550700,0.0000,1.0
2009-03-16,11.24,11.48,10.895,10.99,10.99,618800,0.0000,1.0
2009-03-13,11.0,11.26,10.91,11.17,11.17,511900,0.0000,1.0
2009-03-12,10.65,11.14,10.46,10.91,10.91,875100,0.0000,1.0
2009-03-11,10.34,10.82,10.2,10.46,10.46,594200,0.0000,1.0
2009-03-10,9.77,10.34,9.55,10.31,10.31,488400,0.0000,1.0
2009-03-09,9.78,10.04,9.54,9.58,9.58,515200,0.0000,1.0
2009-03-06,10.02,10.17,9.74,9.91,9.91,638100,0.0000,1.0
2009-03-05,10.4,10.4,9.95,9.98,9.98,710400,0.0000,1.0
2009-03-04,10.0,10.62,9.99,10.49,10.49,775800,0.0000,1.0
2009-03-03,9.79,10.15,9.52,9.85,9.85,641800,0.0000,1.0
2009-03-02,10.04,10.28,9.5,9.63,9.63,1101600,0.0000,1.0
2009-02-27,10.89,11.12,9.92,10.28,10.28,3006900,0.0000,1.0
2009-02-26,12.86,13.12,10.75,11.23,11.23,1906600,0.0000,1.0
2009-02-25,12.9,12.99,12.32,12.71,12.71,403500,0.0000,1.0
2009-02-24,12.55,13.01,12.23,12.96,12.96,608700,0.0000,1.0
2009-02-23,12.3,12.73,12.27,12.35,12.35,620400,0.0000,1.0
2009-02-20,12.53,12.8,11.7,12.29,12.29,1482800,0.0000,1.0
2009-02-19,12.97,13.22,12.5,12.74,12.74,331500,0.0000,1.0
2009-02-18,13.12,13.3,12.59,12.9,12.9,600200,0.0000,1.0
2009-02-17,13.39,13.48,13.11,13.11,13.11,579100,0.0000,1.0
2009-02-13,13.92,14.23,13.65,13.71,13.71,336600,0.0000,1.0
2009-02-12,13.54,13.95,13.37,13.87,13.87,527000,0.0000,1.0
2009-02-11,13.77,13.97,13.46,13.71,13.71,268600,0.0000,1.0
2009-02-10,13.82,14.26,13.68,13.74,13.74,401700,0.0000,1.0
2009-02-09,13.8,14.33,13.61,14.01,14.01,392400,0.0000,1.0
2009-02-06,13.45,13.98,13.36,13.87,13.87,450900,0.0000,1.0
2009-02-05,13.22,13.76,13.17,13.53,13.53,407100,0.0000,1.0
2009-02-04,13.54,13.61,13.12,13.26,13.26,319400,0.0000,1.0
2009-02-03,13.95,13.99,13.38,13.58,13.58,526000,0.0000,1.0
2009-02-02,13.32,13.97,13.15,13.92,13.92,478400,0.0000,1.0
2009-01-30,14.15,14.29,13.5,13.57,13.57,407600,0.0000,1.0
2009-01-29,14.14,14.43,14.0,14.06,14.06,519700,0.0000,1.0
2009-01-28,14.68,14.68,14.35,14.66,14.66,814500,0.0000,1.0
2009-01-27,14.5,14.68,14.42,14.65,14.65,1015200,0.0000,1.0
2009-01-26,14.21,14.61,13.91,14.43,14.43,981200,0.0000,1.0
2009-01-23,13.69,14.65,12.81,14.15,14.15,1732500,0.0000,1.0
2009-01-22,12.94,13.33,12.4,12.49,12.49,1176900,0.0000,1.0
2009-01-21,14.04,14.42,12.35,13.26,13.26,2392000,0.0000,1.0
2009-01-20,14.0,14.51,13.71,13.93,13.93,1081700,0.0000,1.0
2009-01-16,14.32,14.32,13.51,14.05,14.05,674100,0.0000,1.0
2009-01-15,13.62,14.37,13.51,14.19,14.19,786100,0.0000,1.0
2009-01-14,13.56,13.81,13.29,13.6,13.6,750300,0.0000,1.0
2009-01-13,13.98,14.3,13.63,13.86,13.86,907500,0.0000,1.0
2009-01-12,14.16,14.55,13.92,14.09,14.09,1018200,0.0000,1.0
2009-01-09,13.79,13.97,13.5,13.71,13.71,888700,0.0000,1.0
2009-01-08,14.0,14.0,13.24,13.79,13.79,1258100,0.0000,1.0
2009-01-07,16.07,16.17,13.95,14.18,14.18,2226300,0.0000,1.0
2009-01-06,16.13,17.01,16.05,16.79,16.79,791100,0.0000,1.0
2009-01-05,15.8,16.4,15.68,16.09,16.09,925200,0.0000,1.0
2009-01-02,15.26,16.03,15.1,15.73,15.73,711600,0.0000,1.0
2008-12-31,14.81,15.36,14.7,15.21,15.21,1222500,0.0000,1.0
2008-12-30,14.25,14.83,14.1,14.81,14.81,1245100,0.0000,1.0
2008-12-29,14.85,14.89,14.08,14.25,14.25,696600,0.0000,1.0
2008-12-26,14.94,14.94,14.61,14.73,14.73,435300,0.0000,1.0
2008-12-24,14.93,14.98,14.65,14.81,14.81,337700,0.0000,1.0
2008-12-23,15.5,15.65,14.73,14.93,14.93,632300,0.0000,1.0
2008-12-22,16.1,16.11,15.08,15.29,15.29,759500,0.0000,1.0
2008-12-19,16.15,16.98,15.85,16.0,16.0,1130500,0.0000,1.0
2008-12-18,17.5,17.56,16.03,16.25,16.25,1106700,0.0000,1.0
2008-12-17,17.3,18.22,17.01,17.56,17.56,532900,0.0000,1.0
2008-12-16,17.3,17.5,16.74,17.46,17.46,621800,0.0000,1.0
2008-12-15,16.9,17.4,16.5,16.94,16.94,523700,0.0000,1.0
2008-12-12,15.76,17.15,14.6,16.87,16.87,533300,0.0000,1.0
2008-12-11,16.67,17.49,16.17,16.35,16.35,594400,0.0000,1.0
2008-12-10,16.8,17.35,16.42,16.77,16.77,570200,0.0000,1.0
2008-12-09,17.29,17.98,16.5,16.59,16.59,529400,0.0000,1.0
2008-12-08,17.44,17.8,16.79,17.5,17.5,809900,0.0000,1.0
2008-12-05,15.54,17.0,15.43,16.94,16.94,565700,0.0000,1.0
2008-12-04,16.69,17.43,15.33,15.67,15.67,898400,0.0000,1.0
2008-12-03,15.8,16.98,15.75,16.85,16.85,699400,0.0000,1.0
2008-12-02,15.54,16.34,15.09,16.18,16.18,657300,0.0000,1.0
2008-12-01,16.27,16.465,15.14,15.22,15.22,718900,0.0000,1.0
2008-11-28,16.54,16.6,16.0,16.49,16.49,252400,0.0000,1.0
2008-11-26,15.72,16.69,15.3,16.61,16.61,465700,0.0000,1.0
2008-11-25,16.13,16.31,15.75,15.97,15.97,750000,0.0000,1.0
2008-11-24,15.11,16.05,14.77,15.89,15.89,613200,0.0000,1.0
2008-11-21,13.56,15.02,13.18,15.0,15.0,759600,0.0000,1.0
2008-11-20,13.42,14.25,13.03,13.38,13.38,573600,0.0000,1.0
2008-11-19,14.56,15.06,13.68,13.71,13.71,604300,0.0000,1.0
2008-11-18,14.47,14.98,13.85,14.55,14.55,442900,0.0000,1.0
2008-11-17,15.11,15.12,14.25,14.55,14.55,527200,0.0000,1.0
2008-11-14,16.87,16.91,15.32,15.35,15.35,435600,0.0000,1.0
2008-11-13,15.56,16.85,14.97,16.77,16.77,853800,0.0000,1.0
2008-11-12,15.46,16.09,15.41,15.45,15.45,820800,0.0000,1.0
2008-11-11,15.17,15.98,14.99,15.7,15.7,374300,0.0000,1.0
2008-11-10,15.86,16.2,15.08,15.44,15.44,438200,0.0000,1.0
2008-11-07,14.58,15.5,14.58,15.26,15.26,427100,0.0000,1.0
2008-11-06,14.84,15.0,14.23,14.44,14.44,379700,0.0000,1.0
2008-11-05,15.67,15.96,14.5,14.54,14.54,450800,0.0000,1.0
2008-11-04,16.2,16.5,15.28,15.59,15.59,596500,0.0000,1.0
2008-11-03,15.98,16.35,15.63,15.9,15.9,413600,0.0000,1.0
2008-10-31,16.64,16.73,15.37,15.84,15.84,655600,0.0000,1.0
2008-10-30,15.2,16.7,14.75,16.64,16.64,547900,0.0000,1.0
2008-10-29,15.41,15.82,14.26,14.78,14.78,597000,0.0000,1.0
2008-10-28,13.47,15.45,13.12,15.4,15.4,590400,0.0000,1.0
2008-10-27,13.49,14.05,13.09,13.21,13.21,374000,0.0000,1.0
2008-10-24,12.05,14.18,11.74,13.62,13.62,563000,0.0000,1.0
2008-10-23,14.35,14.44,12.44,13.22,13.22,766100,0.0000,1.0
2008-10-22,15.03,15.22,14.2,14.54,14.54,441900,0.0000,1.0
2008-10-21,14.93,16.42,14.76,15.56,15.56,670800,0.0000,1.0
2008-10-20,14.05,15.1,14.01,15.1,15.1,677100,0.0000,1.0
2008-10-17,13.5,15.22,12.56,13.52,13.52,609300,0.0000,1.0
2008-10-16,13.32,14.07,12.67,13.97,13.97,840200,0.0000,1.0
2008-10-15,13.63,13.69,12.93,13.14,13.14,511700,0.0000,1.0
2008-10-14,14.47,14.69,13.59,13.77,13.77,711000,0.0000,1.0
2008-10-13,13.38,14.07,13.0,14.07,14.07,527700,0.0000,1.0
2008-10-10,11.55,12.59,11.0,12.57,12.57,1404500,0.0000,1.0
2008-10-09,14.19,14.88,11.87,12.04,12.04,947900,0.0000,1.0
2008-10-08,14.7,15.28,13.7,13.88,13.88,774700,0.0000,1.0
2008-10-07,16.08,16.24,15.04,15.05,15.05,459000,0.0000,1.0
2008-10-06,16.65,16.74,14.5,15.99,15.99,1002700,0.0000,1.0
2008-10-03,17.93,18.0,16.86,16.94,16.94,785900,0.0000,1.0
2008-10-02,19.08,19.09,17.33,17.51,17.51,623400,0.0000,1.0
2008-10-01,18.79,18.8,17.8,18.28,18.28,685700,0.0000,1.0
2008-09-30,17.77,19.25,17.57,18.8,18.8,1714800,0.0000,1.0
2008-09-29,17.03,17.68,15.87,17.48,17.48,1164100,0.0000,1.0
2008-09-26,16.2,17.13,15.93,17.09,17.09,602000,0.0000,1.0
2008-09-25,16.42,16.56,16.12,16.38,16.38,398400,0.0000,1.0
2008-09-24,16.52,16.95,16.11,16.29,16.29,592800,0.0000,1.0
2008-09-23,16.08,16.52,16.03,16.35,16.35,620200,0.0000,1.0
2008-09-22,16.52,16.6199,15.13,16.05,16.05,530200,0.0000,1.0
2008-09-19,16.41,16.98,15.02,16.54,16.54,1125700,0.0000,1.0
2008-09-18,16.16,16.56,14.72,15.4,15.4,841800,0.0000,1.0
2008-09-17,16.21,16.98,15.43,15.89,15.89,1027400,0.0000,1.0
2008-09-16,15.1,16.36,14.5,16.35,16.35,619600,0.0000,1.0
2008-09-15,15.91,16.0291,15.35,15.56,15.56,373100,0.0000,1.0
2008-09-12,16.46,16.76,16.16,16.39,16.39,293300,0.0000,1.0
2008-09-11,16.49,16.81,16.1,16.54,16.54,610500,0.0000,1.0
2008-09-10,16.64,16.99,16.2,16.8,16.8,584100,0.0000,1.0
2008-09-09,16.87,17.43,16.16,16.18,16.18,636100,0.0000,1.0
2008-09-08,16.14,17.16,16.14,17.11,17.11,924900,0.0000,1.0
2008-09-05,15.31,15.75,15.18,15.62,15.62,375100,0.0000,1.0
2008-09-04,16.2,16.31,15.45,15.48,15.48,467500,0.0000,1.0
2008-09-03,15.92,16.5,15.92,16.41,16.41,542000,0.0000,1.0
2008-09-02,15.7,16.26,15.5,15.99,15.99,741800,0.0000,1.0
2008-08-29,15.66,15.66,14.88,15.59,15.59,369500,0.0000,1.0
2008-08-28,14.88,15.68,14.84,15.6,15.6,467200,0.0000,1.0
2008-08-27,14.45,14.86,14.45,14.81,14.81,358800,0.0000,1.0
2008-08-26,14.32,14.64,14.26,14.48,14.48,323100,0.0000,1.0
2008-08-25,14.57,14.77,14.29,14.47,14.47,605400,0.0000,1.0
2008-08-22,14.68,15.06,14.55,14.88,14.88,257800,0.0000,1.0
2008-08-21,14.51,14.97,14.42,14.63,14.63,461400,0.0000,1.0
2008-08-20,14.43,15.07,14.1,14.7,14.7,598400,0.0000,1.0
2008-08-19,14.46,14.49,14.07,14.42,14.42,510300,0.0000,1.0
2008-08-18,15.1,15.1,14.31,14.46,14.46,592900,0.0000,1.0
2008-08-15,15.07,15.38,14.9,15.21,15.21,969100,0.0000,1.0
2008-08-14,14.96,15.04,14.69,14.97,14.97,750800,0.0000,1.0
2008-08-13,14.5,15.24,14.17,15.2,15.2,1020800,0.0000,1.0
2008-08-12,15.4,15.53,13.86,14.66,14.66,1938400,0.0000,1.0
2008-08-11,17.06,17.8,15.19,15.43,15.43,2582700,0.0000,1.0
2008-08-08,17.33,17.96,16.89,17.1,17.1,593400,0.0000,1.0
2008-08-07,17.76,18.48,17.43,17.5,17.5,1044400,0.0000,1.0
2008-08-06,17.74,17.99,17.19,17.89,17.89,569900,0.0000,1.0
2008-08-05,17.42,18.051,17.01,17.75,17.75,771600,0.0000,1.0
2008-08-04,18.05,18.06,16.9,17.26,17.26,796900,0.0000,1.0
2008-08-01,18.09,18.14,17.51,18.02,18.02,423100,0.0000,1.0
2008-07-31,17.66,18.4,17.63,17.98,17.98,524500,0.0000,1.0
2008-07-30,18.38,18.5,17.64,17.96,17.96,753900,0.0000,1.0
2008-07-29,17.92,18.25,17.0,18.16,18.16,788100,0.0000,1.0
2008-07-28,17.8,18.21,17.5,17.92,17.92,699100,0.0000,1.0
2008-07-25,17.42,17.87,16.7,17.84,17.84,859900,0.0000,1.0
2008-07-24,18.99,18.99,17.0,17.22,17.22,1563100,0.0000,1.0
2008-07-23,17.69,18.9,17.2401,18.79,18.79,2415800,0.0000,1.0
2008-07-22,16.7,17.41,16.665,17.35,17.35,930700,0.0000,1.0
2008-07-21,17.59,17.75,16.56,16.78,16.78,1082500,0.0000,1.0
2008-07-18,17.69,17.94,17.29,17.48,17.48,774300,0.0000,1.0
2008-07-17,16.85,17.8,16.5,17.75,17.75,1287600,0.0000,1.0
2008-07-16,15.67,16.78,15.5,16.75,16.75,1203700,0.0000,1.0
2008-07-15,16.01,16.31,15.53,15.64,15.64,867400,0.0000,1.0
2008-07-14,15.92,16.67,15.79,16.13,16.13,1107300,0.0000,1.0
2008-07-11,15.92,16.49,15.49,16.36,16.36,712200,0.0000,1.0
2008-07-10,15.45,16.42,15.12,16.09,16.09,1099700,0.0000,1.0
2008-07-09,15.92,15.99,15.37,15.41,15.41,2075100,0.0000,1.0
2008-07-08,14.29,15.57,14.29,15.47,15.47,1859900,0.0000,1.0
2008-07-07,13.14,14.25,13.01,14.12,14.12,1083800,0.0000,1.0
2008-07-03,12.89,13.21,12.79,13.01,13.01,228100,0.0000,1.0
2008-07-02,13.04,13.26,12.76,12.87,12.87,347200,0.0000,1.0
2008-07-01,12.59,13.06,12.32,13.03,13.03,538000,0.0000,1.0
2008-06-30,12.95,13.58,12.75,12.75,12.75,425600,0.0000,1.0
2008-06-27,13.14,13.31,12.87,12.95,12.95,799700,0.0000,1.0
2008-06-26,13.59,13.75,13.0,13.16,13.16,641900,0.0000,1.0
2008-06-25,13.61,13.97,13.53,13.8,13.8,375100,0.0000,1.0
2008-06-24,13.31,13.7,13.28,13.6,13.6,773900,0.0000,1.0
2008-06-23,13.59,13.64,13.15,13.27,13.27,198300,0.0000,1.0
2008-06-20,13.43,13.52,13.26,13.48,13.48,474500,0.0000,1.0
2008-06-19,13.48,13.78,13.18,13.53,13.53,340400,0.0000,1.0
2008-06-18,13.74,13.76,13.42,13.53,13.53,341100,0.0000,1.0
2008-06-17,14.21,14.21,13.56,13.78,13.78,729100,0.0000,1.0
2008-06-16,13.96,14.38,13.89,14.23,14.23,467300,0.0000,1.0
2008-06-13,13.8,13.98,13.54,13.98,13.98,570800,0.0000,1.0
2008-06-12,13.4,13.94,13.4,13.8,13.8,651200,0.0000,1.0
2008-06-11,13.34,13.44,13.11,13.2,13.2,322600,0.0000,1.0
2008-06-10,13.08,13.46,13.0501,13.38,13.38,491800,0.0000,1.0
2008-06-09,13.07,13.4599,12.91,13.14,13.14,797600,0.0000,1.0
2008-06-06,12.45,12.95,12.21,12.85,12.85,785900,0.0000,1.0
2008-06-05,12.11,12.33,11.8601,12.33,12.33,414700,0.0000,1.0
2008-06-04,11.95,12.36,11.95,12.1,12.1,495500,0.0000,1.0
2008-06-03,12.38,12.5,11.94,12.03,12.03,441600,0.0000,1.0
2008-06-02,12.58,12.72,12.22,12.36,12.36,260100,0.0000,1.0
2008-05-30,12.46,12.65,12.26,12.63,12.63,371300,0.0000,1.0
2008-05-29,12.0,12.45,12.0,12.4,12.4,329800,0.0000,1.0
2008-05-28,12.32,12.49,11.9,12.06,12.06,539600,0.0000,1.0
2008-05-27,12.35,12.65,12.3,12.46,12.46,408500,0.0000,1.0
2008-05-23,12.0,12.38,12.0,12.36,12.36,336500,0.0000,1.0
2008-05-22,12.07,12.26,11.96,12.08,12.08,355800,0.0000,1.0
2008-05-21,12.27,12.47,12.06,12.06,12.06,590800,0.0000,1.0
2008-05-20,12.11,12.26,11.89,12.18,12.18,368000,0.0000,1.0
2008-05-19,12.1,12.44,12.06,12.13,12.13,529300,0.0000,1.0
2008-05-16,12.52,12.57,12.03,12.13,12.13,377100,0.0000,1.0
2008-05-15,12.07,12.54,12.0,12.47,12.47,421100,0.0000,1.0
2008-05-14,12.15,12.41,11.92,12.1,12.1,429200,0.0000,1.0
2008-05-13,12.22,12.29,11.97,12.13,12.13,426800,0.0000,1.0
2008-05-12,12.23,12.25,11.93,12.23,12.23,515400,0.0000,1.0
2008-05-09,11.84,12.27,11.82,12.18,12.18,489300,0.0000,1.0
2008-05-08,12.1,12.24,11.69,11.89,11.89,968400,0.0000,1.0
2008-05-07,12.27,12.33,12.0,12.06,12.06,400600,0.0000,1.0
2008-05-06,12.17,12.32,11.96,12.27,12.27,245900,0.0000,1.0
2008-05-05,12.17,12.31,11.95,12.18,12.18,346100,0.0000,1.0
2008-05-02,12.39,12.56,12.04,12.13,12.13,509800,0.0000,1.0
2008-05-01,12.16,12.57,11.96,12.32,12.32,764000,0.0000,1.0
2008-04-30,12.83,12.9,11.9,12.14,12.14,1390900,0.0000,1.0
2008-04-29,12.95,12.96,12.58,12.76,12.76,659500,0.0000,1.0
2008-04-28,13.03,13.25,12.76,13.0,13.0,1052400,0.0000,1.0
2008-04-25,13.7,13.96,12.39,12.87,12.87,2136300,0.0000,1.0
2008-04-24,14.08,14.88,14.08,14.7,14.7,727800,0.0000,1.0
2008-04-23,13.65,14.08,13.52,14.08,14.08,634300,0.0000,1.0
2008-04-22,13.69,13.78,13.38,13.62,13.62,469700,0.0000,1.0
2008-04-21,14.1,14.1,13.61,13.68,13.68,297200,0.0000,1.0
2008-04-18,13.95,14.23,13.79,14.04,14.04,423900,0.0000,1.0
2008-04-17,13.62,13.77,13.21,13.7,13.7,360100,0.0000,1.0
2008-04-16,13.15,13.48,13.0,13.46,13.46,474100,0.0000,1.0
2008-04-15,12.77,13.39,12.52,13.0,13.0,272200,0.0000,1.0
2008-04-14,12.93,13.012,12.58,12.71,12.71,426300,0.0000,1.0
2008-04-11,13.1,13.31,12.82,12.96,12.96,272100,0.0000,1.0
2008-04-10,13.33,13.55,13.1,13.19,13.19,363800,0.0000,1.0
2008-04-09,13.58,13.72,13.2,13.25,13.25,507700,0.0000,1.0
2008-04-08,13.58,13.6,13.31,13.53,13.53,245800,0.0000,1.0
2008-04-07,13.45,13.71,13.355,13.63,13.63,408900,0.0000,1.0
2008-04-04,13.04,13.55,12.94,13.39,13.39,459200,0.0000,1.0
2008-04-03,12.95,13.11,12.58,13.0,13.0,360300,0.0000,1.0
2008-04-02,13.0,13.36,12.89,13.01,13.01,539700,0.0000,1.0
2008-04-01,12.5,12.9,12.46,12.9,12.9,352100,0.0000,1.0
2008-03-31,12.43,12.49,12.1,12.31,12.31,407400,0.0000,1.0
2008-03-28,12.68,12.733,12.26,12.39,12.39,353300,0.0000,1.0
2008-03-27,12.8,12.85,12.44,12.67,12.67,359800,0.0000,1.0
2008-03-26,13.0,13.0,12.5,12.75,12.75,610200,0.0000,1.0
2008-03-25,12.89,13.03,12.5742,13.03,13.03,465800,0.0000,1.0
2008-03-24,12.5,12.97,12.5,12.91,12.91,605100,0.0000,1.0
2008-03-20,12.05,12.43,11.93,12.38,12.38,736900,0.0000,1.0
2008-03-19,12.48,12.49,11.82,11.91,11.91,433300,0.0000,1.0
2008-03-18,11.75,12.35,11.7,12.31,12.31,522400,0.0000,1.0
2008-03-17,10.97,11.54,10.7,11.45,11.45,439300,0.0000,1.0
2008-03-14,11.31,11.63,10.81,10.97,10.97,353300,0.0000,1.0
2008-03-13,11.25,11.41,11.03,11.24,11.24,520100,0.0000,1.0
2008-03-12,10.95,11.6,10.82,11.39,11.39,610800,0.0000,1.0
2008-03-11,10.95,11.0,10.51,10.95,10.95,678000,0.0000,1.0
2008-03-10,11.0,11.16,10.51,10.63,10.63,387100,0.0000,1.0
2008-03-07,11.1,11.13,10.86,10.94,10.94,701600,0.0000,1.0
2008-03-06,11.4,11.5,11.06,11.11,11.11,275700,0.0000,1.0
2008-03-05,11.65,11.73,11.39,11.44,11.44,611600,0.0000,1.0
2008-03-04,11.49,11.75,11.31,11.57,11.57,438000,0.0000,1.0
2008-03-03,11.77,12.01,11.59,11.63,11.63,414200,0.0000,1.0
2008-02-29,11.92,12.14,11.61,11.73,11.73,368500,0.0000,1.0
2008-02-28,12.26,12.26,11.94,12.08,12.08,493900,0.0000,1.0
2008-02-27,11.81,12.42,11.81,12.36,12.36,612900,0.0000,1.0
2008-02-26,11.97,12.02,11.6,11.81,11.81,744400,0.0000,1.0
2008-02-25,11.74,12.08,11.6,12.05,12.05,284200,0.0000,1.0
2008-02-22,11.86,12.14,11.57,11.76,11.76,477600,0.0000,1.0
2008-02-21,12.25,12.4,11.8,11.82,11.82,238000,0.0000,1.0
2008-02-20,12.08,12.27,12.01,12.19,12.19,292300,0.0000,1.0
2008-02-19,12.24,12.32,11.9,12.15,12.15,257900,0.0000,1.0
2008-02-15,12.2,12.38,11.96,12.1,12.1,301000,0.0000,1.0
2008-02-14,12.65,12.74,12.19,12.28,12.28,297300,0.0000,1.0
2008-02-13,12.4,12.91,12.39,12.67,12.67,547100,0.0000,1.0
2008-02-12,12.25,12.57,12.06,12.25,12.25,372500,0.0000,1.0
2008-02-11,12.59,12.65,12.12,12.17,12.17,394900,0.0000,1.0
2008-02-08,12.68,12.85,12.37,12.52,12.52,225600,0.0000,1.0
2008-02-07,12.66,12.99,12.51,12.7,12.7,368100,0.0000,1.0
2008-02-06,12.7,13.04,12.64,12.71,12.71,376100,0.0000,1.0
2008-02-05,12.75,13.02,12.2,12.63,12.63,330900,0.0000,1.0
2008-02-04,13.45,13.5,12.92,13.03,13.03,334500,0.0000,1.0
2008-02-01,13.28,13.46,12.83,13.45,13.45,307000,0.0000,1.0
2008-01-31,12.94,13.31,12.7,13.2,13.2,440700,0.0000,1.0
2008-01-30,13.13,13.63,12.99,13.18,13.18,617200,0.0000,1.0
2008-01-29,13.01,13.36,12.87,13.25,13.25,883700,0.0000,1.0
2008-01-28,12.6,13.09,12.35,12.96,12.96,737000,0.0000,1.0
2008-01-25,12.93,12.96,12.45,12.55,12.55,1293400,0.0000,1.0
2008-01-24,11.45,11.7,11.29,11.65,11.65,793200,0.0000,1.0
2008-01-23,10.65,11.45,10.25,11.42,11.42,797300,0.0000,1.0
2008-01-22,10.47,11.6,10.0,11.08,11.08,614000,0.0000,1.0
2008-01-18,10.7,11.2,10.63,10.91,10.91,433500,0.0000,1.0
2008-01-17,11.03,11.18,10.39,10.66,10.66,440400,0.0000,1.0
2008-01-16,10.65,11.43,10.46,11.01,11.01,1221500,0.0000,1.0
2008-01-15,10.97,11.13,10.65,10.7,10.7,527500,0.0000,1.0
2008-01-14,11.3,11.3,10.84,11.15,11.15,499400,0.0000,1.0
2008-01-11,11.34,11.37,11.0,11.03,11.03,451200,0.0000,1.0
2008-01-10,11.09,11.49,10.96,11.41,11.41,566100,0.0000,1.0
2008-01-09,10.68,11.25,10.63,11.24,11.24,649000,0.0000,1.0
2008-01-08,10.83,11.17,10.69,10.73,10.73,564400,0.0000,1.0
2008-01-07,10.43,10.96,10.25,10.8,10.8,606200,0.0000,1.0
2008-01-04,10.74,10.79,10.33,10.4,10.4,732500,0.0000,1.0
2008-01-03,10.87,11.02,10.8001,10.86,10.86,370200,0.0000,1.0
2008-01-02,11.26,11.49,10.72,10.85,10.85,446600,0.0000,1.0
2007-12-31,11.03,11.37,10.95,11.29,11.29,332400,0.0000,1.0
2007-12-28,11.2,11.38,10.98,11.07,11.07,246600,0.0000,1.0
2007-12-27,11.5,11.55,11.05,11.05,11.05,432800,0.0000,1.0
2007-12-26,11.5,11.58,11.32,11.53,11.53,320000,0.0000,1.0
2007-12-24,11.31,11.56,11.31,11.56,11.56,225900,0.0000,1.0
2007-12-21,11.42,11.72,11.18,11.34,11.34,797500,0.0000,1.0
2007-12-20,11.86,11.87,11.13,11.22,11.22,630100,0.0000,1.0
2007-12-19,11.79,11.96,11.59,11.76,11.76,292600,0.0000,1.0
2007-12-18,11.74,11.9,11.32,11.79,11.79,425800,0.0000,1.0
2007-12-17,11.55,11.94,11.3401,11.61,11.61,297600,0.0000,1.0
2007-12-14,11.81,12.25,11.53,11.59,11.59,383800,0.0000,1.0
2007-12-13,11.92,12.17,11.71,11.94,11.94,456800,0.0000,1.0
2007-12-12,12.21,12.392,11.74,12.02,12.02,451400,0.0000,1.0
2007-12-11,12.34,12.46,11.75,11.87,11.87,396800,0.0000,1.0
2007-12-10,11.88,12.42,11.86,12.3,12.3,443800,0.0000,1.0
2007-12-07,12.01,12.05,11.81,11.88,11.88,306500,0.0000,1.0
2007-12-06,11.9,12.12,11.88,11.95,11.95,671900,0.0000,1.0
2007-12-05,12.22,12.3,11.75,11.95,11.95,246100,0.0000,1.0
2007-12-04,12.12,12.22,11.91,11.99,11.99,352600,0.0000,1.0
2007-12-03,12.53,12.56,12.14,12.28,12.28,225000,0.0000,1.0
2007-11-30,12.65,12.89,12.5,12.56,12.56,328900,0.0000,1.0
2007-11-29,12.6,12.65,12.23,12.42,12.42,270100,0.0000,1.0
2007-11-28,12.51,12.68,12.42,12.61,12.61,340300,0.0000,1.0
2007-11-27,12.09,12.4,11.98,12.33,12.33,353400,0.0000,1.0
2007-11-26,12.67,12.67,11.99,12.03,12.03,295000,0.0000,1.0
2007-11-23,12.13,12.74,12.12,12.68,12.68,237800,0.0000,1.0
2007-11-21,12.15,12.28,11.93,11.98,11.98,478400,0.0000,1.0
2007-11-20,12.55,12.7,12.07,12.2,12.2,488600,0.0000,1.0
2007-11-19,12.77,12.77,12.09,12.52,12.52,396700,0.0000,1.0
2007-11-16,12.88,12.95,12.37,12.77,12.77,326700,0.0000,1.0
2007-11-15,12.92,13.15,12.72,12.84,12.84,603100,0.0000,1.0
2007-11-14,13.36,13.368,12.9,13.0,13.0,302400,0.0000,1.0
2007-11-13,13.23,13.45,13.03,13.3,13.3,383700,0.0000,1.0
2007-11-12,13.11,13.64,12.92,13.08,13.08,521600,0.0000,1.0
2007-11-09,12.9,13.72,12.32,13.14,13.14,653300,0.0000,1.0
2007-11-08,12.0,12.42,11.75,12.41,12.41,603700,0.0000,1.0
2007-11-07,12.3,12.41,11.87,11.97,11.97,320100,0.0000,1.0
2007-11-06,12.25,12.5,12.12,12.49,12.49,218800,0.0000,1.0
2007-11-05,12.12,12.45,11.94,12.14,12.14,316100,0.0000,1.0
2007-11-02,12.58,12.85,12.04,12.32,12.32,533300,0.0000,1.0
2007-11-01,12.98,13.15,12.3,12.4,12.4,454000,0.0000,1.0
2007-10-31,13.04,13.3,12.92,13.16,13.16,333700,0.0000,1.0
2007-10-30,12.97,13.1,12.83,12.94,12.94,239000,0.0000,1.0
2007-10-29,13.28,13.44,13.0,13.05,13.05,262700,0.0000,1.0
2007-10-26,13.1,13.28,12.97,13.26,13.26,385800,0.0000,1.0
2007-10-25,13.22,13.37,12.78,12.93,12.93,285800,0.0000,1.0
2007-10-24,13.19,13.43,12.86,13.2,13.2,271700,0.0000,1.0
2007-10-23,13.44,13.63,12.995,13.37,13.37,176600,0.0000,1.0
2007-10-22,12.98,13.4,12.75,13.3,13.3,391700,0.0000,1.0
2007-10-19,13.25,13.29,12.89,12.96,12.96,397200,0.0000,1.0
2007-10-18,13.53,13.6501,13.21,13.25,13.25,364100,0.0000,1.0
2007-10-17,14.18,14.18,13.43,13.67,13.67,436800,0.0000,1.0
2007-10-16,13.9,14.13,13.89,13.99,13.99,182600,0.0000,1.0
2007-10-15,14.45,14.45,13.85,13.98,13.98,379900,0.0000,1.0
2007-10-12,14.13,14.39,14.1,14.39,14.39,239800,0.0000,1.0
2007-10-11,14.55,14.72,13.62,14.14,14.14,428400,0.0000,1.0
2007-10-10,14.7,14.73,14.35,14.45,14.45,666600,0.0000,1.0
2007-10-09,13.94,14.75,13.94,14.75,14.75,787000,0.0000,1.0
2007-10-08,14.0,14.16,13.8,13.93,13.93,272700,0.0000,1.0
2007-10-05,13.98,14.22,13.88,13.99,13.99,412900,0.0000,1.0
2007-10-04,14.22,14.22,13.72,13.78,13.78,542100,0.0000,1.0
2007-10-03,14.24,14.51,13.9,14.16,14.16,519700,0.0000,1.0
2007-10-02,13.88,14.4,13.76,14.3,14.3,721800,0.0000,1.0
2007-10-01,13.46,13.85,13.32,13.82,13.82,590000,0.0000,1.0
2007-09-28,13.58,13.62,13.31,13.47,13.47,352600,0.0000,1.0
2007-09-27,13.41,13.56,13.28,13.56,13.56,376300,0.0000,1.0
2007-09-26,13.48,13.59,13.36,13.4,13.4,354600,0.0000,1.0
2007-09-25,13.32,13.53,13.2,13.37,13.37,295400,0.0000,1.0
2007-09-24,13.29,13.59,13.25,13.43,13.43,447800,0.0000,1.0
2007-09-21,13.54,13.68,13.25,13.32,13.32,605500,0.0000,1.0
2007-09-20,13.49,13.56,13.15,13.52,13.52,885900,0.0000,1.0
2007-09-19,12.8,13.58,12.54,13.57,13.57,842100,0.0000,1.0
2007-09-18,11.88,12.86,11.88,12.83,12.83,453500,0.0000,1.0
2007-09-17,11.97,11.97,11.78,11.84,11.84,489700,0.0000,1.0
2007-09-14,11.89,12.0,11.78,11.95,11.95,339700,0.0000,1.0
2007-09-13,11.94,12.09,11.85,11.98,11.98,351800,0.0000,1.0
2007-09-12,11.95,12.3,11.8,11.87,11.87,405400,0.0000,1.0
2007-09-11,11.82,12.25,11.76,11.99,11.99,348500,0.0000,1.0
2007-09-10,11.96,12.16,11.59,11.74,11.74,332600,0.0000,1.0
2007-09-07,12.22,12.22,11.88,12.03,12.03,323400,0.0000,1.0
2007-09-06,12.26,12.37,12.03,12.37,12.37,277400,0.0000,1.0
2007-09-05,12.24,12.35,12.17,12.24,12.24,331000,0.0000,1.0
2007-09-04,12.07,12.47,12.01,12.39,12.39,199900,0.0000,1.0
2007-08-31,12.2,12.29,11.96,12.17,12.17,220100,0.0000,1.0
2007-08-30,12.1,12.23,11.85,12.01,12.01,234100,0.0000,1.0
2007-08-29,12.17,12.35,12.0,12.23,12.23,290600,0.0000,1.0
2007-08-28,12.45,12.48,12.03,12.05,12.05,376900,0.0000,1.0
2007-08-27,12.65,12.65,12.48,12.52,12.52,195700,0.0000,1.0
2007-08-24,12.53,12.74,12.41,12.72,12.72,252700,0.0000,1.0
2007-08-23,12.96,13.0,12.36,12.52,12.52,434800,0.0000,1.0
2007-08-22,12.7,13.17,12.58,12.86,12.86,464400,0.0000,1.0
2007-08-21,12.0,12.6,11.81,12.57,12.57,476100,0.0000,1.0
2007-08-20,12.4,12.5,11.88,11.94,11.94,541500,0.0000,1.0
2007-08-17,12.16,12.53,11.81,12.32,12.32,1245300,0.0000,1.0
2007-08-16,11.19,11.58,10.88,11.5,11.5,1413400,0.0000,1.0
2007-08-15,11.42,11.57,11.04,11.21,11.21,606800,0.0000,1.0
2007-08-14,11.44,11.63,11.19,11.39,11.39,440400,0.0000,1.0
2007-08-13,11.53,12.08,11.43,11.43,11.43,817100,0.0000,1.0
2007-08-10,10.25,11.6,10.23,11.43,11.43,1093700,0.0000,1.0
2007-08-09,10.55,10.79,10.06,10.46,10.46,1866600,0.0000,1.0
2007-08-08,10.62,11.54,10.25,10.73,10.73,2463200,0.0000,1.0
2007-08-07,11.14,11.16,10.46,10.5499,10.5499,1222200,0.0000,1.0
2007-08-06,11.35,11.47,10.58,11.19,11.19,1195500,0.0000,1.0
2007-08-03,12.18,12.18,11.34,11.37,11.37,898100,0.0000,1.0
2007-08-02,11.92,12.33,11.91,12.18,12.18,926200,0.0000,1.0
2007-08-01,12.0,12.3475,11.66,11.87,11.87,764700,0.0000,1.0
2007-07-31,12.5,12.53,12.02,12.04,12.04,741100,0.0000,1.0
2007-07-30,12.41,12.72,12.1,12.37,12.37,493500,0.0000,1.0
2007-07-27,12.49,12.6,12.2,12.39,12.39,1165000,0.0000,1.0
2007-07-26,12.86,13.01,12.47,12.49,12.49,874400,0.0000,1.0
2007-07-25,13.3,13.4,12.37,13.07,13.07,1516000,0.0000,1.0
2007-07-24,12.66,12.81,12.4,12.81,12.81,1445800,0.0000,1.0
2007-07-23,13.15,13.15,12.7,12.8,12.8,552500,0.0000,1.0
2007-07-20,12.97,13.1,12.95,13.0,13.0,920900,0.0000,1.0
2007-07-19,12.75,13.15,12.73,13.0,13.0,545000,0.0000,1.0
2007-07-18,12.82,12.87,12.35,12.69,12.69,762300,0.0000,1.0
2007-07-17,12.49,13.14,12.49,12.89,12.89,763300,0.0000,1.0
2007-07-16,12.66,12.71,12.33,12.51,12.51,696400,0.0000,1.0
2007-07-13,12.83,12.85,12.6,12.74,12.74,380300,0.0000,1.0
2007-07-12,12.3,12.87,12.28,12.82,12.82,828900,0.0000,1.0
2007-07-11,11.79,12.28,11.75,12.28,12.28,668200,0.0000,1.0
2007-07-10,12.37,12.65,11.75,11.84,11.84,973700,0.0000,1.0
2007-07-09,12.46,12.61,12.35,12.38,12.38,428900,0.0000,1.0
2007-07-06,12.58,12.66,12.39,12.55,12.55,460600,0.0000,1.0
2007-07-05,12.77,12.83,12.27,12.61,12.61,797900,0.0000,1.0
2007-07-03,12.53,12.88,12.45,12.86,12.86,553600,0.0000,1.0
2007-07-02,12.49,12.75,12.4,12.57,12.57,1510400,0.0000,1.0
2007-06-29,12.89,13.46,12.84,13.24,13.24,540400,0.0000,1.0
2007-06-28,13.49,13.54,12.81,12.82,12.82,562800,0.0000,1.0
2007-06-27,13.27,13.53,13.24,13.46,13.46,341300,0.0000,1.0
2007-06-26,13.35,13.64,13.28,13.35,13.35,213100,0.0000,1.0
2007-06-25,13.3,13.72,13.2,13.29,13.29,347700,0.0000,1.0
2007-06-22,13.46,13.59,13.25,13.39,13.39,454800,0.0000,1.0
2007-06-21,13.26,13.6699,13.12,13.51,13.51,472100,0.0000,1.0
2007-06-20,14.0,14.0,13.33,13.33,13.33,652100,0.0000,1.0
2007-06-19,13.76,14.02,13.76,14.0,14.0,418600,0.0000,1.0
2007-06-18,14.07,14.16,13.75,13.85,13.85,325300,0.0000,1.0
2007-06-15,14.2,14.35,13.89,14.01,14.01,450800,0.0000,1.0
2007-06-14,14.1,14.22,13.81,13.99,13.99,445700,0.0000,1.0
2007-06-13,13.9,14.14,13.69,14.1,14.1,330500,0.0000,1.0
2007-06-12,14.06,14.22,13.81,13.84,13.84,228200,0.0000,1.0
2007-06-11,14.28,14.28,13.96,14.15,14.15,227400,0.0000,1.0
2007-06-08,14.0,14.37,13.9,14.29,14.29,311500,0.0000,1.0
2007-06-07,14.5,14.55,13.76,13.8,13.8,508300,0.0000,1.0
2007-06-06,14.82,14.84,14.5,14.56,14.56,339300,0.0000,1.0
2007-06-05,14.66,15.05,14.62,14.97,14.97,333500,0.0000,1.0
2007-06-04,14.98,15.04,14.63,14.72,14.72,345200,0.0000,1.0
2007-06-01,15.07,15.13,14.95,15.05,15.05,274200,0.0000,1.0
2007-05-31,15.0,15.1,14.72,15.03,15.03,606900,0.0000,1.0
2007-05-30,14.84,15.0,14.67,15.0,15.0,249400,0.0000,1.0
2007-05-29,14.81,15.19,14.81,14.96,14.96,313500,0.0000,1.0
2007-05-25,14.62,14.93,14.58,14.8,14.8,442000,0.0000,1.0
2007-05-24,15.0,15.0,14.45,14.61,14.61,769600,0.0000,1.0
2007-05-23,15.06,15.18,14.84,15.01,15.01,478000,0.0000,1.0
2007-05-22,14.44,15.29,14.43,14.99,14.99,764400,0.0000,1.0
2007-05-21,13.57,14.39,13.52,14.39,14.39,666600,0.0000,1.0
2007-05-18,13.48,13.72,13.48,13.54,13.54,646100,0.0000,1.0
2007-05-17,13.34,13.73,13.34,13.44,13.44,545700,0.0000,1.0
2007-05-16,13.68,13.78,13.18,13.36,13.36,854500,0.0000,1.0
2007-05-15,14.19,14.3,13.72,13.73,13.73,523400,0.0000,1.0
2007-05-14,14.1,14.24,13.97,14.17,14.17,490300,0.0000,1.0
2007-05-11,14.09,14.28,14.0,14.15,14.15,371500,0.0000,1.0
2007-05-10,14.41,14.45,14.1,14.17,14.17,539600,0.0000,1.0
2007-05-09,14.53,14.53,14.26,14.49,14.49,418800,0.0000,1.0
2007-05-08,14.58,14.68,14.42,14.66,14.66,449900,0.0000,1.0
2007-05-07,14.84,14.87,14.62,14.71,14.71,466800,0.0000,1.0
2007-05-04,15.17,15.17,14.77,14.94,14.94,329500,0.0000,1.0
2007-05-03,15.5,15.52,14.87,15.02,15.02,569200,0.0000,1.0
2007-05-02,15.03,15.43,15.03,15.4,15.4,595000,0.0000,1.0
2007-05-01,15.15,15.19,14.7,14.98,14.98,637300,0.0000,1.0
2007-04-30,15.3,15.45,15.1,15.15,15.15,541600,0.0000,1.0
2007-04-27,15.42,15.45,15.1,15.31,15.31,510000,0.0000,1.0
2007-04-26,15.25,15.68,15.17,15.57,15.57,779000,0.0000,1.0
2007-04-25,15.52,15.69,14.9,15.2,15.2,1721500,0.0000,1.0
2007-04-24,16.12,16.47,15.96,16.4,16.4,623400,0.0000,1.0
2007-04-23,16.65,16.89,15.97,16.09,16.09,773200,0.0000,1.0
2007-04-20,16.53,16.73,16.29,16.68,16.68,469300,0.0000,1.0
2007-04-19,16.31,16.55,16.05,16.33,16.33,612800,0.0000,1.0
2007-04-18,16.15,16.58,16.05,16.48,16.48,710800,0.0000,1.0
2007-04-17,16.0,16.21,15.95,16.16,16.16,452800,0.0000,1.0
2007-04-16,15.59,16.0,15.5,15.98,15.98,558200,0.0000,1.0
2007-04-13,15.24,15.62,15.15,15.48,15.48,485300,0.0000,1.0
2007-04-12,14.41,15.24,14.41,15.21,15.21,833700,0.0000,1.0
2007-04-11,14.55,14.57,14.34,14.47,14.47,321800,0.0000,1.0
2007-04-10,14.65,14.69,14.41,14.5,14.5,234500,0.0000,1.0
2007-04-09,14.4,14.61,14.2,14.52,14.52,372600,0.0000,1.0
2007-04-05,14.64,14.65,14.32,14.41,14.41,245000,0.0000,1.0
2007-04-04,14.7426,14.8,14.56,14.58,14.58,216600,0.0000,1.0
2007-04-03,14.5,14.75,14.47,14.73,14.73,436900,0.0000,1.0
2007-04-02,14.7,14.78,14.36,14.52,14.52,356300,0.0000,1.0
2007-03-30,14.62,14.89,14.45,14.73,14.73,301000,0.0000,1.0
2007-03-29,14.73,15.01,14.36,14.61,14.61,261200,0.0000,1.0
2007-03-28,14.81,14.81,14.53,14.61,14.61,274700,0.0000,1.0
2007-03-27,15.07,15.09,14.65,14.92,14.92,389800,0.0000,1.0
2007-03-26,15.52,15.74,15.05,15.17,15.17,372700,0.0000,1.0
2007-03-23,15.42,15.7,15.42,15.59,15.59,254400,0.0000,1.0
2007-03-22,15.55,15.63,15.27,15.48,15.48,264200,0.0000,1.0
2007-03-21,14.98,15.55,14.98,15.54,15.54,406400,0.0000,1.0
2007-03-20,15.14,15.25,14.92,14.97,14.97,303200,0.0000,1.0
2007-03-19,14.65,15.22,14.64,15.14,15.14,561500,0.0000,1.0
2007-03-16,14.95,15.13,14.37,14.49,14.49,673400,0.0000,1.0
2007-03-15,14.62,14.98,14.5,14.97,14.97,534100,0.0000,1.0
2007-03-14,14.4,14.64,14.0,14.61,14.61,761800,0.0000,1.0
2007-03-13,14.66,15.0,14.37,14.47,14.47,600800,0.0000,1.0
2007-03-12,15.3,15.51,14.74,14.81,14.81,477200,0.0000,1.0
2007-03-09,15.35,15.6,15.06,15.3,15.3,630700,0.0000,1.0
2007-03-08,14.65,15.07,14.48,14.8,14.8,622700,0.0000,1.0
2007-03-07,14.36,14.67,14.2,14.25,14.25,395900,0.0000,1.0
2007-03-06,14.1,14.5,14.0,14.47,14.47,472600,0.0000,1.0
2007-03-05,14.05,14.25,13.42,14.09,14.09,997300,0.0000,1.0
2007-03-02,14.77,14.84,14.17,14.25,14.25,775600,0.0000,1.0
2007-03-01,14.5,15.0,14.23,14.87,14.87,759800,0.0000,1.0
2007-02-28,14.55,14.92,14.13,14.85,14.85,699600,0.0000,1.0
2007-02-27,15.06,15.15,14.07,14.6,14.6,963800,0.0000,1.0
2007-02-26,15.44,15.6,15.2,15.35,15.35,639300,0.0000,1.0
2007-02-23,15.61,15.61,15.06,15.5,15.5,741100,0.0000,1.0
2007-02-22,15.21,15.57,15.2,15.53,15.53,571200,0.0000,1.0
2007-02-21,15.31,15.38,15.2,15.29,15.29,608200,0.0000,1.0
2007-02-20,15.67,15.7,15.17,15.41,15.41,781700,0.0000,1.0
2007-02-16,15.49,15.75,15.15,15.71,15.71,739500,0.0000,1.0
2007-02-15,15.38,15.69,15.38,15.5,15.5,592100,0.0000,1.0
2007-02-14,15.45,15.87,15.28,15.36,15.36,949100,0.0000,1.0
2007-02-13,15.64,15.92,15.47,15.5,15.5,846600,0.0000,1.0
2007-02-12,15.5,15.81,15.05,15.65,15.65,1138500,0.0000,1.0
2007-02-09,16.65,16.85,15.95,16.1393,16.1393,835800,0.0000,1.0
2007-02-08,16.88,16.96,16.62,16.65,16.65,473800,0.0000,1.0
2007-02-07,16.85,17.05,16.84,16.98,16.98,496800,0.0000,1.0
2007-02-06,16.86,16.91,16.51,16.85,16.85,747200,0.0000,1.0
2007-02-05,16.82,17.05,16.31,16.9,16.9,803700,0.0000,1.0
2007-02-02,17.13,17.26,16.98,17.02,17.02,563700,0.0000,1.0
2007-02-01,16.88,17.05,16.8201,17.05,17.05,728000,0.0000,1.0
2007-01-31,16.46,16.88,16.25,16.73,16.73,725600,0.0000,1.0
2007-01-30,16.35,16.8599,16.35,16.61,16.61,792900,0.0000,1.0
2007-01-29,16.32,16.85,16.31,16.41,16.41,1077600,0.0000,1.0
2007-01-26,16.39,16.42,15.8,16.32,16.32,868400,0.0000,1.0
2007-01-25,16.39,16.74,16.12,16.24,16.24,1620000,0.0000,1.0
2007-01-24,15.74,16.61,15.09,16.15,16.15,3508700,0.0000,1.0
2007-01-23,13.65,14.49,13.61,14.37,14.37,1245700,0.0000,1.0
2007-01-22,13.37,13.91,13.33,13.71,13.71,908900,0.0000,1.0
2007-01-19,13.29,13.64,12.87,13.56,13.56,1585200,0.0000,1.0
2007-01-18,14.51,14.55,13.42,13.54,13.54,1318500,0.0000,1.0
2007-01-17,14.35,14.86,13.79,14.62,14.62,935400,0.0000,1.0
2007-01-16,15.93,16.0,14.3,14.5,14.5,2765500,0.0000,1.0
2007-01-12,16.25,16.36,15.99,16.12,16.12,528100,0.0000,1.0
2007-01-11,15.63,16.4,15.59,16.23,16.23,536400,0.0000,1.0
2007-01-10,16.0,16.07,15.39,15.74,15.74,862800,0.0000,1.0
2007-01-09,16.29,16.5,15.61,16.01,16.01,774900,0.0000,1.0
2007-01-08,16.69,16.7,15.97,16.38,16.38,601500,0.0000,1.0
2007-01-05,16.39,16.66,16.33,16.36,16.36,505600,0.0000,1.0
2007-01-04,16.71,17.05,16.16,16.54,16.54,664900,0.0000,1.0
2007-01-03,16.9,17.59,15.6816,16.67,16.67,1749900,0.0000,1.0
2006-12-29,16.63,16.63,16.2299,16.25,16.25,501500,0.0000,1.0
2006-12-28,16.51,16.85,16.3,16.63,16.63,451800,0.0000,1.0
2006-12-27,16.11,16.52,16.11,16.5,16.5,395400,0.0000,1.0
2006-12-26,16.29,16.35,16.0,16.14,16.14,362400,0.0000,1.0
2006-12-22,16.03,16.34,16.01,16.11,16.11,387100,0.0000,1.0
2006-12-21,15.72,16.45,15.48,16.08,16.08,1006300,0.0000,1.0
2006-12-20,15.99,15.99,15.51,15.7,15.7,444300,0.0000,1.0
2006-12-19,16.41,16.41,15.0,15.89,15.89,1038800,0.0000,1.0
2006-12-18,16.01,16.6,15.94,16.3,16.3,933500,0.0000,1.0
2006-12-15,16.21,16.5,15.78,15.83,15.83,759900,0.0000,1.0
2006-12-14,16.21,16.4,16.04,16.2,16.2,645400,0.0000,1.0
2006-12-13,16.68,16.69,15.98,16.24,16.24,697600,0.0000,1.0
2006-12-12,16.43,17.06,16.17,16.5,16.5,279600,0.0000,3.000003
2006-12-11,50.41,50.82,49.29,49.64,16.54665012,567700,0.0000,1.0
2006-12-08,49.24,50.6,48.69,50.19,16.72998327,403200,0.0000,1.0
2006-12-07,50.99,51.25,48.98,49.55,16.51665015,673600,0.0000,1.0
2006-12-06,50.83,51.35,49.65,50.49,16.82998317,318400,0.0000,1.0
2006-12-05,49.65,51.44,49.13,50.86,16.95331638,479100,0.0000,1.0
2006-12-04,47.75,49.66,47.51,49.38,16.45998354,581900,0.0000,1.0
2006-12-01,46.75,47.26,45.71,47.06,15.68665098,291800,0.0000,1.0
2006-11-30,46.1,46.83,45.3,46.72,15.57331776,486700,0.0000,1.0
2006-11-29,45.42,46.24,45.16,45.9,15.2999847,207000,0.0000,1.0
2006-11-28,44.25,45.6837,44.18,45.14,15.04665162,273300,0.0000,1.0
2006-11-27,45.89,46.4,44.35,44.51,14.83665183,315500,0.0000,1.0
2006-11-24,44.09,45.5,43.98,45.47,15.15665151,114400,0.0000,1.0
2006-11-22,43.97,44.9,43.94,44.65,14.88331845,164500,0.0000,1.0
2006-11-21,43.5,44.49,43.15,44.48,14.82665184,455500,0.0000,1.0
2006-11-20,44.8,45.39,44.44,44.93,14.97665169,215700,0.0000,1.0
2006-11-17,44.28,44.99,43.53,44.64,14.87998512,332700,0.0000,1.0
2006-11-16,45.74,45.74,44.6,44.7,14.8999851,301800,0.0000,1.0
2006-11-15,44.65,46.24,44.34,45.75,15.24998475,514300,0.0000,1.0
2006-11-14,44.11,44.72,43.33,44.69,14.89665177,512500,0.0000,1.0
2006-11-13,44.4,45.49,44.14,44.75,14.91665175,479500,0.0000,1.0
2006-11-10,46.9,47.0,42.69,44.43,14.80998519,1968600,0.0000,1.0
2006-11-09,47.87,48.35,47.5,48.35,16.11665055,537300,0.0000,1.0
2006-11-08,46.83,48.07,46.22,47.25,15.74998425,434600,0.0000,1.0
2006-11-07,47.29,48.08,46.73,47.61,15.86998413,629400,0.0000,1.0
2006-11-06,45.16,46.79,44.86,46.36,15.45331788,593300,0.0000,1.0
2006-11-03,43.13,44.46,42.5316,43.96,14.65331868,450600,0.0000,1.0
2006-11-02,42.54,44.78,40.76,43.02,14.33998566,720000,0.0000,1.0
2006-11-01,45.21,45.52,43.1,43.75,14.58331875,392500,0.0000,1.0
2006-10-31,46.3,46.7,44.77,45.17,15.05665161,340700,0.0000,1.0
2006-10-30,45.53,46.16,44.5,46.05,15.34998465,265800,0.0000,1.0
2006-10-27,46.6,46.97,45.32,45.5,15.1666515,298800,0.0000,1.0
2006-10-26,45.61,47.58,45.36,46.5,15.4999845,607900,0.0000,1.0
2006-10-25,43.35,45.75,43.35,45.64,15.21331812,421800,0.0000,1.0
2006-10-24,44.94,45.39,43.46,44.04,14.67998532,476700,0.0000,1.0
2006-10-23,44.05,45.21,43.05,44.3,14.7666519,674500,0.0000,1.0
2006-10-20,44.14,44.23,42.06,42.81,14.26998573,614200,0.0000,1.0
2006-10-19,45.45,45.45,43.81,44.23,14.74331859,561700,0.0000,1.0
2006-10-18,45.19,46.81,45.0,45.21,15.06998493,684400,0.0000,1.0
2006-10-17,44.55,45.26,43.64,44.8,14.9333184,695000,0.0000,1.0
2006-10-16,43.09,45.47,42.66,45.26,15.08665158,1807600,0.0000,1.0
2006-10-13,42.35,43.35,41.56,42.47,14.15665251,4130000,0.0000,1.0
2006-10-12,34.63,37.2288,33.45,36.35,12.11665455,1342800,0.0000,1.0
2006-10-11,35.75,36.16,34.57,34.92,11.63998836,423500,0.0000,1.0
2006-10-10,36.48,36.85,35.66,35.9,11.9666547,205100,0.0000,1.0
2006-10-09,36.56,36.6,35.62,36.25,12.08332125,203800,0.0000,1.0
2006-10-06,36.29,36.92,35.91,36.3,12.0999879,184700,0.0000,1.0
2006-10-05,36.65,36.8,36.0,36.66,12.21998778,181900,0.0000,1.0
2006-10-04,36.27,37.0,35.62,36.82,12.27332106,432000,0.0000,1.0
2006-10-03,38.41,38.67,36.5,36.79,12.26332107,607200,0.0000,1.0
2006-10-02,38.6,39.12,38.25,38.8,12.9333204,393000,0.0000,1.0
2006-09-29,38.8,39.21,38.6,38.68,12.89332044,186700,0.0000,1.0
2006-09-28,38.5,38.99,38.04,38.71,12.90332043,260200,0.0000,1.0
2006-09-27,38.1,39.42,38.095,38.69,12.89665377,231400,0.0000,1.0
2006-09-26,37.36,39.08,37.36,38.37,12.78998721,428100,0.0000,1.0
2006-09-25,36.53,37.49,36.0,37.36,12.45332088,312900,0.0000,1.0
2006-09-22,37.5,37.5522,35.19,36.6,12.1999878,592400,0.0000,1.0
2006-09-21,39.77,39.85,37.27,37.81,12.60332073,270700,0.0000,1.0
2006-09-20,38.7,39.44,38.12,39.35,13.11665355,358700,0.0000,1.0
2006-09-19,39.94,39.94,38.28,38.69,12.89665377,315700,0.0000,1.0
2006-09-18,37.21,39.92,36.88,39.37,13.12332021,585100,0.0000,1.0
2006-09-15,37.46,37.74,36.88,37.0,12.333321,242600,0.0000,1.0
2006-09-14,38.26,38.47,36.79,37.17,12.38998761,193300,0.0000,1.0
2006-09-13,37.6,38.38,37.5356,38.34,12.77998722,212600,0.0000,1.0
2006-09-12,36.5,38.0,36.5,37.67,12.55665411,240700,0.0000,1.0
2006-09-11,38.1,38.41,36.55,36.74,12.24665442,520000,0.0000,1.0
2006-09-08,37.94,39.0,37.94,38.64,12.87998712,160000,0.0000,1.0
2006-09-07,40.13,40.13,37.31,38.0,12.666654,663400,0.0000,1.0
2006-09-06,41.68,41.75,39.87,40.13,13.37665329,397800,0.0000,1.0
2006-09-05,40.01,41.2,40.01,41.06,13.68665298,483000,0.0000,1.0
2006-09-01,39.34,39.9,38.99,39.83,13.27665339,359900,0.0000,1.0
2006-08-31,39.75,39.8,38.7,39.27,13.08998691,164900,0.0000,1.0
2006-08-30,39.0,40.0,38.75,39.45,13.14998685,366000,0.0000,1.0
2006-08-29,37.66,39.16,37.4,38.95,12.98332035,285600,0.0000,1.0
2006-08-28,37.15,38.0646,37.0,37.66,12.55332078,219500,0.0000,1.0
2006-08-25,39.0,39.0,37.0,37.294,12.431320902,281900,0.0000,1.0
2006-08-24,38.75,39.18,37.72,38.9,12.9666537,283800,0.0000,1.0
2006-08-23,39.09,39.4,37.4,38.66,12.88665378,454700,0.0000,1.0
2006-08-22,37.76,39.08,37.46,38.57,12.85665381,557100,0.0000,1.0
2006-08-21,36.9,37.97,35.69,37.54,12.51332082,397400,0.0000,1.0
2006-08-18,37.25,37.4799,36.23,36.79,12.26332107,267600,0.0000,1.0
2006-08-17,35.28,37.65,35.0,37.11,12.36998763,471900,0.0000,1.0
2006-08-16,35.14,35.81,34.66,35.41,11.80332153,330800,0.0000,1.0
2006-08-15,35.9,36.69,34.57,34.97,11.65665501,484000,0.0000,1.0
2006-08-14,36.89,37.4,35.39,35.69,11.89665477,440900,0.0000,1.0
2006-08-11,37.08,37.55,36.25,36.5,12.1666545,311800,0.0000,1.0
2006-08-10,36.05,37.6,34.1,37.37,12.45665421,753800,0.0000,1.0
2006-08-09,37.464,38.48,36.61,36.76,12.25332108,402900,0.0000,1.0
2006-08-08,38.04,39.18,36.87,37.12,12.37332096,420100,0.0000,1.0
2006-08-07,37.59,38.175,37.14,38.04,12.67998732,311200,0.0000,1.0
2006-08-04,39.71,40.74,37.55,38.03,12.67665399,536600,0.0000,1.0
2006-08-03,37.58,38.9,36.82,38.82,12.93998706,386300,0.0000,1.0
2006-08-02,39.15,40.32,37.1,38.69,12.89665377,741000,0.0000,1.0
2006-08-01,40.81,41.36,38.94,39.41,13.13665353,446400,0.0000,1.0
2006-07-31,40.21,41.79,40.0,41.63,13.87665279,377900,0.0000,1.0
2006-07-28,41.94,42.8,39.65,40.89,13.62998637,776500,0.0000,1.0
2006-07-27,43.85,44.45,41.78,42.38,14.12665254,623100,0.0000,1.0
2006-07-26,43.42,44.54,40.17,43.41,14.46998553,794900,0.0000,1.0
2006-07-25,42.26,43.34,40.51,42.5,14.1666525,597800,0.0000,1.0
2006-07-24,40.38,42.18,39.83,42.11,14.03665263,604900,0.0000,1.0
2006-07-21,40.26,40.76,38.76,39.17,13.05665361,556900,0.0000,1.0
2006-07-20,44.78,45.44,41.0,41.1,13.6999863,680700,0.0000,1.0
2006-07-19,41.6,44.0,41.3901,43.56,14.51998548,740600,0.0000,1.0
2006-07-18,39.28,41.68,39.06,41.37,13.78998621,489100,0.0000,1.0
2006-07-17,37.52,39.36,37.03,38.97,12.98998701,458900,0.0000,1.0
2006-07-14,39.42,40.0499,36.79,38.86,12.95332038,903400,0.0000,1.0
2006-07-13,41.35,42.0,39.94,40.31,13.43665323,704800,0.0000,1.0
2006-07-12,42.84,44.15,41.75,42.35,14.11665255,692900,0.0000,1.0
2006-07-11,43.0,43.25,40.595,42.58,14.19331914,801400,0.0000,1.0
2006-07-10,41.9,44.19,39.52,43.04,14.34665232,1063500,0.0000,1.0
2006-07-07,42.6,43.82,41.77,41.89,13.96331937,480600,0.0000,1.0
2006-07-06,43.5,44.3,42.72,43.0,14.333319,506300,0.0000,1.0
2006-07-05,43.67,43.75,42.53,43.33,14.44331889,854700,0.0000,1.0
2006-07-03,42.41,42.93,41.55,42.85,14.28331905,1347500,0.0000,1.0
2006-06-30,37.73,38.89,37.18,37.69,12.56332077,2041400,0.0000,1.0
2006-06-29,35.5,37.08,35.37,37.0,12.333321,458200,0.0000,1.0
2006-06-28,35.2,35.56,33.71,35.39,11.79665487,320200,0.0000,1.0
2006-06-27,36.17,36.4016,34.36,34.57,11.52332181,495700,0.0000,1.0
2006-06-26,36.11,37.08,35.24,35.92,11.97332136,844200,0.0000,1.0
2006-06-23,32.91,34.59,32.77,34.5,11.4999885,353500,0.0000,1.0
2006-06-22,31.85,32.7,31.77,32.54,10.84665582,195100,0.0000,1.0
2006-06-21,30.78,32.57,30.57,32.17,10.72332261,298500,0.0000,1.0
2006-06-20,30.23,31.18,29.76,30.78,10.25998974,127700,0.0000,1.0
2006-06-19,31.09,32.0,30.25,30.39,10.12998987,299900,0.0000,1.0
2006-06-16,31.06,31.3,30.38,30.55,10.18332315,145400,0.0000,1.0
2006-06-15,29.53,31.35,29.53,31.13,10.37665629,278200,0.0000,1.0
2006-06-14,27.72,29.5,27.54,29.26,9.75332358,179400,0.0000,1.0
2006-06-13,28.68,29.1,27.25,27.86,9.28665738,370300,0.0000,1.0
2006-06-12,29.77,30.5999,28.81,28.985,9.661657005,193600,0.0000,1.0
2006-06-09,30.3,30.99,29.66,30.13,10.04332329,143300,0.0000,1.0
2006-06-08,30.26,30.49,28.81,30.3,10.0999899,218400,0.0000,1.0
2006-06-07,31.0,32.24,30.34,30.64,10.21332312,198000,0.0000,1.0
2006-06-06,31.46,31.46,29.5601,30.98,10.32665634,346600,0.0000,1.0
2006-06-05,32.0,33.0,31.25,31.54,10.51332282,193300,0.0000,1.0
2006-06-02,32.87,32.87,31.3,31.92,10.63998936,189500,0.0000,1.0
2006-06-01,32.55,32.85,32.1401,32.35,10.78332255,192400,0.0000,1.0
2006-05-31,31.72,32.51,31.51,32.31,10.76998923,237100,0.0000,1.0
2006-05-30,30.82,32.18,30.82,31.72,10.57332276,258000,0.0000,1.0
2006-05-26,30.54,31.58,30.33,31.47,10.48998951,260600,0.0000,1.0
2006-05-25,29.62,30.37,29.4,30.1201,10.0400232933,212200,0.0000,1.0
2006-05-24,29.58,29.58,28.4401,29.31,9.76999023,247200,0.0000,1.0
2006-05-23,28.25,30.41,28.1,29.52,9.83999016,301500,0.0000,1.0
2006-05-22,28.5,29.34,27.07,28.31,9.43665723,513400,0.0000,1.0
2006-05-19,30.47,30.62,26.73,29.2,9.7333236,693100,0.0000,1.0
2006-05-18,30.5,31.46,30.0,30.33,10.10998989,143700,0.0000,1.0
2006-05-17,31.3,31.3,30.19,30.475,10.158323175,156300,0.0000,1.0
2006-05-16,30.95,32.0,30.8,31.42,10.47332286,232300,0.0000,1.0
2006-05-15,31.45,31.76,30.0,30.84,10.27998972,258600,0.0000,1.0
2006-05-12,32.5,32.6,30.61,31.86,10.61998938,260600,0.0000,1.0
2006-05-11,33.88,34.0,32.4,33.24,11.07998892,230000,0.0000,1.0
2006-05-10,34.51,34.51,33.52,34.11,11.36998863,155400,0.0000,1.0
2006-05-09,34.16,34.98,33.27,34.45,11.48332185,144900,0.0000,1.0
2006-05-08,34.57,34.65,33.06,34.16,11.38665528,202200,0.0000,1.0
2006-05-05,35.72,35.88,33.25,34.4,11.4666552,277400,0.0000,1.0
2006-05-04,34.6,35.95,34.5,35.38,11.79332154,382200,0.0000,1.0
2006-05-03,33.0,34.41,33.0,33.9,11.2999887,285900,0.0000,1.0
2006-05-02,33.6,34.47,31.61,33.15,11.04998895,506900,0.0000,1.0
2006-05-01,32.02,33.7,32.0,33.49,11.16332217,580000,0.0000,1.0
2006-04-28,30.25,31.94,30.25,31.7,10.5666561,362000,0.0000,1.0
2006-04-27,30.3,30.95,29.77,30.24,10.07998992,451300,0.0000,1.0
2006-04-26,33.5,34.0,30.29,30.61,10.20332313,1419700,0.0000,1.0
2006-04-25,39.5,40.37,34.6,36.08,12.02665464,1264700,0.0000,1.0
2006-04-24,39.07,40.44,38.58,39.34,13.11332022,513900,0.0000,1.0
2006-04-21,37.54,39.35,37.1,38.49,12.82998717,371700,0.0000,1.0
2006-04-20,37.41,37.95,36.73,36.93,12.30998769,272900,0.0000,1.0
2006-04-19,38.5,39.29,36.75,37.21,12.40332093,636700,0.0000,1.0
2006-04-18,36.2,39.39,36.0,37.84,12.61332072,1716200,0.0000,1.0
2006-04-17,32.65,33.57,31.95,33.01,11.00332233,440100,0.0000,1.0
2006-04-13,30.43,32.08,30.02,31.95,10.64998935,300600,0.0000,1.0
2006-04-12,29.14,31.59,27.8,30.72,10.23998976,430400,0.0000,1.0
2006-04-11,32.2,32.3,28.17,29.46,9.81999018,888300,0.0000,1.0
2006-04-10,30.8,32.69,30.6959,31.71,10.56998943,407000,0.0000,1.0
2006-04-07,31.24,31.48,30.37,30.67,10.22332311,276700,0.0000,1.0
2006-04-06,30.32,31.04,30.3,31.02,10.33998966,238200,0.0000,1.0
2006-04-05,29.42,30.48,29.32,30.0,9.99999,335500,0.0000,1.0
2006-04-04,29.27,29.5528,28.83,29.22,9.73999026,183800,0.0000,1.0
2006-04-03,29.71,30.15,28.07,28.93,9.64332369,300700,0.0000,1.0
2006-03-31,29.38,29.65,28.8,29.52,9.83999016,188200,0.0000,1.0
2006-03-30,29.09,29.7,29.02,29.1,9.6999903,220900,0.0000,1.0
2006-03-29,27.65,28.93,27.65,28.93,9.64332369,152700,0.0000,1.0
2006-03-28,28.3,29.25,27.45,27.8,9.2666574,206400,0.0000,1.0
2006-03-27,27.65,28.33,27.0,28.25,9.41665725,185600,0.0000,1.0
2006-03-24,28.07,28.11,27.52,27.65,9.21665745,122000,0.0000,1.0
2006-03-23,28.0,28.7745,27.33,27.75,9.24999075,220600,0.0000,1.0
2006-03-22,27.74,28.0,26.81,27.9,9.2999907,131400,0.0000,1.0
2006-03-21,28.45,28.74,27.03,27.7,9.2333241,185800,0.0000,1.0
2006-03-20,26.67,28.93,26.67,28.53,9.50999049,403200,0.0000,1.0
2006-03-17,25.89,26.84,25.75,26.41,8.80332453,127300,0.0000,1.0
2006-03-16,25.8,26.11,25.68,25.91,8.63665803,105300,0.0000,1.0
2006-03-15,26.01,26.3,25.5,25.79,8.59665807,100700,0.0000,1.0
2006-03-14,26.0,26.0,25.021,26.0,8.666658,206200,0.0000,1.0
2006-03-13,26.05,26.48,25.2,26.15,8.71665795,311200,0.0000,1.0
2006-03-10,25.37,26.416,25.3,26.15,8.71665795,251000,0.0000,1.0
2006-03-09,24.4,25.87,24.4,25.36,8.45332488,294400,0.0000,1.0
2006-03-08,24.1,24.53,23.5,24.44,8.14665852,127000,0.0000,1.0
2006-03-07,23.43,24.27,23.4,24.25,8.08332525,253000,0.0000,1.0
2006-03-06,23.5,23.63,23.15,23.44,7.81332552,119600,0.0000,1.0
2006-03-03,23.45,23.48,22.85,23.3,7.7666589,84600,0.0000,1.0
2006-03-02,23.25,23.488,22.61,23.39,7.79665887,103600,0.0000,1.0
2006-03-01,21.735,23.32,21.735,23.23,7.74332559,277700,0.0000,1.0
2006-02-28,21.76,22.02,21.46,21.63,7.20999279,69500,0.0000,1.0
2006-02-27,22.06,22.32,21.31,21.77,7.25665941,161300,0.0000,1.0
2006-02-24,22.16,22.66,21.93,22.03,7.34332599,83200,0.0000,1.0
2006-02-23,22.76,23.25,22.19,22.25,7.41665925,207700,0.0000,1.0
2006-02-22,21.55,22.98,21.52,22.83,7.60999239,185400,0.0000,1.0
2006-02-21,22.04,22.12,21.03,21.595,7.198326135,162100,0.0000,1.0
2006-02-17,22.1,22.2,21.76,21.99,7.32999267,81000,0.0000,1.0
2006-02-16,22.1,22.16,21.7,22.1,7.3666593,94700,0.0000,1.0
2006-02-15,21.8,23.0,21.7,22.17,7.38999261,153000,0.0000,1.0
2006-02-14,21.83,22.0,21.55,21.89,7.29665937,163900,0.0000,1.0
2006-02-13,21.6,22.47,21.51,21.93,7.30999269,232200,0.0000,1.0
2006-02-10,21.38,21.58,20.12,21.53,7.17665949,138500,0.0000,1.0
2006-02-09,20.77,21.97,20.77,21.32,7.10665956,234000,0.0000,1.0
2006-02-08,20.27,20.89,19.84,20.84,6.94665972,92300,0.0000,1.0
2006-02-07,20.76,20.97,20.04,20.3,6.7666599,139100,0.0000,1.0
2006-02-06,20.8,21.0,19.39,20.87,6.95665971,315300,0.0000,1.0
2006-02-03,20.3,21.19,20.18,20.89,6.96332637,125300,0.0000,1.0
2006-02-02,21.25,21.48,20.0,20.27,6.75665991,166500,0.0000,1.0
2006-02-01,20.85,21.936,20.43,21.03,7.00999299,230700,0.0000,1.0
2006-01-31,20.66,20.66,20.165,20.49,6.82999317,169800,0.0000,1.0
2006-01-30,20.94,21.12,20.33,20.8,6.9333264,209800,0.0000,1.0
2006-01-27,21.51,21.74,20.81,20.94,6.97999302,237500,0.0000,1.0
2006-01-26,20.44,22.5,20.15,22.13,7.37665929,433200,0.0000,1.0
2006-01-25,19.75,21.65,19.67,20.5,6.8333265,1433100,0.0000,1.0
2006-01-24,16.8,17.56,16.5,17.19,5.72999427,292600,0.0000,1.0
2006-01-23,17.35,17.46,16.8112,16.88,5.62666104,79900,0.0000,1.0
2006-01-20,17.26,17.49,17.08,17.2,5.7333276,63900,0.0000,1.0
2006-01-19,17.33,17.5,17.2,17.31,5.76999423,112700,0.0000,1.0
2006-01-18,17.04,17.4,16.83,17.3,5.7666609,155100,0.0000,1.0
2006-01-17,17.05,17.08,16.9,16.9,5.6333277,160100,0.0000,1.0
2006-01-13,16.1,17.02,16.04,16.8,5.5999944,91900,0.0000,1.0
2006-01-12,16.31,16.31,16.07,16.24,5.41332792,23500,0.0000,1.0
2006-01-11,16.24,16.48,16.13,16.31,5.43666123,58300,0.0000,1.0
2006-01-10,16.01,16.19,15.96,16.15,5.38332795,35300,0.0000,1.0
2006-01-09,15.75,16.17,15.63,15.95,5.31666135,93500,0.0000,1.0
2006-01-06,15.73,15.75,15.6,15.71,5.23666143,32600,0.0000,1.0
2006-01-05,16.03,16.1474,15.5,15.73,5.24332809,61200,0.0000,1.0
2006-01-04,15.75,16.09,15.75,15.92,5.30666136,123500,0.0000,1.0
2006-01-03,15.24,15.84,14.81,15.73,5.24332809,152500,0.0000,1.0
2005-12-30,14.89,15.42,14.89,15.28,5.09332824,58600,0.0000,1.0
2005-12-29,15.25,15.5,14.72,14.96,4.98666168,135400,0.0000,1.0
2005-12-28,15.0,15.46,15.0,15.29,5.09666157,42700,0.0000,1.0
2005-12-27,14.7,15.08,14.7,15.03,5.00999499,102100,0.0000,1.0
2005-12-23,14.79,14.89,14.68,14.74,4.91332842,44800,0.0000,1.0
2005-12-22,14.93,14.96,14.57,14.8,4.9333284,54000,0.0000,1.0
2005-12-21,14.5,15.0,14.5,14.9,4.9666617,133100,0.0000,1.0
2005-12-20,14.66,14.73,14.41,14.44,4.81332852,158000,0.0000,1.0
2005-12-19,14.51,14.8,14.41,14.655,4.884995115,114100,0.0000,1.0
2005-12-16,14.4,14.61,14.22,14.5,4.8333285,162200,0.0000,1.0
2005-12-15,15.41,15.41,14.4,14.51,4.83666183,513400,0.0000,1.0
2005-12-14,15.68,15.83,14.89,15.2,5.0666616,675400,0.0000,1.0
2005-12-13,15.75,16.66,15.56,16.59,5.52999447,230300,0.0000,1.0
2005-12-12,14.99,15.66,14.942,15.62,5.20666146,178100,0.0000,1.0
2005-12-09,15.05,15.19,14.95,15.04,5.01332832,97100,0.0000,1.0
2005-12-08,14.95,15.31,14.89,15.02,5.00666166,72400,0.0000,1.0
2005-12-07,15.2,15.34,14.89,15.05,5.01666165,97000,0.0000,1.0
2005-12-06,15.24,15.32,15.06,15.22,5.07332826,163700,0.0000,1.0
2005-12-05,15.25,15.55,15.12,15.22,5.07332826,161200,0.0000,1.0
2005-12-02,15.18,15.24,15.05,15.2,5.0666616,93200,0.0000,1.0
2005-12-01,15.2,15.28,14.9,15.11,5.03666163,163600,0.0000,1.0
2005-11-30,15.01,15.23,15.01,15.05,5.01666165,56500,0.0000,1.0
2005-11-29,15.12,15.3,15.01,15.07,5.02332831,55300,0.0000,1.0
2005-11-28,15.32,15.38,15.04,15.17,5.05666161,92600,0.0000,1.0
2005-11-25,14.9,15.29,14.9,15.2,5.0666616,21700,0.0000,1.0
2005-11-23,14.89,14.99,14.58,14.87,4.95666171,106800,0.0000,1.0
2005-11-22,14.72,15.05,14.72,14.99,4.99666167,90200,0.0000,1.0
2005-11-21,15.0,15.2,14.93,15.0,4.999995,167800,0.0000,1.0
2005-11-18,15.12,15.15,14.92,15.0,4.999995,108100,0.0000,1.0
2005-11-17,14.5,15.42,14.35,15.15,5.04999495,211400,0.0000,1.0
2005-11-16,15.28,15.42,14.12,14.53,4.84332849,375400,0.0000,1.0
2005-11-15,15.89,16.151,15.18,15.28,5.09332824,123700,0.0000,1.0
2005-11-14,16.75,16.85,15.84,15.95,5.31666135,242200,0.0000,1.0
2005-11-11,15.7,16.62,15.06,16.55,5.51666115,324600,0.0000,1.0
2005-11-10,15.73,15.75,15.23,15.6,5.1999948,144400,0.0000,1.0
2005-11-09,15.14,15.72,14.99,15.63,5.20999479,138800,0.0000,1.0
2005-11-08,14.98,15.23,14.88,14.91,4.96999503,54000,0.0000,1.0
2005-11-07,15.31,15.33,14.79,15.11,5.03666163,138500,0.0000,1.0
2005-11-04,15.8,15.89,15.24,15.66,5.21999478,71600,0.0000,1.0
2005-11-03,15.75,16.0,15.74,15.78,5.25999474,87700,0.0000,1.0
2005-11-02,15.21,15.78,15.14,15.66,5.21999478,133000,0.0000,1.0
2005-11-01,14.7,15.21,14.7,15.09,5.02999497,97000,0.0000,1.0
2005-10-31,14.13,15.08,14.0,14.69,4.89666177,137200,0.0000,1.0
2005-10-28,13.9,14.05,13.75,14.0,4.666662,34100,0.0000,1.0
2005-10-27,14.1838,14.22,13.906,13.96,4.65332868,44200,0.0000,1.0
2005-10-26,13.89,14.378,13.89,14.14,4.71332862,74200,0.0000,1.0
2005-10-25,13.98,14.2,13.96,13.96,4.65332868,66900,0.0000,1.0
2005-10-24,14.09,14.36,13.8,14.08,4.69332864,157600,0.0000,1.0
2005-10-21,13.99,14.61,13.62,14.05,4.68332865,86300,0.0000,1.0
2005-10-20,15.08,15.08,13.99,14.14,4.71332862,167800,0.0000,1.0
2005-10-19,14.4,15.01,14.18,14.9,4.9666617,118200,0.0000,1.0
2005-10-18,14.28,14.74,14.28,14.55,4.84999515,85700,0.0000,1.0
2005-10-17,14.0,14.44,13.75,14.35,4.78332855,88700,0.0000,1.0
2005-10-14,14.12,14.25,13.76,14.15,4.71666195,102300,0.0000,1.0
2005-10-13,13.9,14.25,13.32,13.85,4.61666205,173800,0.0000,1.0
2005-10-12,15.0,15.11,13.498,13.88,4.62666204,400900,0.0000,1.0
2005-10-11,14.82,15.47,14.82,15.1125,5.0374949625,89300,0.0000,1.0
2005-10-10,15.61,15.83,14.83,14.87,4.95666171,163000,0.0000,1.0
2005-10-07,15.5,15.83,15.14,15.645,5.214994785,167400,0.0000,1.0
2005-10-06,16.58,16.58,15.46,15.51,5.16999483,226700,0.0000,1.0
2005-10-05,16.71,16.73,15.79,16.32,5.43999456,183300,0.0000,1.0
2005-10-04,16.99,17.09,16.3,16.32,5.43999456,219700,0.0000,1.0
2005-10-03,15.96,17.0,15.96,16.89,5.62999437,196100,0.0000,1.0
2005-09-30,16.09,16.3505,15.96,16.06,5.35332798,122700,0.0000,1.0
2005-09-29,16.4,16.67,15.81,16.24,5.41332792,182600,0.0000,1.0
2005-09-28,17.45,17.45,16.26,16.4,5.4666612,208200,0.0000,1.0
2005-09-27,17.4,17.54,16.75,17.35,5.78332755,157400,0.0000,1.0
2005-09-26,16.04,17.88,16.0,17.32,5.77332756,576800,0.0000,1.0
2005-09-23,15.48,16.2,15.2,15.8,5.2666614,193200,0.0000,1.0
2005-09-22,15.99,16.42,14.82,15.31,5.10332823,417200,0.0000,1.0
2005-09-21,17.85,17.91,15.91,16.05,5.34999465,536500,0.0000,1.0
2005-09-20,18.66,18.972,17.6,17.83,5.94332739,255000,0.0000,1.0
2005-09-19,18.68,19.03,18.41,18.57,6.18999381,237700,0.0000,1.0
2005-09-16,18.18,18.59,17.73,18.41,6.13666053,149700,0.0000,1.0
2005-09-15,18.99,18.99,17.31,18.23,6.07666059,525100,0.0000,1.0
2005-09-14,19.0,19.02,18.8,18.91,6.30332703,169500,0.0000,1.0
2005-09-13,19.25,19.25,18.67,18.92,6.30666036,275500,0.0000,1.0
2005-09-12,17.84,19.18,17.75,19.14,6.37999362,986100,0.0000,1.0
2005-09-09,17.68,17.86,17.39,17.69,5.89666077,133900,0.0000,1.0
2005-09-08,17.15,17.9,16.96,17.49,5.82999417,227600,0.0000,1.0
2005-09-07,16.8,17.3,16.53,17.2,5.7333276,294800,0.0000,1.0
2005-09-06,15.93,16.99,15.85,16.7,5.5666611,205500,0.0000,1.0
2005-09-02,15.82,16.1,15.55,15.79,5.26332807,87100,0.0000,1.0
2005-09-01,16.4,16.43,15.85,15.93,5.30999469,122800,0.0000,1.0
2005-08-31,16.3,16.3796,16.2,16.33,5.44332789,60400,0.0000,1.0
2005-08-30,15.85,16.44,15.81,16.19,5.39666127,119400,0.0000,1.0
2005-08-29,15.59,15.99,15.59,15.94,5.31332802,98300,0.0000,1.0
2005-08-26,15.38,15.93,15.38,15.75,5.24999475,89000,0.0000,1.0
2005-08-25,15.96,16.25,15.01,15.52,5.17332816,190800,0.0000,1.0
2005-08-24,16.3,16.56,15.75,15.89,5.29666137,125000,0.0000,1.0
2005-08-23,16.19,16.59,16.11,16.36,5.45332788,142500,0.0000,1.0
2005-08-22,16.22,16.22,15.6,16.12,5.37332796,255600,0.0000,1.0
2005-08-19,16.06,16.37,15.62,16.06,5.35332798,119300,0.0000,1.0
2005-08-18,16.25,17.15,15.9,16.35,5.44999455,150400,0.0000,1.0
2005-08-17,16.25,16.37,15.84,16.2,5.3999946,180800,0.0000,1.0
2005-08-16,16.12,16.72,15.54,16.25,5.41666125,283000,0.0000,1.0
2005-08-15,17.25,17.25,15.8,16.25,5.41666125,343800,0.0000,1.0
2005-08-12,17.1,17.63,16.821,17.1,5.6999943,248200,0.0000,1.0
2005-08-11,17.01,17.38,17.01,17.19,5.72999427,238600,0.0000,1.0
2005-08-10,17.51,17.7,16.92,17.015,5.671660995,324100,0.0000,1.0
2005-08-09,17.88,17.98,17.35,17.39,5.79666087,236500,0.0000,1.0
2005-08-08,17.05,17.95,17.05,17.86,5.95332738,426800,0.0000,1.0
2005-08-05,16.16,17.05,16.07,16.97,5.65666101,315100,0.0000,1.0
2005-08-04,15.69,16.6,15.2,16.25,5.41666125,255600,0.0000,1.0
2005-08-03,15.65,16.44,15.15,15.43,5.14332819,272100,0.0000,1.0
2005-08-02,16.68,16.75,15.51,15.87,5.28999471,309600,0.0000,1.0
2005-08-01,17.07,17.22,16.5,16.8101,5.6033610633,331800,0.0000,1.0
2005-07-29,16.99,17.1999,16.65,16.9,5.6333277,281400,0.0000,1.0
2005-07-28,16.2,17.06,16.17,16.79,5.59666107,407400,0.0000,1.0
2005-07-27,15.74,16.25,15.6,16.2,5.3999946,404100,0.0000,1.0
2005-07-26,15.31,15.75,15.05,15.73,5.24332809,331200,0.0000,1.0
2005-07-25,14.82,15.6,14.72,15.31,5.10332823,685800,0.0000,1.0
2005-07-22,13.86,14.95,13.85,14.59,4.86332847,442100,0.0000,1.0
2005-07-21,12.55,14.3799,12.45,13.93,4.64332869,928600,0.0000,1.0
2005-07-20,11.9,12.05,11.88,11.9,3.9666627,148700,0.0000,1.0
2005-07-19,11.55,12.0,11.55,11.84,3.94666272,136700,0.0000,1.0
2005-07-18,10.9,11.53,10.9,11.43,3.80999619,127200,0.0000,1.0
2005-07-15,10.79,11.0,10.55,10.85,3.61666305,138900,0.0000,1.0
2005-07-14,10.97,11.0,10.5,10.85,3.61666305,227400,0.0000,1.0
2005-07-13,11.35,11.454,10.83,11.05,3.68332965,121600,0.0000,1.0
2005-07-12,11.81,11.81,11.2,11.36,3.78666288,110500,0.0000,1.0
2005-07-11,11.65,11.72,11.48,11.67,3.88999611,131400,0.0000,1.0
2005-07-08,11.8,11.8,11.47,11.58,3.85999614,73500,0.0000,1.0
2005-07-07,11.75,11.85,11.31,11.6,3.8666628,180600,0.0000,1.0
2005-07-06,11.38,11.62,11.31,11.51,3.83666283,119400,0.0000,1.0
2005-07-05,11.25,11.4,10.88,11.27,3.75666291,264400,0.0000,1.0
2005-07-01,11.05,11.46,10.8,11.03,3.67666299,247200,0.0000,1.0
2005-06-30,10.1,11.11,10.1,10.75,3.58332975,401500,0.0000,1.0
2005-06-29,10.58,10.58,9.95,10.07,3.35666331,133800,0.0000,1.0
2005-06-28,10.8,10.8,10.29,10.37,3.45666321,115900,0.0000,1.0
2005-06-27,10.91,11.0,10.65,10.69,3.56332977,160600,0.0000,1.0
2005-06-24,10.75,10.85,10.23,10.42,3.47332986,68400,0.0000,1.0
2005-06-23,11.0,11.0,10.7,10.75,3.58332975,158000,0.0000,1.0
2005-06-22,10.88,11.11,10.77,10.9,3.6333297,85100,0.0000,1.0
2005-06-21,10.78,10.78,10.51,10.68,3.55999644,59300,0.0000,1.0
2005-06-20,11.0,11.09,10.5,10.62,3.53999646,99700,0.0000,1.0
2005-06-17,10.71,10.9,10.5,10.8,3.5999964,90800,0.0000,1.0
2005-06-16,10.5,10.67,10.39,10.55,3.51666315,98400,0.0000,1.0
2005-06-15,10.1,10.5,10.0,10.39,3.46332987,98600,0.0000,1.0
2005-06-14,10.1,10.1,9.88,9.98,3.32666334,40400,0.0000,1.0
2005-06-13,10.12,10.14,9.82,9.85,3.28333005,74000,0.0000,1.0
2005-06-10,9.8,10.15,9.79,9.96,3.31999668,51500,0.0000,1.0
2005-06-09,9.96,9.96,9.67,9.778,3.259330074,34700,0.0000,1.0
2005-06-08,10.02,10.0399,9.7801,9.82,3.27333006,34400,0.0000,1.0
2005-06-07,9.85,10.0,9.78,9.93,3.30999669,65000,0.0000,1.0
2005-06-06,10.2,10.23,9.8,9.86,3.28666338,56600,0.0000,1.0
2005-06-03,9.78,10.05,9.75,9.98,3.32666334,162800,0.0000,1.0
2005-06-02,9.94,10.0,9.51,9.64,3.21333012,86500,0.0000,1.0
2005-06-01,9.45,9.95,9.45,9.83,3.27666339,120600,0.0000,1.0
2005-05-31,9.5,9.7,9.4,9.44,3.14666352,62500,0.0000,1.0
2005-05-27,9.4,9.72,9.26,9.37,3.12333021,54800,0.0000,1.0
2005-05-26,9.86,9.86,9.29,9.46,3.15333018,130800,0.0000,1.0
2005-05-25,9.9,9.99,9.68,9.6901,3.2300301033,86300,0.0000,1.0
2005-05-24,9.97,10.0,9.67,9.76,3.25333008,114500,0.0000,1.0
2005-05-23,10.05,10.13,9.7,9.72,3.23999676,139000,0.0000,1.0
2005-05-20,9.96,10.01,9.73,9.98,3.32666334,82300,0.0000,1.0
2005-05-19,9.9,10.18,9.65,10.01,3.33666333,153100,0.0000,1.0
2005-05-18,9.7,10.45,9.6,9.9,3.2999967,307000,0.0000,1.0
2005-05-17,10.44,10.44,9.5,9.8,3.2666634,441000,0.0000,1.0
2005-05-16,10.81,10.85,10.18,10.24,3.41332992,316400,0.0000,1.0
2005-05-13,10.95,11.05,10.25,10.74,3.57999642,139000,0.0000,1.0
2005-05-12,10.98,11.06,10.65,10.78,3.59332974,218900,0.0000,1.0
2005-05-11,11.03,11.55,10.1,10.9,3.6333297,906000,0.0000,1.0
2005-05-10,12.7,12.7,12.12,12.29,4.09666257,263300,0.0000,1.0
2005-05-09,13.03,13.28,12.67,12.84,4.27999572,95400,0.0000,1.0
2005-05-06,12.86,13.334,12.83,13.05,4.34999565,61800,0.0000,1.0
2005-05-05,13.65,13.93,12.94,13.0,4.333329,188900,0.0000,1.0
2005-05-04,13.01,13.65,12.86,13.49,4.49666217,176900,0.0000,1.0
2005-05-03,12.1,13.0,12.09,12.95,4.31666235,184200,0.0000,1.0
2005-05-02,12.2,12.3,12.09,12.14,4.04666262,87500,0.0000,1.0
2005-04-29,12.31,12.57,11.98,12.24,4.07999592,169500,0.0000,1.0
2005-04-28,13.14,13.14,12.39,12.46,4.15332918,83000,0.0000,1.0
2005-04-27,13.13,13.13,12.55,13.0,4.333329,105600,0.0000,1.0
2005-04-26,13.24,13.6,13.14,13.16,4.38666228,118100,0.0000,1.0
2005-04-25,13.24,13.26,13.0,13.21,4.40332893,149400,0.0000,1.0
2005-04-22,13.11,13.53,12.6,13.46,4.48666218,144600,0.0000,1.0
2005-04-21,13.7,13.7,12.48,13.071,4.356995643,337500,0.0000,1.0
2005-04-20,13.0,13.93,12.81,13.71,4.56999543,159100,0.0000,1.0
2005-04-19,12.85,13.02,12.51,12.71,4.23666243,73100,0.0000,1.0
2005-04-18,12.0,13.03,11.96,12.54,4.17999582,192300,0.0000,1.0
2005-04-15,14.17,14.17,11.84,12.2,4.0666626,545800,0.0000,1.0
2005-04-14,14.93,14.93,14.25,14.26,4.75332858,76300,0.0000,1.0
2005-04-13,14.84,15.05,14.548,14.81,4.93666173,69200,0.0000,1.0
2005-04-12,15.12,15.26,14.25,14.95,4.98332835,92400,0.0000,1.0
2005-04-11,15.24,15.38,14.65,15.18,5.05999494,126900,0.0000,1.0
2005-04-08,15.44,15.65,15.01,15.27,5.08999491,126300,0.0000,1.0
2005-04-07,15.98,16.14,15.4,15.51,5.16999483,233800,0.0000,1.0
2005-04-06,16.16,16.37,15.73,16.15,5.38332795,198700,0.0000,1.0
2005-04-05,15.7,17.19,15.64,16.12,5.37332796,1069700,0.0000,1.0
2005-04-04,13.51,15.5,13.5,15.33,5.10999489,513300,0.0000,1.0
2005-04-01,13.31,13.73,13.15,13.57,4.52332881,166700,0.0000,1.0
2005-03-31,13.0,13.5,12.98,13.28,4.42666224,165200,0.0000,1.0
2005-03-30,12.7,13.2,12.4,13.01,4.33666233,180300,0.0000,1.0
2005-03-29,12.92,13.28,12.71,12.71,4.23666243,102500,0.0000,1.0
2005-03-28,13.14,13.32,13.0,13.01,4.33666233,119600,0.0000,1.0
2005-03-24,14.14,14.14,13.0,13.19,4.39666227,237900,0.0000,1.0
2005-03-23,14.24,14.44,13.661,13.88,4.62666204,299700,0.0000,1.0
2005-03-22,13.93,14.479,13.52,14.04,4.67999532,376400,0.0000,1.0
2005-03-21,12.65,13.5,12.29,13.49,4.49666217,380400,0.0000,1.0
2005-03-18,13.76,13.76,12.65,12.66,4.21999578,230700,0.0000,1.0
2005-03-17,12.68,13.7,12.54,13.69,4.56332877,397600,0.0000,1.0
2005-03-16,13.05,13.05,12.08,12.75,4.24999575,275500,0.0000,1.0
2005-03-15,13.25,13.37,12.631,12.99,4.32999567,353700,0.0000,1.0
2005-03-14,12.76,13.25,12.46,13.16,4.38666228,726700,0.0000,1.0
2005-03-11,13.71,13.94,12.98,13.07,4.35666231,250300,0.0000,1.0
2005-03-10,13.53,14.04,13.47,13.72,4.57332876,263200,0.0000,1.0
2005-03-09,13.8,13.95,13.08,13.47,4.48999551,680900,0.0000,1.0
2005-03-08,15.61,15.87,13.89,14.12,4.70666196,468700,0.0000,1.0
2005-03-07,15.65,16.22,15.4,15.64,5.21332812,617700,0.0000,1.0
2005-03-04,16.1,16.7,15.12,15.19,5.06332827,920600,0.0000,1.0
2005-03-03,17.4,17.5,15.99,16.18,5.39332794,1375300,0.0000,1.0
2005-03-02,20.43,20.6,17.55,18.16,6.05332728,1411100,0.0000,1.0
2005-03-01,19.32,20.43,19.21,20.43,6.80999319,362400,0.0000,1.0
2005-02-28,18.89,19.69,18.89,19.29,6.42999357,382900,0.0000,1.0
2005-02-25,19.64,19.64,18.77,18.99,6.32999367,317800,0.0000,1.0
2005-02-24,20.27,20.27,18.66,19.6,6.5333268,391700,0.0000,1.0
2005-02-23,19.82,20.4,19.62,20.01,6.66999333,279500,0.0000,1.0
2005-02-22,20.0,20.19,19.48,19.92,6.63999336,254800,0.0000,1.0
2005-02-18,20.0,20.8,20.0,20.3,6.7666599,251100,0.0000,1.0
2005-02-17,19.83,20.9,19.83,20.42,6.80665986,344600,0.0000,1.0
2005-02-16,19.42,20.49,19.4,20.35,6.78332655,225900,0.0000,1.0
2005-02-15,19.61,20.939,19.0,19.88,6.62666004,428900,0.0000,1.0
2005-02-14,20.19,20.45,18.58,20.09,6.69665997,482700,0.0000,1.0
2005-02-11,18.57,20.46,18.57,20.27,6.75665991,653500,0.0000,1.0
2005-02-10,21.9,21.9,17.63,18.53,6.17666049,1592800,0.0000,1.0
2005-02-09,21.41,22.099,21.011,21.69,7.22999277,721300,0.0000,1.0
2005-02-08,20.04,21.17,20.04,20.93,6.97665969,691100,0.0000,1.0
2005-02-07,19.99,20.42,19.36,20.01,6.66999333,878200,0.0000,1.0
2005-02-04,19.17,19.77,19.05,19.14,6.37999362,332300,0.0000,1.0
2005-02-03,18.49,19.88,18.12,19.02,6.33999366,669300,0.0000,1.0
2005-02-02,18.68,18.9,17.51,18.1,6.0333273,469600,0.0000,1.0
2005-02-01,19.3,19.3,18.13,18.67,6.22332711,480500,0.0000,1.0
2005-01-31,18.49,19.4,18.45,19.08,6.35999364,701700,0.0000,1.0
2005-01-28,18.31,18.4,17.43,18.25,6.08332725,289500,0.0000,1.0
2005-01-27,18.2,18.49,18.0,18.01,6.00332733,285300,0.0000,1.0
2005-01-26,17.48,18.65,17.42,17.9,5.9666607,426300,0.0000,1.0
2005-01-25,17.21,17.43,16.6,17.351,5.783660883,375300,0.0000,1.0
2005-01-24,16.42,17.77,16.4,17.03,5.67666099,622100,0.0000,1.0
2005-01-21,15.52,16.912,15.38,15.99,5.32999467,616000,0.0000,1.0
2005-01-20,14.49,14.85,14.22,14.59,4.86332847,36700,0.0000,1.0
2005-01-19,14.56,14.584,13.96,14.36,4.78666188,46200,0.0000,1.0
2005-01-18,13.65,14.442,13.65,14.42,4.80666186,72500,0.0000,1.0
2005-01-14,14.18,14.26,13.761,13.98,4.65999534,54200,0.0000,1.0
2005-01-13,14.77,14.81,14.06,14.33,4.77666189,23900,0.0000,1.0
2005-01-12,14.1,14.5,13.75,14.45,4.81666185,65000,0.0000,1.0
2005-01-11,14.65,14.89,13.4,14.13,4.70999529,118300,0.0000,1.0
2005-01-10,14.56,14.88,14.56,14.69,4.89666177,67600,0.0000,1.0
2005-01-07,14.4,14.75,14.4,14.69,4.89666177,37600,0.0000,1.0
2005-01-06,14.94,14.94,14.5,14.67,4.88999511,40200,0.0000,1.0
2005-01-05,14.21,14.974,14.21,14.74,4.91332842,90600,0.0000,1.0
2005-01-04,14.6,15.35,14.0,14.27,4.75666191,102600,0.0000,1.0
2005-01-03,15.55,15.55,14.51,14.6,4.8666618,204900,0.0000,1.0
2004-12-31,15.1,15.45,14.53,15.41,5.13666153,168300,0.0000,1.0
2004-12-30,15.1,15.5,14.67,15.1,5.0333283,126900,0.0000,1.0
2004-12-29,13.86,15.3,13.85,15.07,5.02332831,189900,0.0000,1.0
2004-12-28,13.52,15.48,13.02,13.82,4.60666206,689400,0.0000,1.0
2004-12-27,13.1,13.1,12.85,12.85,4.28332905,62200,0.0000,1.0
2004-12-23,12.94,13.13,12.9,13.02,4.33999566,105000,0.0000,1.0
2004-12-22,12.62,12.97,12.62,12.88,4.29332904,226200,0.0000,1.0
2004-12-21,12.4,12.84,11.4,12.76,4.25332908,145400,0.0000,1.0
2004-12-20,12.8,13.0,12.78,12.95,4.31666235,152900,0.0000,1.0
2004-12-17,12.98,13.15,12.51,12.81,4.26999573,85800,0.0000,1.0
2004-12-16,12.7,12.95,12.43,12.68,4.22666244,106400,0.0000,1.0
2004-12-15,11.94,12.68,11.94,12.64,4.21332912,103300,0.0000,1.0
2004-12-14,11.65,12.1,11.4,11.93,3.97666269,155300,0.0000,1.0
2004-12-13,10.92,11.36,10.87,11.29,3.76332957,124300,0.0000,1.0
2004-12-10,10.54,10.95,10.54,10.9,3.6333297,88800,0.0000,1.0
2004-12-09,10.58,10.74,10.44,10.74,3.57999642,47400,0.0000,1.0
2004-12-08,10.72,10.73,10.45,10.51,3.50332983,51000,0.0000,1.0
2004-12-07,10.64,10.74,10.46,10.6,3.5333298,46700,0.0000,1.0
2004-12-06,10.43,10.64,10.43,10.59,3.52999647,56200,0.0000,1.0
2004-12-03,10.53,10.64,10.45,10.61,3.53666313,24000,0.0000,1.0
2004-12-02,10.73,10.75,10.56,10.7,3.5666631,36600,0.0000,1.0
2004-12-01,10.7,10.75,10.65,10.73,3.57666309,36900,0.0000,1.0
2004-11-30,10.66,10.75,10.5,10.69,3.56332977,51700,0.0000,1.0
2004-11-29,10.44,10.64,10.23,10.57,3.52332981,43700,0.0000,1.0
2004-11-26,10.7,10.7,10.251,10.62,3.53999646,27000,0.0000,1.0
2004-11-24,10.7,10.7,10.45,10.61,3.53666313,28500,0.0000,1.0
2004-11-23,10.74,10.74,10.45,10.48,3.49332984,45100,0.0000,1.0
2004-11-22,10.65,10.75,10.45,10.72,3.57332976,46400,0.0000,1.0
2004-11-19,10.65,10.65,10.45,10.5,3.4999965,32500,0.0000,1.0
2004-11-18,9.98,10.55,9.98,10.5,3.4999965,58500,0.0000,1.0
2004-11-17,10.79,10.79,9.73,10.1049,3.3682966317,165100,0.0000,1.0
2004-11-16,10.62,10.62,10.3,10.35,3.44999655,78600,0.0000,1.0
2004-11-15,11.0,11.0,10.38,10.51,3.50332983,84400,0.0000,1.0
2004-11-12,11.04,11.05,10.51,10.55,3.51666315,108500,0.0000,1.0
2004-11-11,10.74,11.1,10.74,11.02,3.67332966,239800,0.0000,1.0
2004-11-10,11.57,12.05,9.75,10.62,3.53999646,452600,0.0000,1.0
2004-11-09,9.23,9.23,8.79,8.9,2.9666637,35100,0.0000,1.0
2004-11-08,9.03,9.03,8.75,8.93,2.97666369,28300,0.0000,1.0
2004-11-05,8.51,9.16,8.51,8.97,2.98999701,139900,0.0000,1.0
2004-11-04,8.34,8.95,8.26,8.57,2.85666381,163600,0.0000,1.0
2004-11-03,7.88,8.32,7.6,8.32,2.77333056,56200,0.0000,1.0
2004-11-02,8.13,8.13,7.6,7.7,2.5666641,113100,0.0000,1.0
2004-11-01,7.69,8.0,7.56,8.0,2.666664,30400,0.0000,1.0
2004-10-29,7.85,7.9,7.41,7.78,2.59333074,57800,0.0000,1.0
2004-10-28,7.64,7.69,7.55,7.58,2.52666414,31600,0.0000,1.0
2004-10-27,7.63,7.9,7.41,7.62,2.53999746,93400,0.0000,1.0
2004-10-26,7.61,7.75,7.5,7.63,2.54333079,52700,0.0000,1.0
2004-10-25,7.79,7.79,7.4,7.47,2.48999751,80800,0.0000,1.0
2004-10-22,8.04,8.1,7.8,7.8,2.5999974,35100,0.0000,1.0
2004-10-21,7.99,8.06,7.83,8.0,2.666664,49200,0.0000,1.0
2004-10-20,8.05,8.2,7.53,7.93,2.64333069,105700,0.0000,1.0
2004-10-19,8.428,8.49,8.06,8.06,2.68666398,18500,0.0000,1.0
2004-10-18,8.47,8.47,8.2,8.31,2.76999723,19000,0.0000,1.0
2004-10-15,8.3,8.69,8.3,8.3,2.7666639,23700,0.0000,1.0
2004-10-14,8.65,8.65,8.35,8.4,2.7999972,27400,0.0000,1.0
2004-10-13,8.58,8.93,8.58,8.72,2.90666376,17700,0.0000,1.0
2004-10-12,8.39,8.81,8.08,8.58,2.85999714,123000,0.0000,1.0
2004-10-11,9.0,9.15,8.5,8.9,2.9666637,32500,0.0000,1.0
2004-10-08,9.1,9.1,8.52,9.04,3.01333032,30800,0.0000,1.0
2004-10-07,9.5,9.58,9.02,9.11,3.03666363,37600,0.0000,1.0
2004-10-06,8.9,9.5,8.9,9.44,3.14666352,19600,0.0000,1.0
2004-10-05,8.98,9.15,8.87,9.07,3.02333031,24100,0.0000,1.0
2004-10-04,8.93,9.2,8.75,9.03,3.00999699,80600,0.0000,1.0
2004-10-01,8.57,8.94,8.57,8.86,2.95333038,32900,0.0000,1.0
2004-09-30,8.72,8.862,8.65,8.7,2.8999971,60800,0.0000,1.0
2004-09-29,8.62,8.83,8.62,8.72,2.90666376,19700,0.0000,1.0
2004-09-28,8.45,8.86,8.45,8.75,2.91666375,23300,0.0000,1.0
2004-09-27,8.65,8.92,8.65,8.68,2.89333044,11800,0.0000,1.0
2004-09-24,8.97,8.97,8.8,8.85,2.94999705,19800,0.0000,1.0
2004-09-23,8.95,8.95,8.68,8.94,2.97999702,28000,0.0000,1.0
2004-09-22,8.66,8.98,8.66,8.8,2.9333304,27400,0.0000,1.0
2004-09-21,8.73,8.85,8.67,8.78,2.92666374,29300,0.0000,1.0
2004-09-20,8.89,9.17,8.68,8.72,2.90666376,75500,0.0000,1.0
2004-09-17,8.94,9.34,8.7,9.0,2.999997,58100,0.0000,1.0
2004-09-16,8.41,9.0,8.41,8.7,2.8999971,46700,0.0000,1.0
2004-09-15,8.33,8.54,8.33,8.5,2.8333305,51000,0.0000,1.0
2004-09-14,8.5,8.51,8.36,8.41,2.80333053,43000,0.0000,1.0
2004-09-13,8.19,8.5,8.15,8.44,2.81333052,52600,0.0000,1.0
2004-09-10,8.09,8.14,7.78,8.13,2.70999729,13600,0.0000,1.0
2004-09-09,7.64,8.05,7.55,7.99,2.66333067,47700,0.0000,1.0
2004-09-08,7.5,7.79,7.35,7.65,2.54999745,44800,0.0000,1.0
2004-09-07,7.27,7.62,7.27,7.37,2.45666421,40000,0.0000,1.0
2004-09-03,7.27,7.52,7.27,7.34,2.44666422,6200,0.0000,1.0
2004-09-02,7.58,7.58,7.211,7.479,2.492997507,11000,0.0000,1.0
2004-09-01,7.27,7.35,7.15,7.26,2.41999758,37900,0.0000,1.0
2004-08-31,7.48,7.48,7.25,7.27,2.42333091,10600,0.0000,1.0
2004-08-30,7.19,7.37,7.19,7.31,2.43666423,14000,0.0000,1.0
2004-08-27,7.24,7.39,7.24,7.26,2.41999758,23300,0.0000,1.0
2004-08-26,7.28,7.46,7.19,7.3,2.4333309,27000,0.0000,1.0
2004-08-25,7.85,7.85,7.28,7.339,2.446330887,36100,0.0000,1.0
2004-08-24,7.04,7.8,6.98,7.73,2.57666409,30700,0.0000,1.0
2004-08-23,6.9,7.08,6.801,7.03,2.34333099,28400,0.0000,1.0
2004-08-20,7.01,7.03,6.65,6.89,2.29666437,65700,0.0000,1.0
2004-08-19,7.04,7.04,6.86,7.0,2.333331,30700,0.0000,1.0
2004-08-18,7.24,7.24,6.85,7.0,2.333331,33200,0.0000,1.0
2004-08-17,6.85,7.2,6.82,7.08,2.35999764,45700,0.0000,1.0
2004-08-16,6.78,6.85,6.7,6.74,2.24666442,71400,0.0000,1.0
2004-08-13,6.9,7.08,6.8,6.88,2.29333104,71300,0.0000,1.0
2004-08-12,6.98,7.08,6.9,7.08,2.35999764,32500,0.0000,1.0
2004-08-11,6.9,7.0,6.55,6.97,2.32333101,94000,0.0000,1.0
2004-08-10,6.75,7.2,6.75,7.01,2.33666433,57600,0.0000,1.0
2004-08-09,7.0,7.19,6.99,7.05,2.34999765,41300,0.0000,1.0
2004-08-06,7.15,7.21,6.89,6.92,2.30666436,74200,0.0000,1.0
2004-08-05,7.3,7.3,7.19,7.22,2.40666426,29200,0.0000,1.0
2004-08-04,7.38,7.44,7.19,7.25,2.41666425,83900,0.0000,1.0
2004-08-03,7.43,7.71,7.36,7.63,2.54333079,166200,0.0000,1.0
2004-08-02,7.45,7.58,7.4,7.51,2.50333083,27200,0.0000,1.0
2004-07-30,7.45,7.69,7.43,7.55,2.51666415,43100,0.0000,1.0
2004-07-29,7.65,7.69,7.37,7.48,2.49333084,66200,0.0000,1.0
2004-07-28,7.65,7.65,7.11,7.54,2.51333082,102900,0.0000,1.0
2004-07-27,7.5,7.57,6.97,7.46,2.48666418,208500,0.0000,1.0
2004-07-26,7.55,7.73,7.43,7.6,2.5333308,87200,0.0000,1.0
2004-07-23,7.84,7.98,7.6,7.72,2.57333076,79600,0.0000,1.0
2004-07-22,7.55,8.0,7.55,8.0,2.666664,100100,0.0000,1.0
2004-07-21,8.35,8.49,7.39,7.66,2.55333078,439000,0.0000,1.0
2004-07-20,9.25,9.6,9.18,9.4,3.1333302,45800,0.0000,1.0
2004-07-19,9.98,10.0,9.13,9.23,3.07666359,68200,0.0000,1.0
2004-07-16,9.7,9.94,9.65,9.77,3.25666341,55800,0.0000,1.0
2004-07-15,8.96,9.73,8.96,9.65,3.21666345,43600,0.0000,1.0
2004-07-14,9.16,9.32,9.051,9.32,3.10666356,48500,0.0000,1.0
2004-07-13,9.42,9.52,9.27,9.44,3.14666352,20200,0.0000,1.0
2004-07-12,9.25,9.44,9.1,9.27,3.08999691,56000,0.0000,1.0
2004-07-09,9.1,9.8,9.01,9.43,3.14333019,47900,0.0000,1.0
2004-07-08,9.58,9.84,8.91,9.28,3.09333024,76600,0.0000,1.0
2004-07-07,9.5,9.87,9.5,9.68,3.22666344,23200,0.0000,1.0
2004-07-06,10.47,10.53,9.34,9.57,3.18999681,79300,0.0000,1.0
2004-07-02,10.26,10.26,9.65,9.93,3.30999669,31900,0.0000,1.0
2004-07-01,10.25,10.25,9.71,9.87,3.28999671,83400,0.0000,1.0
2004-06-30,9.74,10.3,9.33,9.93,3.30999669,311200,0.0000,1.0
2004-06-29,9.27,9.84,9.27,9.75,3.24999675,182500,0.0000,1.0
2004-06-28,9.74,9.74,9.35,9.55,3.18333015,121000,0.0000,1.0
2004-06-25,9.73,9.73,9.48,9.7,3.2333301,65200,0.0000,1.0
2004-06-24,9.51,9.66,9.37,9.64,3.21333012,74200,0.0000,1.0
2004-06-23,9.3,9.58,9.25,9.48,3.15999684,123200,0.0000,1.0
2004-06-22,9.1,10.0,9.1,9.3,3.0999969,273900,0.0000,1.0
2004-06-21,9.16,9.4,9.01,9.17,3.05666361,136500,0.0000,1.0
2004-06-18,9.3,9.48,9.15,9.47,3.15666351,45800,0.0000,1.0
2004-06-17,8.77,9.3,8.56,9.3,3.0999969,36300,0.0000,1.0
2004-06-16,9.02,9.02,8.37,8.67,2.88999711,51300,0.0000,1.0
2004-06-15,9.1,9.1,8.75,8.84,2.94666372,54300,0.0000,1.0
2004-06-14,8.74,9.1,8.27,9.1,3.0333303,110800,0.0000,1.0
2004-06-10,8.73,8.73,8.54,8.66,2.88666378,33300,0.0000,1.0
2004-06-09,8.43,8.74,8.43,8.6,2.8666638,89200,0.0000,1.0
2004-06-08,8.41,8.45,8.16,8.38,2.79333054,62700,0.0000,1.0
2004-06-07,8.1,8.45,8.02,8.42,2.80666386,142700,0.0000,1.0
2004-06-04,8.15,8.2,7.9,8.11,2.70333063,162200,0.0000,1.0
2004-06-03,7.96,8.13,7.85,7.86,2.61999738,98800,0.0000,1.0
2004-06-02,8.24,8.25,7.8,8.12,2.70666396,202100,0.0000,1.0
2004-06-01,8.27,8.29,8.0,8.24,2.74666392,159100,0.0000,1.0
2004-05-28,7.95,8.25,7.67,8.11,2.70333063,84500,0.0000,1.0
2004-05-27,7.95,7.95,7.61,7.9,2.6333307,120800,0.0000,1.0
2004-05-26,7.69,8.63,7.42,8.0,2.666664,259400,0.0000,1.0
2004-05-25,7.48,7.77,7.13,7.56,2.51999748,283700,0.0000,1.0
2004-05-24,8.97,8.99,7.35,7.44,2.47999752,1401400,0.0000,1.0
2004-05-21,9.19,9.94,9.17,9.79,3.26333007,164200,0.0000,1.0
2004-05-20,9.82,9.84,9.09,9.429,3.142996857,159000,0.0000,1.0
2004-05-19,9.74,9.85,9.45,9.76,3.25333008,154100,0.0000,1.0
2004-05-18,9.73,9.92,9.54,9.73,3.24333009,101800,0.0000,1.0
2004-05-17,10.31,10.49,9.75,10.0,3.33333,87600,0.0000,1.0
2004-05-14,10.54,10.67,10.4,10.45,3.48332985,71000,0.0000,1.0
2004-05-13,10.05,11.05,10.05,10.59,3.52999647,96100,0.0000,1.0
2004-05-12,10.2,10.349,9.88,10.04,3.34666332,178100,0.0000,1.0
2004-05-11,10.45,10.95,10.19,10.38,3.45999654,135400,0.0000,1.0
2004-05-10,11.42,11.72,10.6,10.77,3.58999641,211900,0.0000,1.0
2004-05-07,11.69,12.14,11.62,11.73,3.90999609,66400,0.0000,1.0
2004-05-06,12.3,12.32,11.68,11.99,3.99666267,174300,0.0000,1.0
2004-05-05,12.69,12.71,11.96,11.999,3.999662667,134300,0.0000,1.0
2004-05-04,12.48,12.8,12.26,12.569,4.189662477,143600,0.0000,1.0
2004-05-03,12.69,13.0,11.91,12.15,4.04999595,170700,0.0000,1.0
2004-04-30,12.9,13.44,11.77,12.029,4.009662657,283300,0.0000,1.0
2004-04-29,13.11,13.26,12.26,12.77,4.25666241,60100,0.0000,1.0
2004-04-28,13.35,13.35,12.96,13.17,4.38999561,120300,0.0000,1.0
2004-04-27,13.34,13.34,12.75,13.24,4.41332892,132100,0.0000,1.0
2004-04-26,13.24,13.25,13.01,13.21,4.40332893,112800,0.0000,1.0
2004-04-23,12.155,13.3,12.06,13.03,4.34332899,196200,0.0000,1.0
2004-04-22,11.885,12.2,11.8,12.09,4.02999597,144100,0.0000,1.0
2004-04-21,11.54,12.49,11.0,11.884,3.961329372,314400,0.0000,1.0
2004-04-20,10.71,11.1,10.52,10.57,3.52332981,72100,0.0000,1.0
2004-04-19,10.7,10.73,10.5,10.6,3.5333298,55100,0.0000,1.0
2004-04-16,11.09,11.09,10.5,10.74,3.57999642,75600,0.0000,1.0
2004-04-15,11.055,11.08,10.971,11.01,3.66999633,23600,0.0000,1.0
2004-04-14,10.975,11.28,10.8,11.13,3.70999629,59500,0.0000,1.0
2004-04-13,10.57,11.44,10.57,11.15,3.71666295,92600,0.0000,1.0
2004-04-12,9.85,11.11,9.85,11.05,3.68332965,102500,0.0000,1.0
2004-04-08,11.01,11.11,10.62,10.87,3.62332971,29000,0.0000,1.0
2004-04-07,10.48,11.03,10.48,11.0,3.666663,57100,0.0000,1.0
2004-04-06,10.7,11.01,10.15,10.48,3.49332984,55700,0.0000,1.0
2004-04-05,11.04,11.48,10.67,10.89,3.62999637,82100,0.0000,1.0
2004-04-02,10.85,11.119,10.57,10.99,3.66332967,140100,0.0000,1.0
2004-04-01,10.2,10.86,10.01,10.72,3.57332976,62600,0.0000,1.0
2004-03-31,10.5,10.52,10.0,10.29,3.42999657,60400,0.0000,1.0
2004-03-30,10.06,10.29,10.01,10.1,3.3666633,75400,0.0000,1.0
2004-03-29,10.2,10.6,9.7,10.06,3.35332998,66800,0.0000,1.0
2004-03-26,9.64,9.81,9.52,9.75,3.24999675,25000,0.0000,1.0
2004-03-25,9.27,9.56,9.12,9.5,3.1666635,36500,0.0000,1.0
2004-03-24,9.13,9.285,9.06,9.28,3.09333024,72800,0.0000,1.0
2004-03-23,9.35,9.63,9.12,9.2,3.0666636,81000,0.0000,1.0
2004-03-22,9.73,9.75,9.0,9.2,3.0666636,78800,0.0000,1.0
2004-03-19,9.45,9.68,9.25,9.65,3.21666345,91300,0.0000,1.0
2004-03-18,9.25,9.8,8.9,9.54,3.17999682,129500,0.0000,1.0
2004-03-17,9.5,9.71,8.86,9.45,3.14999685,270900,0.0000,1.0
2004-03-16,9.92,10.25,9.32,9.52,3.17333016,264900,0.0000,1.0
2004-03-15,10.6,10.6,10.25,10.29,3.42999657,38300,0.0000,1.0
2004-03-12,10.05,10.61,10.05,10.5,3.4999965,46600,0.0000,1.0
2004-03-11,9.97,10.409,9.75,10.25,3.41666325,141900,0.0000,1.0
2004-03-10,10.44,10.58,10.2,10.25,3.41666325,167800,0.0000,1.0
2004-03-09,10.85,10.97,10.15,10.5,3.4999965,173300,0.0000,1.0
2004-03-08,11.2,11.38,10.91,10.97,3.65666301,72000,0.0000,1.0
2004-03-05,11.45,11.5,11.2,11.27,3.75666291,50100,0.0000,1.0
2004-03-04,11.485,11.5,11.24,11.3,3.7666629,47400,0.0000,1.0
2004-03-03,11.59,11.59,11.04,11.47,3.82332951,58300,0.0000,1.0
2004-03-02,11.7,11.9,10.85,11.4,3.7999962,122000,0.0000,1.0
2004-03-01,11.91,11.91,11.54,11.74,3.91332942,83800,0.0000,1.0
2004-02-27,11.56,11.9,11.5,11.5,3.8333295,59400,0.0000,1.0
2004-02-26,11.01,11.89,11.01,11.61,3.86999613,57300,0.0000,1.0
2004-02-25,11.01,11.3,10.79,11.23,3.74332959,66900,0.0000,1.0
2004-02-24,11.1,11.28,10.77,11.22,3.73999626,175200,0.0000,1.0
2004-02-23,11.02,11.22,10.97,11.112,3.703996296,75100,0.0000,1.0
2004-02-20,11.47,11.47,10.773,11.229,3.742996257,81700,0.0000,1.0
2004-02-19,11.3,11.6,11.25,11.35,3.78332955,137600,0.0000,1.0
2004-02-18,11.26,11.6,11.26,11.38,3.79332954,173100,0.0000,1.0
2004-02-17,11.45,11.83,11.06,11.279,3.759662907,279500,0.0000,1.0
2004-02-13,10.6,11.5,10.36,11.05,3.68332965,371000,0.0000,1.0
2004-02-12,10.0,10.14,10.0,10.1,3.3666633,42700,0.0000,1.0
2004-02-11,9.965,10.09,9.81,10.02,3.33999666,48900,0.0000,1.0
2004-02-10,9.81,10.05,9.75,9.951,3.316996683,46000,0.0000,1.0
2004-02-09,10.06,10.1,9.5,9.91,3.30333003,97500,0.0000,1.0
2004-02-06,9.5,10.0,9.5,9.9,3.2999967,23000,0.0000,1.0
2004-02-05,9.6,9.64,9.45,9.59,3.19666347,29800,0.0000,1.0
2004-02-04,9.28,9.8,9.25,9.5,3.1666635,38600,0.0000,1.0
2004-02-03,9.94,9.979,9.26,9.766,3.255330078,58800,0.0000,1.0
2004-02-02,10.0,10.0,9.5,9.84,3.27999672,48100,0.0000,1.0
2004-01-30,9.89,10.0,9.8,9.85,3.28333005,54800,0.0000,1.0
2004-01-29,9.66,10.13,9.61,9.7,3.2333301,87700,0.0000,1.0
2004-01-28,10.48,10.48,9.24,9.64,3.21333012,197400,0.0000,1.0
2004-01-27,10.39,10.456,10.3,10.35,3.44999655,49600,0.0000,1.0
2004-01-26,10.55,10.55,10.14,10.3,3.4333299,88800,0.0000,1.0
2004-01-23,10.26,10.55,10.1,10.311,3.436996563,62900,0.0000,1.0
2004-01-22,10.39,10.82,10.27,10.32,3.43999656,134400,0.0000,1.0
2004-01-21,10.45,10.53,10.05,10.41,3.46999653,176000,0.0000,1.0
2004-01-20,10.3,10.45,9.88,10.1,3.3666633,167900,0.0000,1.0
2004-01-16,9.98,10.4,9.7,10.34,3.44666322,166800,0.0000,1.0
2004-01-15,9.5,10.0,9.5,9.89,3.29666337,68600,0.0000,1.0
2004-01-14,9.64,9.77,9.44,9.77,3.25666341,43600,0.0000,1.0
2004-01-13,9.43,9.85,9.33,9.55,3.18333015,83800,0.0000,1.0
2004-01-12,9.34,9.55,9.12,9.259,3.086330247,76100,0.0000,1.0
2004-01-09,9.01,9.24,9.01,9.23,3.07666359,143100,0.0000,1.0
2004-01-08,9.3,9.3,9.02,9.12,3.03999696,76800,0.0000,1.0
2004-01-07,8.71,9.38,8.69,9.15,3.04999695,109100,0.0000,1.0
2004-01-06,8.64,8.75,8.63,8.65,2.88333045,38400,0.0000,1.0
2004-01-05,8.68,8.98,8.5,8.814,2.937997062,46900,0.0000,1.0
2004-01-02,8.69,9.0,8.4,8.58,2.85999714,69900,0.0000,1.0
2003-12-31,8.65,8.74,8.5,8.51,2.83666383,18100,0.0000,1.0
2003-12-30,8.86,8.96,8.2,8.54,2.84666382,47200,0.0000,1.0
2003-12-29,8.51,8.76,8.3,8.76,2.91999708,29400,0.0000,1.0
2003-12-26,8.53,8.53,8.4,8.47,2.82333051,79400,0.0000,1.0
2003-12-24,8.71,8.71,8.4,8.51,2.83666383,60600,0.0000,1.0
2003-12-23,8.82,8.82,8.48,8.53,2.84333049,78200,0.0000,1.0
2003-12-22,8.18,9.0,8.1,8.6,2.8666638,184400,0.0000,1.0
2003-12-19,8.15,8.25,8.0,8.0,2.666664,40600,0.0000,1.0
2003-12-18,7.71,8.274,7.71,8.21,2.73666393,96800,0.0000,1.0
2003-12-17,7.6,7.9,7.595,7.81,2.60333073,17500,0.0000,1.0
2003-12-16,7.74,7.8,7.53,7.71,2.56999743,62600,0.0000,1.0
2003-12-15,7.83,7.85,7.45,7.74,2.57999742,69100,0.0000,1.0
2003-12-12,7.51,7.77,7.51,7.68,2.55999744,80300,0.0000,1.0
2003-12-11,7.46,7.7,7.45,7.65,2.54999745,77700,0.0000,1.0
2003-12-10,7.5,7.79,7.45,7.68,2.55999744,40000,0.0000,1.0
2003-12-09,7.65,7.68,7.42,7.55,2.51666415,215800,0.0000,1.0
2003-12-08,7.79,7.79,7.43,7.639,2.546330787,88800,0.0000,1.0
2003-12-05,7.51,7.74,7.5,7.65,2.54999745,69800,0.0000,1.0
2003-12-04,7.71,7.71,7.4,7.51,2.50333083,62400,0.0000,1.0
2003-12-03,7.93,7.95,7.55,7.69,2.56333077,58100,0.0000,1.0
2003-12-02,7.5,7.97,7.4,7.85,2.61666405,166900,0.0000,1.0
2003-12-01,7.5,7.5,7.33,7.5,2.4999975,119100,0.0000,1.0
2003-11-28,7.23,7.4,7.23,7.39,2.46333087,54100,0.0000,1.0
2003-11-26,7.4,7.4,7.17,7.21,2.40333093,56000,0.0000,1.0
2003-11-25,7.4,7.4,7.26,7.33,2.44333089,90200,0.0000,1.0
2003-11-24,7.47,7.72,7.15,7.38,2.45999754,112900,0.0000,1.0
2003-11-21,7.3,7.49,7.26,7.35,2.44999755,85100,0.0000,1.0
2003-11-20,6.98,7.3,6.93,7.28,2.42666424,37100,0.0000,1.0
2003-11-19,6.7,6.98,6.7,6.91,2.30333103,41800,0.0000,1.0
2003-11-18,6.59,6.8,6.59,6.75,2.24999775,82100,0.0000,1.0
2003-11-17,6.9,7.0,6.18,6.56,2.18666448,74900,0.0000,1.0
2003-11-14,6.81,7.09,6.81,7.02,2.33999766,48200,0.0000,1.0
2003-11-13,7.23,7.45,6.7,6.87,2.28999771,95800,0.0000,1.0
2003-11-12,7.65,7.72,7.11,7.32,2.43999756,50700,0.0000,1.0
2003-11-11,7.23,7.72,7.23,7.63,2.54333079,69900,0.0000,1.0
2003-11-10,7.41,7.45,7.2,7.37,2.45666421,25900,0.0000,1.0
2003-11-07,7.4,7.51,7.39,7.39,2.46333087,34300,0.0000,1.0
2003-11-06,7.5,7.5,7.39,7.421,2.473664193,9100,0.0000,1.0
2003-11-05,7.48,7.48,7.33,7.38,2.45999754,7700,0.0000,1.0
2003-11-04,7.43,7.52,7.33,7.33,2.44333089,21300,0.0000,1.0
2003-11-03,7.11,7.51,7.099,7.5,2.4999975,68200,0.0000,1.0
2003-10-31,7.15,7.25,6.71,7.0,2.333331,41800,0.0000,1.0
2003-10-30,6.9,7.05,6.66,7.05,2.34999765,52000,0.0000,1.0
2003-10-29,6.82,6.82,6.69,6.82,2.27333106,53300,0.0000,1.0
2003-10-28,6.63,6.65,6.5,6.639,2.212997787,65000,0.0000,1.0
2003-10-27,6.6,6.84,6.52,6.52,2.17333116,69000,0.0000,1.0
2003-10-24,6.361,6.43,6.361,6.423,2.140997859,5900,0.0000,1.0
2003-10-23,6.5,6.58,6.3,6.4,2.1333312,40000,0.0000,1.0
2003-10-22,6.39,6.54,6.39,6.54,2.17999782,15800,0.0000,1.0
2003-10-21,6.39,6.6,6.39,6.6,2.1999978,24500,0.0000,1.0
2003-10-20,6.35,6.4,6.25,6.4,2.1333312,6500,0.0000,1.0
2003-10-17,6.53,6.53,6.04,6.49,2.16333117,12900,0.0000,1.0
2003-10-16,6.72,6.74,6.3,6.57,2.18999781,46600,0.0000,1.0
2003-10-15,6.48,6.71,6.43,6.6,2.1999978,42400,0.0000,1.0
2003-10-14,6.049,6.46,6.049,6.4,2.1333312,108600,0.0000,1.0
2003-10-13,6.06,6.07,5.97,6.03,2.00999799,25700,0.0000,1.0
2003-10-10,6.061,6.15,6.05,6.075,2.024997975,26900,0.0000,1.0
2003-10-09,6.02,6.09,6.0,6.071,2.023664643,8300,0.0000,1.0
2003-10-08,6.05,6.129,6.03,6.03,2.00999799,8800,0.0000,1.0
2003-10-07,6.13,6.13,6.05,6.08,2.02666464,3800,0.0000,1.0
2003-10-06,6.01,6.15,6.01,6.12,2.03999796,23600,0.0000,1.0
2003-10-03,5.99,6.16,5.989,6.138,2.045997954,22700,0.0000,1.0
2003-10-02,5.81,6.0,5.81,5.99,1.99666467,85300,0.0000,1.0
2003-10-01,6.11,6.11,5.85,5.92,1.97333136,20800,0.0000,1.0
2003-09-30,6.18,6.18,5.91,6.08,2.02666464,38500,0.0000,1.0
2003-09-29,6.18,6.4,5.9,5.96,1.98666468,33000,0.0000,1.0
2003-09-26,6.591,6.68,5.85,6.06,2.01999798,26000,0.0000,1.0
2003-09-25,6.64,6.64,6.44,6.5,2.1666645,41100,0.0000,1.0
2003-09-24,6.65,6.78,6.51,6.51,2.16999783,100000,0.0000,1.0
2003-09-23,6.11,6.81,6.1,6.61,2.20333113,169500,0.0000,1.0
2003-09-22,6.3,6.3,6.1,6.15,2.04999795,15200,0.0000,1.0
2003-09-19,6.29,6.29,6.15,6.25,2.08333125,18000,0.0000,1.0
2003-09-18,6.25,6.35,6.15,6.35,2.11666455,30700,0.0000,1.0
2003-09-17,5.89,6.31,5.89,6.269,2.089664577,213600,0.0000,1.0
2003-09-16,5.86,5.94,5.75,5.9,1.9666647,44500,0.0000,1.0
2003-09-15,5.781,5.791,5.67,5.69,1.89666477,18800,0.0000,1.0
2003-09-12,6.09,6.09,5.78,5.8,1.9333314,34800,0.0000,1.0
2003-09-11,6.02,6.02,5.92,5.97,1.98999801,15200,0.0000,1.0
2003-09-10,5.9,6.1,5.9,5.98,1.99333134,121800,0.0000,1.0
2003-09-09,6.0,6.05,5.85,5.93,1.97666469,95000,0.0000,1.0
2003-09-08,5.62,6.05,5.4,5.969,1.989664677,345400,0.0000,1.0
2003-09-05,5.33,5.7,5.3,5.62,1.87333146,206900,0.0000,1.0
2003-09-04,5.16,5.17,5.1,5.11,1.70333163,57900,0.0000,1.0
2003-09-03,5.0,5.15,5.0,5.12,1.70666496,149600,0.0000,1.0
2003-09-02,5.0,5.2,4.99,5.03,1.67666499,31800,0.0000,1.0
2003-08-29,5.107,5.126,5.02,5.02,1.67333166,12000,0.0000,1.0
2003-08-28,5.1,5.17,5.1,5.15,1.71666495,8000,0.0000,1.0
2003-08-27,5.17,5.17,5.0,5.09,1.69666497,13000,0.0000,1.0
2003-08-26,5.25,5.28,5.11,5.28,1.75999824,11300,0.0000,1.0
2003-08-25,5.13,5.25,5.05,5.25,1.74999825,20900,0.0000,1.0
2003-08-22,5.23,5.27,5.15,5.15,1.71666495,22800,0.0000,1.0
2003-08-21,5.25,5.29,5.24,5.25,1.74999825,50000,0.0000,1.0
2003-08-20,5.29,5.29,5.24,5.25,1.74999825,78100,0.0000,1.0
2003-08-19,5.191,5.29,5.191,5.28,1.75999824,9600,0.0000,1.0
2003-08-18,5.29,5.29,5.12,5.28,1.75999824,88400,0.0000,1.0
2003-08-15,5.15,5.29,5.05,5.29,1.76333157,2500,0.0000,1.0
2003-08-14,5.35,5.35,5.15,5.19,1.72999827,10300,0.0000,1.0
2003-08-13,5.35,5.47,5.11,5.29,1.76333157,73300,0.0000,1.0
2003-08-12,5.26,5.32,5.25,5.32,1.77333156,64900,0.0000,1.0
2003-08-11,5.05,5.28,5.05,5.21,1.73666493,137400,0.0000,1.0
2003-08-08,4.88,5.05,4.88,5.03,1.67666499,84000,0.0000,1.0
2003-08-07,4.85,4.98,4.84,4.94,1.64666502,34600,0.0000,1.0
2003-08-06,4.93,4.93,4.8,4.8,1.5999984,35400,0.0000,1.0
2003-08-05,4.9,4.91,4.8,4.86,1.61999838,32600,0.0000,1.0
2003-08-04,4.75,4.98,4.75,4.94,1.64666502,55000,0.0000,1.0
2003-08-01,4.85,4.95,4.81,4.81,1.60333173,464600,0.0000,1.0
2003-07-31,4.55,4.89,4.54,4.89,1.62999837,110800,0.0000,1.0
2003-07-30,4.59,4.72,4.45,4.5,1.4999985,53700,0.0000,1.0
2003-07-29,4.55,4.7,4.52,4.58,1.52666514,135700,0.0000,1.0
2003-07-28,4.382,4.6,4.382,4.55,1.51666515,117700,0.0000,1.0
2003-07-25,4.34,4.5,4.3,4.42,1.47333186,38100,0.0000,1.0
2003-07-24,4.21,4.35,4.17,4.35,1.44999855,26100,0.0000,1.0
2003-07-23,4.21,4.3,4.21,4.25,1.41666525,10100,0.0000,1.0
2003-07-22,4.35,4.41,4.1,4.251,1.416998583,79800,0.0000,1.0
2003-07-21,4.35,4.35,4.31,4.329,1.442998557,21400,0.0000,1.0
2003-07-18,4.34,4.35,4.28,4.34,1.44666522,19400,0.0000,1.0
2003-07-17,4.33,4.34,4.29,4.33,1.44333189,18400,0.0000,1.0
2003-07-16,4.51,4.51,4.31,4.34,1.44666522,13000,0.0000,1.0
2003-07-15,4.21,4.55,4.21,4.35,1.44999855,30500,0.0000,1.0
2003-07-14,4.1,4.245,4.1,4.245,1.414998585,20900,0.0000,1.0
2003-07-11,4.19,4.21,4.11,4.2,1.3999986,9800,0.0000,1.0
2003-07-10,4.2,4.25,4.04,4.2,1.3999986,21400,0.0000,1.0
2003-07-09,4.28,4.3,4.19,4.2,1.3999986,31200,0.0000,1.0
2003-07-08,4.42,4.45,4.25,4.25,1.41666525,24400,0.0000,1.0
2003-07-07,4.53,4.59,4.49,4.49,1.49666517,56800,0.0000,1.0
2003-07-03,4.3,4.55,4.3,4.5,1.4999985,111400,0.0000,1.0
2003-07-02,4.2,4.33,4.189,4.33,1.44333189,58800,0.0000,1.0
2003-07-01,4.35,4.35,4.19,4.19,1.39666527,15000,0.0000,1.0
2003-06-30,4.35,4.353,4.33,4.353,1.450998549,8700,0.0000,1.0
2003-06-27,4.29,4.35,4.25,4.35,1.44999855,27500,0.0000,1.0
2003-06-26,4.02,4.25,4.02,4.25,1.41666525,72700,0.0000,1.0
2003-06-25,4.0,4.1,4.0,4.1,1.3666653,3000,0.0000,1.0
2003-06-24,4.18,4.18,4.0,4.0,1.333332,1600,0.0000,1.0
2003-06-23,4.2,4.243,4.18,4.18,1.39333194,1100,0.0000,1.0
2003-06-20,4.15,4.29,4.15,4.29,1.42999857,10900,0.0000,1.0
2003-06-19,4.25,4.25,4.16,4.2,1.3999986,8000,0.0000,1.0
2003-06-18,4.1,4.25,4.1,4.25,1.41666525,31000,0.0000,1.0
2003-06-17,3.972,4.1,3.96,4.09,1.36333197,19200,0.0000,1.0
2003-06-16,4.0,4.01,4.0,4.01,1.33666533,5700,0.0000,1.0
2003-06-13,4.06,4.06,3.97,3.97,1.32333201,4600,0.0000,1.0
2003-06-12,4.01,4.08,4.01,4.03,1.34333199,12200,0.0000,1.0
2003-06-11,3.8,4.1,3.8,4.06,1.35333198,53800,0.0000,1.0
2003-06-10,3.73,3.74,3.73,3.74,1.24666542,2000,0.0000,1.0
2003-06-09,3.8,3.8,3.728,3.728,1.242665424,8500,0.0000,1.0
2003-06-06,3.67,3.78,3.67,3.78,1.25999874,10700,0.0000,1.0
2003-06-05,3.76,3.76,3.65,3.7,1.2333321,5200,0.0000,1.0
2003-06-04,3.65,3.76,3.65,3.75,1.24999875,14200,0.0000,1.0
2003-06-03,3.694,3.694,3.65,3.65,1.21666545,600,0.0000,1.0
2003-06-02,3.7,3.71,3.69,3.7,1.2333321,17400,0.0000,1.0
2003-05-30,3.58,3.75,3.54,3.7,1.2333321,19300,0.0000,1.0
2003-05-29,3.63,3.651,3.63,3.65,1.21666545,2200,0.0000,1.0
2003-05-28,3.8,3.8,3.63,3.65,1.21666545,111800,0.0000,1.0
2003-05-27,3.62,3.65,3.6,3.65,1.21666545,2400,0.0000,1.0
2003-05-23,3.6,3.7,3.6,3.7,1.2333321,700,0.0000,1.0
2003-05-22,3.65,3.65,3.61,3.61,1.20333213,7000,0.0000,1.0
2003-05-21,3.627,3.67,3.627,3.6599,1.2199654467,9400,0.0000,1.0
2003-05-20,3.71,3.71,3.7,3.7,1.2333321,1000,0.0000,1.0
2003-05-19,3.7,3.76,3.7,3.7,1.2333321,2400,0.0000,1.0
2003-05-16,3.7,3.7,3.7,3.7,1.2333321,2200,0.0000,1.0
2003-05-15,3.75,3.75,3.75,3.75,1.24999875,700,0.0000,1.0
2003-05-14,3.72,3.72,3.7,3.7,1.2333321,5900,0.0000,1.0
2003-05-13,3.76,3.76,3.76,3.76,1.25333208,0,0.0000,1.0
2003-05-12,3.76,3.89,3.75,3.76,1.25333208,11200,0.0000,1.0
2003-05-09,3.75,3.75,3.75,3.75,1.24999875,1500,0.0000,1.0
2003-05-08,3.75,3.75,3.75,3.75,1.24999875,500,0.0000,1.0
2003-05-07,3.7,3.8,3.7,3.77,1.25666541,28000,0.0000,1.0
2003-05-06,3.75,3.85,3.7,3.79,1.26333207,14700,0.0000,1.0
2003-05-05,3.62,3.75,3.59,3.75,1.24999875,23100,0.0000,1.0
2003-05-02,3.6,3.6,3.6,3.6,1.1999988,1000,0.0000,1.0
2003-05-01,3.5,3.549,3.45,3.549,1.182998817,3700,0.0000,1.0
2003-04-30,3.45,3.45,3.45,3.45,1.14999885,1000,0.0000,1.0
2003-04-29,3.5,3.5,3.45,3.45,1.14999885,1400,0.0000,1.0
2003-04-28,3.46,3.5,3.46,3.5,1.1666655,5200,0.0000,1.0
2003-04-25,3.47,3.47,3.45,3.45,1.14999885,1100,0.0000,1.0
2003-04-24,3.51,3.51,3.51,3.51,1.16999883,500,0.0000,1.0
2003-04-23,3.62,3.62,3.62,3.62,1.20666546,200,0.0000,1.0
2003-04-22,3.5,3.6,3.5,3.54,1.17999882,21600,0.0000,1.0
2003-04-21,3.35,3.49,3.35,3.472,1.157332176,12400,0.0000,1.0
2003-04-17,3.5,3.5,3.371,3.371,1.123665543,2200,0.0000,1.0
2003-04-16,3.39,3.5,3.39,3.44,1.14666552,3600,0.0000,1.0
2003-04-15,3.31,3.38,3.25,3.38,1.12666554,600,0.0000,1.0
2003-04-14,3.34,3.39,3.34,3.38,1.12666554,6400,0.0000,1.0
2003-04-11,3.251,3.345,3.2,3.32,1.10666556,7900,0.0000,1.0
2003-04-10,3.32,3.35,3.25,3.35,1.11666555,5100,0.0000,1.0
2003-04-09,3.3,3.3,3.3,3.3,1.0999989,600,0.0000,1.0
2003-04-08,3.33,3.35,3.3,3.3,1.0999989,2200,0.0000,1.0
2003-04-07,3.35,3.37,3.35,3.37,1.12333221,1400,0.0000,1.0
2003-04-04,3.25,3.3,3.25,3.3,1.0999989,31300,0.0000,1.0
2003-04-03,3.3,3.3,3.3,3.3,1.0999989,3200,0.0000,1.0
2003-04-02,3.4,3.4,3.3,3.3,1.0999989,5200,0.0000,1.0
2003-04-01,3.45,3.45,3.45,3.45,1.14999885,0,0.0000,1.0
2003-03-31,3.45,3.45,3.45,3.45,1.14999885,2500,0.0000,1.0
2003-03-28,3.381,3.5,3.35,3.35,1.11666555,1800,0.0000,1.0
2003-03-27,3.26,3.49,3.26,3.4,1.1333322,2200,0.0000,1.0
2003-03-26,3.28,3.3,3.28,3.3,1.0999989,19100,0.0000,1.0
2003-03-25,3.3,3.3,3.25,3.25,1.08333225,1100,0.0000,1.0
2003-03-24,3.3,3.3,3.3,3.3,1.0999989,0,0.0000,1.0
2003-03-21,3.3,3.3,3.3,3.3,1.0999989,600,0.0000,1.0
2003-03-20,3.32,3.32,3.32,3.32,1.10666556,0,0.0000,1.0
2003-03-19,3.32,3.32,3.32,3.32,1.10666556,0,0.0000,1.0
2003-03-18,3.32,3.32,3.32,3.32,1.10666556,200,0.0000,1.0
2003-03-17,3.489,3.9,3.46,3.46,1.15333218,5300,0.0000,1.0
2003-03-14,3.42,3.42,3.42,3.42,1.13999886,200,0.0000,1.0
2003-03-13,3.35,3.38,3.3,3.38,1.12666554,5800,0.0000,1.0
2003-03-12,3.26,3.4,3.26,3.4,1.1333322,3900,0.0000,1.0
2003-03-11,3.5,3.555,3.4,3.4,1.1333322,6000,0.0000,1.0
2003-03-10,2.6,3.4,2.55,3.4,1.1333322,19900,0.0000,1.0
2003-03-07,3.45,3.45,3.45,3.45,1.14999885,200,0.0000,1.0
2003-03-06,3.48,3.48,3.47,3.47,1.15666551,500,0.0000,1.0
2003-03-05,3.48,3.48,3.3,3.3,1.0999989,2700,0.0000,1.0
2003-03-04,3.55,3.55,3.55,3.55,1.18333215,3100,0.0000,1.0
2003-03-03,3.51,3.51,3.5,3.5,1.1666655,700,0.0000,1.0
2003-02-28,3.54,3.6,3.5,3.5,1.1666655,22100,0.0000,1.0
2003-02-27,3.45,3.45,3.45,3.45,1.14999885,1500,0.0000,1.0
2003-02-26,3.46,3.51,3.45,3.51,1.16999883,4800,0.0000,1.0
2003-02-25,3.45,3.52,3.45,3.46,1.15333218,19200,0.0000,1.0
2003-02-24,3.45,3.45,3.45,3.45,1.14999885,0,0.0000,1.0
2003-02-21,3.47,3.47,3.45,3.45,1.14999885,200,0.0000,1.0
2003-02-20,3.471,3.5,3.471,3.5,1.1666655,3500,0.0000,1.0
2003-02-19,3.89,3.89,3.47,3.47,1.15666551,900,0.0000,1.0
2003-02-18,3.48,3.48,3.48,3.48,1.15999884,100,0.0000,1.0
2003-02-14,3.55,3.55,3.47,3.47,1.15666551,5000,0.0000,1.0
2003-02-13,3.54,3.601,3.54,3.6,1.1999988,5400,0.0000,1.0
2003-02-12,3.56,3.62,3.47,3.47,1.15666551,4600,0.0000,1.0
2003-02-11,3.45,3.45,3.45,3.45,1.14999885,1000,0.0000,1.0
2003-02-10,3.45,3.45,3.45,3.45,1.14999885,1400,0.0000,1.0
2003-02-07,3.45,3.46,3.45,3.46,1.15333218,3200,0.0000,1.0
2003-02-06,3.65,3.66,3.48,3.48,1.15999884,5300,0.0000,1.0
2003-02-05,4.0,4.0,3.6,3.65,1.21666545,5000,0.0000,1.0
2003-02-04,3.5,3.64,3.5,3.64,1.21333212,3200,0.0000,1.0
2003-02-03,3.5,3.5,3.5,3.5,1.1666655,0,0.0000,1.0
2003-01-31,3.45,3.5,3.45,3.5,1.1666655,5800,0.0000,1.0
2003-01-30,3.455,3.55,3.45,3.5,1.1666655,3500,0.0000,1.0
2003-01-29,3.54,3.54,3.49,3.5,1.1666655,1100,0.0000,1.0
2003-01-28,3.54,3.54,3.49,3.5,1.1666655,1100,0.0000,1.0
2003-01-27,3.51,3.51,3.51,3.51,1.16999883,0,0.0000,1.0
2003-01-24,3.56,3.56,3.5,3.51,1.16999883,1600,0.0000,1.0
2003-01-23,3.592,3.6,3.592,3.6,1.1999988,300,0.0000,1.0
2003-01-22,3.595,3.595,3.595,3.595,1.198332135,100,0.0000,1.0
2003-01-21,3.71,3.75,3.6,3.6,1.1999988,10600,0.0000,1.0
2003-01-17,3.5,3.72,3.5,3.72,1.23999876,10500,0.0000,1.0
2003-01-16,3.45,3.55,3.45,3.5,1.1666655,15200,0.0000,1.0
2003-01-15,3.49,3.92,3.45,3.5,1.1666655,26200,0.0000,1.0
2003-01-14,3.5,3.5,3.45,3.45,1.14999885,1800,0.0000,1.0
2003-01-13,3.5,3.55,3.5,3.5,1.1666655,4700,0.0000,1.0
2003-01-10,3.55,3.59,3.5,3.51,1.16999883,3100,0.0000,1.0
2003-01-09,3.5,3.55,3.5,3.51,1.16999883,3500,0.0000,1.0
2003-01-08,3.63,3.63,3.51,3.51,1.16999883,1000,0.0000,1.0
2003-01-07,3.79,3.82,3.61,3.62,1.20666546,5500,0.0000,1.0
2003-01-06,3.38,3.89,3.38,3.8,1.2666654,14000,0.0000,1.0
2003-01-03,3.49,3.5,3.49,3.49,1.16333217,1900,0.0000,1.0
2003-01-02,3.39,3.45,3.39,3.45,1.14999885,4000,0.0000,1.0
2002-12-31,3.36,3.36,3.35,3.35,1.11666555,4500,0.0000,1.0
2002-12-30,3.34,3.43,3.3,3.43,1.14333219,4900,0.0000,1.0
2002-12-27,3.25,3.44,3.25,3.44,1.14666552,15400,0.0000,1.0
2002-12-26,3.25,3.26,3.25,3.26,1.08666558,5200,0.0000,1.0
2002-12-24,3.25,3.25,3.25,3.25,1.08333225,0,0.0000,1.0
2002-12-23,3.25,3.251,3.25,3.251,1.083665583,3300,0.0000,1.0
2002-12-20,3.25,3.339,3.25,3.3,1.0999989,2600,0.0000,1.0
2002-12-19,3.25,3.275,3.23,3.25,1.08333225,32000,0.0000,1.0
2002-12-18,3.25,3.3,3.25,3.25,1.08333225,54800,0.0000,1.0
2002-12-17,3.1,3.28,3.1,3.28,1.09333224,15900,0.0000,1.0
2002-12-16,3.01,3.15,3.0,3.149,1.049665617,2200,0.0000,1.0
2002-12-13,3.0,3.0,3.0,3.0,0.999999,0,0.0000,1.0
2002-12-12,2.95,3.0,2.92,3.0,0.999999,7600,0.0000,1.0
2002-12-11,3.0,3.13,2.9,3.0,0.999999,17000,0.0000,1.0
2002-12-10,3.05,3.1,3.0,3.1,1.0333323,8000,0.0000,1.0
2002-12-09,2.98,3.07,2.98,3.0,0.999999,9700,0.0000,1.0
2002-12-06,3.07,3.07,3.07,3.07,1.02333231,1900,0.0000,1.0
2002-12-05,3.1,3.1,3.1,3.1,1.0333323,6000,0.0000,1.0
2002-12-04,3.15,3.15,3.15,3.15,1.04999895,0,0.0000,1.0
2002-12-03,3.25,3.25,3.15,3.15,1.04999895,2300,0.0000,1.0
2002-12-02,3.24,3.24,3.2,3.2,1.0666656,1400,0.0000,1.0
2002-11-29,3.1,3.1,3.1,3.1,1.0333323,1000,0.0000,1.0
2002-11-27,3.15,3.25,2.75,3.25,1.08333225,10700,0.0000,1.0
2002-11-26,3.16,3.2,3.16,3.2,1.0666656,1800,0.0000,1.0
2002-11-25,2.99,3.15,2.75,3.15,1.04999895,21500,0.0000,1.0
2002-11-22,3.1,3.17,3.1,3.1,1.0333323,10000,0.0000,1.0
2002-11-21,3.13,3.13,3.11,3.11,1.03666563,2000,0.0000,1.0
2002-11-20,3.1,3.19,3.05,3.1,1.0333323,12300,0.0000,1.0
2002-11-19,3.11,3.5,3.1,3.15,1.04999895,6000,0.0000,1.0
2002-11-18,3.15,3.15,3.12,3.15,1.04999895,3000,0.0000,1.0
2002-11-15,3.22,3.22,3.1,3.11,1.03666563,24300,0.0000,1.0
2002-11-14,3.18,3.3,3.1,3.22,1.07333226,9800,0.0000,1.0
2002-11-13,3.3,3.3,3.3,3.3,1.0999989,20800,0.0000,1.0
2002-11-12,2.8,3.9,2.8,3.3,1.0999989,37200,0.0000,1.0
2002-11-11,2.65,2.799,2.65,2.799,0.932999067,2300,0.0000,1.0
2002-11-08,2.88,2.88,2.88,2.88,0.95999904,900,0.0000,1.0
2002-11-07,2.75,2.79,2.6,2.6,0.8666658,3500,0.0000,1.0
2002-11-06,2.773,2.773,2.773,2.773,0.924332409,400,0.0000,1.0
2002-11-05,2.8,2.8,2.71,2.711,0.903665763,1500,0.0000,1.0
2002-11-04,2.68,2.79,2.68,2.79,0.92999907,4000,0.0000,1.0
2002-11-01,2.7,2.7,2.7,2.7,0.8999991,100,0.0000,1.0
2002-10-31,2.63,2.785,2.629,2.7,0.8999991,26100,0.0000,1.0
2002-10-30,2.175,2.175,2.175,2.175,0.724999275,6500,0.0000,1.0
2002-10-29,2.21,2.21,2.1,2.175,0.724999275,9700,0.0000,1.0
2002-10-28,2.36,2.36,2.295,2.3,0.7666659,8600,0.0000,1.0
2002-10-25,2.41,2.42,2.25,2.32,0.77333256,7100,0.0000,1.0
2002-10-24,2.41,2.499,2.4,2.499,0.832999167,1500,0.0000,1.0
2002-10-23,2.4,2.4,2.4,2.4,0.7999992,0,0.0000,1.0
2002-10-22,2.4,2.4,2.4,2.4,0.7999992,0,0.0000,1.0
2002-10-21,2.399,2.42,2.26,2.4,0.7999992,2500,0.0000,1.0
2002-10-18,2.4,2.5,2.399,2.4,0.7999992,10000,0.0000,1.0
2002-10-17,2.4,2.45,2.4,2.41,0.80333253,8300,0.0000,1.0
2002-10-16,2.482,2.482,2.45,2.45,0.81666585,2100,0.0000,1.0
2002-10-15,2.375,2.4,2.27,2.4,0.7999992,3100,0.0000,1.0
2002-10-14,2.37,2.37,2.37,2.37,0.78999921,0,0.0000,1.0
2002-10-11,2.37,2.37,2.37,2.37,0.78999921,0,0.0000,1.0
2002-10-10,1.75,2.37,1.26,2.37,0.78999921,16800,0.0000,1.0
2002-10-09,2.35,2.35,1.75,2.0,0.666666,15000,0.0000,1.0
2002-10-08,2.41,2.41,2.4,2.4,0.7999992,5400,0.0000,1.0
2002-10-07,2.4,2.4,2.4,2.4,0.7999992,0,0.0000,1.0
2002-10-04,2.45,2.45,2.4,2.4,0.7999992,4000,0.0000,1.0
2002-10-03,2.44,2.46,2.44,2.46,0.81999918,1200,0.0000,1.0
2002-10-02,2.56,2.56,2.55,2.55,0.84999915,2400,0.0000,1.0
2002-10-01,2.55,2.55,2.55,2.55,0.84999915,600,0.0000,1.0
2002-09-30,2.57,2.57,2.57,2.57,0.85666581,4500,0.0000,1.0
2002-09-27,2.575,2.575,2.57,2.57,0.85666581,1600,0.0000,1.0
2002-09-26,2.59,2.6,2.56,2.57,0.85666581,7300,0.0000,1.0
2002-09-25,2.65,2.68,2.55,2.55,0.84999915,6400,0.0000,1.0
2002-09-24,2.77,2.77,2.6,2.65,0.88333245,17200,0.0000,1.0
2002-09-23,2.781,2.8,2.78,2.8,0.9333324,1000,0.0000,1.0
2002-09-20,2.95,2.95,2.95,2.95,0.98333235,0,0.0000,1.0
2002-09-19,2.95,2.95,2.95,2.95,0.98333235,800,0.0000,1.0
2002-09-18,2.85,2.85,2.8,2.8,0.9333324,2000,0.0000,1.0
2002-09-17,2.96,3.0,2.82,3.0,0.999999,3200,0.0000,1.0
2002-09-16,2.988,2.99,2.8,2.9,0.9666657,2000,0.0000,1.0
2002-09-13,2.95,2.95,2.851,2.9,0.9666657,600,0.0000,1.0
2002-09-12,2.81,2.81,2.81,2.81,0.93666573,1100,0.0000,1.0
2002-09-11,2.98,2.98,2.8,2.8,0.9333324,2500,0.0000,1.0
2002-09-10,2.85,3.0,2.85,3.0,0.999999,5100,0.0000,1.0
2002-09-09,2.8,2.851,2.8,2.85,0.94999905,1900,0.0000,1.0
2002-09-06,2.85,3.0,2.7,2.9,0.9666657,6300,0.0000,1.0
2002-09-05,2.81,2.81,2.8,2.8,0.9333324,2600,0.0000,1.0
2002-09-04,3.08,3.08,2.75,2.75,0.91666575,7500,0.0000,1.0
2002-09-03,3.05,3.05,2.75,3.012,1.003998996,4100,0.0000,1.0
2002-08-30,3.08,3.1,3.0,3.05,1.01666565,8800,0.0000,1.0
2002-08-29,2.96,2.96,2.96,2.96,0.98666568,400,0.0000,1.0
2002-08-28,2.95,3.0,2.92,2.99,0.99666567,3900,0.0000,1.0
2002-08-27,3.1,3.2,2.9,2.9,0.9666657,6900,0.0000,1.0
2002-08-26,3.001,3.001,2.925,2.925,0.974999025,2800,0.0000,1.0
2002-08-23,2.92,2.94,2.92,2.92,0.97333236,7900,0.0000,1.0
2002-08-22,2.901,3.0,2.9,3.0,0.999999,11700,0.0000,1.0
2002-08-21,3.09,3.09,2.5,3.0,0.999999,38000,0.0000,1.0
2002-08-20,3.01,3.01,3.01,3.01,1.00333233,400,0.0000,1.0
2002-08-19,2.98,3.01,2.98,3.0,0.999999,2900,0.0000,1.0
2002-08-16,3.051,3.051,3.03,3.03,1.00999899,3000,0.0000,1.0
2002-08-15,2.85,3.1,2.85,3.0,0.999999,37700,0.0000,1.0
2002-08-14,2.91,2.91,2.7,2.75,0.91666575,7500,0.0000,1.0
2002-08-13,3.0,3.0,2.9,2.9,0.9666657,1200,0.0000,1.0
2002-08-12,3.19,3.19,3.01,3.04,1.01333232,2600,0.0000,1.0
2002-08-09,3.19,3.39,3.0,3.0,0.999999,6600,0.0000,1.0
2002-08-08,3.002,3.002,2.95,2.95,0.98333235,15400,0.0000,1.0
2002-08-07,2.9,2.9,2.9,2.9,0.9666657,0,0.0000,1.0
2002-08-06,3.15,3.15,2.9,2.9,0.9666657,800,0.0000,1.0
2002-08-05,3.15,3.25,2.8,3.15,1.04999895,17200,0.0000,1.0
2002-08-02,2.96,3.25,2.9,3.15,1.04999895,22300,0.0000,1.0
2002-08-01,3.15,3.25,3.1,3.1,1.0333323,22100,0.0000,1.0
2002-07-31,3.11,3.11,3.1,3.11,1.03666563,2200,0.0000,1.0
2002-07-30,3.1,3.1,3.1,3.1,1.0333323,0,0.0000,1.0
2002-07-29,3.101,3.11,3.1,3.1,1.0333323,2600,0.0000,1.0
2002-07-26,2.75,3.05,2.75,3.0,0.999999,9400,0.0000,1.0
2002-07-25,2.75,2.753,2.75,2.753,0.917665749,4100,0.0000,1.0
2002-07-24,2.76,3.04,2.72,2.75,0.91666575,20400,0.0000,1.0
2002-07-23,2.96,2.96,2.75,2.85,0.94999905,8400,0.0000,1.0
2002-07-22,3.26,3.3,2.81,3.0,0.999999,6100,0.0000,1.0
2002-07-19,3.3,3.35,3.3,3.35,1.11666555,17400,0.0000,1.0
2002-07-18,3.26,3.26,3.25,3.25,1.08333225,3200,0.0000,1.0
2002-07-17,3.25,3.26,3.25,3.26,1.08666558,700,0.0000,1.0
2002-07-16,3.3,3.42,3.15,3.35,1.11666555,3800,0.0000,1.0
2002-07-15,3.3,3.33,3.28,3.28,1.09333224,10400,0.0000,1.0
2002-07-12,3.301,3.301,3.301,3.301,1.100332233,500,0.0000,1.0
2002-07-11,3.25,3.35,3.2,3.251,1.083665583,7400,0.0000,1.0
2002-07-10,3.3,3.3,3.3,3.3,1.0999989,0,0.0000,1.0
2002-07-09,3.3,3.301,3.3,3.3,1.0999989,3400,0.0000,1.0
2002-07-08,3.3,3.3,3.3,3.3,1.0999989,5000,0.0000,1.0
2002-07-05,3.3,3.3,3.3,3.3,1.0999989,2300,0.0000,1.0
2002-07-03,3.404,3.404,3.2,3.221,1.073665593,14700,0.0000,1.0
2002-07-02,3.5,3.5,3.45,3.45,1.14999885,6200,0.0000,1.0
2002-07-01,3.5,3.5,3.5,3.5,1.1666655,5800,0.0000,1.0
2002-06-28,3.32,3.85,3.32,3.55,1.18333215,13400,0.0000,1.0
2002-06-27,3.4,3.42,3.2,3.32,1.10666556,2700,0.0000,1.0
2002-06-26,3.65,3.65,3.41,3.41,1.13666553,1500,0.0000,1.0
2002-06-25,3.35,3.35,3.35,3.35,1.11666555,0,0.0000,1.0
2002-06-24,3.5,3.5,3.35,3.35,1.11666555,600,0.0000,1.0
2002-06-21,3.5,3.5,3.5,3.5,1.1666655,500,0.0000,1.0
2002-06-20,3.83,3.85,3.45,3.85,1.28333205,6700,0.0000,1.0
2002-06-19,3.36,3.88,3.36,3.45,1.14999885,5200,0.0000,1.0
2002-06-18,3.84,3.84,3.7,3.75,1.24999875,1000,0.0000,1.0
2002-06-17,3.85,3.851,3.3,3.3,1.0999989,6200,0.0000,1.0
2002-06-14,3.62,4.0,3.5,3.99,1.32999867,11700,0.0000,1.0
2002-06-13,3.5,3.8,3.44,3.6,1.1999988,8700,0.0000,1.0
2002-06-12,3.5,3.5,3.5,3.5,1.1666655,0,0.0000,1.0
2002-06-11,3.3,3.5,3.3,3.5,1.1666655,400,0.0000,1.0
2002-06-10,3.361,3.361,3.361,3.361,1.120332213,300,0.0000,1.0
2002-06-07,3.35,3.35,3.35,3.35,1.11666555,100,0.0000,1.0
2002-06-06,3.4,3.4,3.35,3.35,1.11666555,4800,0.0000,1.0
2002-06-05,3.5,3.5,3.35,3.35,1.11666555,600,0.0000,1.0
2002-06-04,3.4,3.4,3.38,3.38,1.12666554,5500,0.0000,1.0
2002-06-03,3.49,3.54,3.49,3.54,1.17999882,1300,0.0000,1.0
2002-05-31,3.4,3.49,3.36,3.49,1.16333217,2100,0.0000,1.0
2002-05-30,3.42,3.5,3.32,3.35,1.11666555,5700,0.0000,1.0
2002-05-29,3.67,3.67,3.42,3.42,1.13999886,1800,0.0000,1.0
2002-05-28,3.5,3.6,3.353,3.6,1.1999988,7400,0.0000,1.0
2002-05-24,3.35,3.5,3.35,3.45,1.14999885,2700,0.0000,1.0
2002-05-23,3.4,3.4,3.1,3.4,1.1333322,6900,0.0000,1.0
2002-05-22,3.451,3.55,3.45,3.55,1.18333215,2600,0.0000,1.0
2002-05-21,3.465,3.5,3.45,3.5,1.1666655,2700,0.0000,1.0
2002-05-20,3.45,3.6,3.45,3.6,1.1999988,6500,0.0000,1.0
2002-05-17,3.5,3.6,3.5,3.525,1.174998825,10000,0.0000,1.0
2002-05-16,3.651,3.73,3.65,3.65,1.21666545,4100,0.0000,1.0
2002-05-15,3.75,3.75,3.5,3.55,1.18333215,5600,0.0000,1.0
2002-05-14,3.7,3.89,3.66,3.89,1.29666537,2200,0.0000,1.0
2002-05-13,3.85,3.94,3.8,3.8,1.2666654,2700,0.0000,1.0
2002-05-10,3.85,3.85,3.85,3.85,1.28333205,0,0.0000,1.0
2002-05-09,3.977,3.977,3.85,3.85,1.28333205,4300,0.0000,1.0
2002-05-08,3.865,4.1,3.85,3.85,1.28333205,5200,0.0000,1.0
2002-05-07,3.86,4.0,3.85,3.86,1.28666538,2600,0.0000,1.0
2002-05-06,4.15,4.151,3.85,3.88,1.29333204,4800,0.0000,1.0
2002-05-03,3.901,4.12,3.901,4.12,1.37333196,2000,0.0000,1.0
2002-05-02,4.1,4.19,3.93,3.93,1.30999869,2100,0.0000,1.0
2002-05-01,3.94,3.95,3.84,3.85,1.28333205,4500,0.0000,1.0
2002-04-30,3.8,3.8,3.8,3.8,1.2666654,100,0.0000,1.0
2002-04-29,3.76,3.95,3.753,3.8,1.2666654,4700,0.0000,1.0
2002-04-26,3.55,3.95,3.54,3.65,1.21666545,32100,0.0000,1.0
2002-04-25,4.28,4.28,4.0,4.0,1.333332,7800,0.0000,1.0
2002-04-24,4.26,4.5,4.11,4.15,1.38333195,24100,0.0000,1.0
2002-04-23,4.74,5.0,3.96,3.96,1.31999868,32900,0.0000,1.0
2002-04-22,4.36,4.65,4.16,4.65,1.54999845,22400,0.0000,1.0
2002-04-19,4.475,4.48,4.36,4.41,1.46999853,7200,0.0000,1.0
2002-04-18,4.4,4.4,4.36,4.36,1.45333188,20300,0.0000,1.0
2002-04-17,4.5,4.5,4.32,4.4,1.4666652,12800,0.0000,1.0
2002-04-16,4.53,4.59,4.35,4.42,1.47333186,10100,0.0000,1.0
2002-04-15,4.4,4.59,4.25,4.549,1.516331817,21300,0.0000,1.0
2002-04-12,4.95,4.95,4.05,4.4,1.4666652,28200,0.0000,1.0
2002-04-11,4.4,4.97,4.32,4.97,1.65666501,27500,0.0000,1.0
2002-04-10,4.4,4.45,4.25,4.45,1.48333185,41900,0.0000,1.0
2002-04-09,3.85,4.25,3.85,4.24,1.41333192,50700,0.0000,1.0
2002-04-08,3.85,3.85,3.71,3.85,1.28333205,9700,0.0000,1.0
2002-04-05,3.69,3.94,3.65,3.94,1.31333202,19600,0.0000,1.0
2002-04-04,3.626,3.63,3.55,3.55,1.18333215,12800,0.0000,1.0
2002-04-03,3.69,3.69,3.59,3.59,1.19666547,1900,0.0000,1.0
2002-04-02,3.75,3.75,3.59,3.59,1.19666547,9600,0.0000,1.0
2002-04-01,3.69,3.69,3.54,3.61,1.20333213,10800,0.0000,1.0
2002-03-28,3.55,3.75,3.5,3.59,1.19666547,30400,0.0000,1.0
2002-03-27,3.53,3.55,3.53,3.53,1.17666549,3600,0.0000,1.0
2002-03-26,3.52,3.54,3.52,3.54,1.17999882,1900,0.0000,1.0
2002-03-25,3.74,3.74,3.5,3.55,1.18333215,5100,0.0000,1.0
2002-03-22,3.64,3.71,3.5,3.5,1.1666655,6900,0.0000,1.0
2002-03-21,3.89,3.89,3.75,3.755,1.251665415,5100,0.0000,1.0
2002-03-20,3.64,3.64,3.64,3.64,1.21333212,1500,0.0000,1.0
2002-03-19,3.735,3.9,3.6,3.6,1.1999988,7700,0.0000,1.0
2002-03-18,3.53,3.94,3.53,3.72,1.23999876,10600,0.0000,1.0
2002-03-15,3.52,3.77,3.52,3.65,1.21666545,2300,0.0000,1.0
2002-03-14,3.6,3.6,3.52,3.52,1.17333216,14500,0.0000,1.0
2002-03-13,3.63,3.78,3.57,3.77,1.25666541,14600,0.0000,1.0
2002-03-12,3.85,3.96,3.6,3.66,1.21999878,12100,0.0000,1.0
2002-03-11,3.85,3.96,3.85,3.85,1.28333205,5900,0.0000,1.0
2002-03-08,3.87,4.05,3.8,3.8,1.2666654,24900,0.0000,1.0
2002-03-07,3.9,3.9,3.71,3.87,1.28999871,22600,0.0000,1.0
2002-03-06,3.7,4.1,3.61,3.9,1.2999987,70400,0.0000,1.0
2002-03-05,3.25,3.5,3.22,3.5,1.1666655,88100,0.0000,1.0
2002-03-04,3.1,3.33,3.1,3.2,1.0666656,56900,0.0000,1.0
2002-03-01,3.16,3.16,3.09,3.1,1.0333323,27600,0.0000,1.0
2002-02-28,3.14,3.14,3.0,3.1,1.0333323,55900,0.0000,1.0
2002-02-27,3.02,3.15,3.01,3.1,1.0333323,32700,0.0000,1.0
2002-02-26,2.9,3.25,2.9,3.01,1.00333233,63800,0.0000,1.0
2002-02-25,2.74,3.1,2.74,2.9,0.9666657,60400,0.0000,1.0
2002-02-22,2.6,2.6,2.59,2.59,0.86333247,5500,0.0000,1.0
2002-02-21,2.8,2.8,2.7,2.7,0.8999991,2500,0.0000,1.0
2002-02-20,2.8,2.8,2.55,2.57,0.85666581,1000,0.0000,1.0
2002-02-19,2.6,2.75,2.37,2.75,0.91666575,3200,0.0000,1.0
2002-02-15,2.49,2.68,2.45,2.45,0.81666585,7900,0.0000,1.0
2002-02-14,2.55,2.6,2.4,2.5,0.8333325,6400,0.0000,1.0
2002-02-13,2.55,2.55,2.3,2.55,0.84999915,16500,0.0000,1.0
2002-02-12,2.935,2.935,2.45,2.7,0.8999991,4500,0.0000,1.0
2002-02-11,2.56,3.0,2.55,2.97,0.98999901,4100,0.0000,1.0
2002-02-08,2.635,2.635,2.22,2.51,0.83666583,13600,0.0000,1.0
2002-02-07,2.614,2.74,2.5,2.74,0.91333242,3100,0.0000,1.0
2002-02-06,3.07,3.07,2.1,2.89,0.96333237,10200,0.0000,1.0
2002-02-05,3.0,3.25,2.85,3.11,1.03666563,20200,0.0000,1.0
2002-02-04,3.25,3.25,3.02,3.02,1.00666566,24200,0.0000,1.0
2002-02-01,3.2,3.2,2.9,3.15,1.04999895,20400,0.0000,1.0
2002-01-31,2.65,2.85,2.65,2.75,0.91666575,8300,0.0000,1.0
2002-01-30,2.75,2.75,2.5,2.51,0.83666583,7500,0.0000,1.0
2002-01-29,2.75,2.99,2.74,2.74,0.91333242,15700,0.0000,1.0
2002-01-28,2.31,2.75,2.31,2.75,0.91666575,24500,0.0000,1.0
2002-01-25,2.34,2.45,2.27,2.32,0.77333256,12700,0.0000,1.0
2002-01-24,2.22,2.75,2.06,2.35,0.78333255,33500,0.0000,1.0
2002-01-23,2.46,2.46,2.25,2.3,0.7666659,17500,0.0000,1.0
2002-01-22,2.1,2.25,1.85,1.85,0.61666605,2500,0.0000,1.0
2002-01-18,1.9,1.9,1.85,1.85,0.61666605,7100,0.0000,1.0
2002-01-17,2.0,2.25,2.0,2.1,0.6999993,7500,0.0000,1.0
2002-01-16,1.89,2.0,1.85,2.0,0.666666,25400,0.0000,1.0
2002-01-15,1.8,1.8,1.8,1.8,0.5999994,0,0.0000,1.0
2002-01-14,1.8,1.8,1.8,1.8,0.5999994,300,0.0000,1.0
2002-01-11,1.75,1.831,1.75,1.82,0.60666606,16500,0.0000,1.0
2002-01-10,1.75,1.78,1.75,1.75,0.58333275,1200,0.0000,1.0
2002-01-09,1.7,1.7,1.65,1.65,0.54999945,800,0.0000,1.0
2002-01-08,1.75,1.75,1.75,1.75,0.58333275,5000,0.0000,1.0
2002-01-07,1.71,1.75,1.7,1.75,0.58333275,3100,0.0000,1.0
2002-01-04,1.66,1.66,1.66,1.66,0.55333278,100,0.0000,1.0
2002-01-03,1.71,1.71,1.66,1.66,0.55333278,600,0.0000,1.0
2002-01-02,1.78,1.8,1.75,1.77,0.58999941,30800,0.0000,1.0
2001-12-31,1.77,1.92,1.75,1.76,0.58666608,23600,0.0000,1.0
2001-12-28,1.85,1.9,1.7,1.7,0.5666661,6300,0.0000,1.0
2001-12-27,1.66,1.75,1.66,1.75,0.58333275,22100,0.0000,1.0
2001-12-26,1.75,1.76,1.7,1.7,0.5666661,34700,0.0000,1.0
2001-12-24,1.65,1.65,1.65,1.65,0.54999945,0,0.0000,1.0
2001-12-21,1.7,1.8,1.58,1.65,0.54999945,9800,0.0000,1.0
2001-12-20,1.55,1.6,1.55,1.6,0.5333328,1300,0.0000,1.0
2001-12-19,1.532,1.532,1.532,1.532,0.510666156,300,0.0000,1.0
2001-12-18,1.71,1.78,1.51,1.78,0.59333274,8200,0.0000,1.0
2001-12-17,1.789,1.79,1.789,1.79,0.59666607,4000,0.0000,1.0
2001-12-14,1.74,1.79,1.71,1.79,0.59666607,16600,0.0000,1.0
2001-12-13,1.69,1.74,1.68,1.74,0.57999942,76000,0.0000,1.0
2001-12-12,1.5,1.65,1.5,1.64,0.54666612,9600,0.0000,1.0
2001-12-11,1.35,1.35,1.35,1.35,0.44999955,0,0.0000,1.0
2001-12-10,1.3,1.35,1.14,1.35,0.44999955,1400,0.0000,1.0
2001-12-07,1.56,1.56,1.33,1.36,0.45333288,2200,0.0000,1.0
2001-12-06,1.41,1.41,1.4,1.4,0.4666662,5000,0.0000,1.0
2001-12-05,1.48,1.48,1.48,1.48,0.49333284,0,0.0000,1.0
2001-12-04,1.42,1.48,1.42,1.48,0.49333284,2700,0.0000,1.0
2001-12-03,1.59,1.59,1.4,1.4,0.4666662,1300,0.0000,1.0
2001-11-30,1.4,1.431,1.4,1.41,0.46999953,19300,0.0000,1.0
2001-11-29,1.48,1.48,1.3,1.35,0.44999955,1900,0.0000,1.0
2001-11-28,1.2,1.2,1.2,1.2,0.3999996,200,0.0000,1.0
2001-11-27,1.17,1.25,1.17,1.25,0.41666625,3300,0.0000,1.0
2001-11-26,1.2,1.25,1.2,1.25,0.41666625,1300,0.0000,1.0
2001-11-23,1.23,1.23,1.17,1.17,0.38999961,1600,0.0000,1.0
2001-11-21,1.2,1.2,1.17,1.17,0.38999961,29300,0.0000,1.0
2001-11-20,1.2,1.32,1.19,1.19,0.39666627,26900,0.0000,1.0
2001-11-19,1.21,1.21,1.2,1.2,0.3999996,44500,0.0000,1.0
2001-11-16,1.33,1.33,1.2,1.25,0.41666625,42700,0.0000,1.0
2001-11-15,1.4,1.4,1.27,1.4,0.4666662,25000,0.0000,1.0
2001-11-14,1.65,1.65,1.4,1.4,0.4666662,9900,0.0000,1.0
2001-11-13,1.41,1.5,1.41,1.41,0.46999953,10200,0.0000,1.0
2001-11-12,1.41,1.5,1.41,1.5,0.4999995,1800,0.0000,1.0
2001-11-09,1.5,1.55,1.42,1.42,0.47333286,2600,0.0000,1.0
2001-11-08,1.412,1.412,1.412,1.412,0.470666196,0,0.0000,1.0
2001-11-07,1.412,1.412,1.412,1.412,0.470666196,0,0.0000,1.0
2001-11-06,1.412,1.412,1.412,1.412,0.470666196,0,0.0000,1.0
2001-11-05,1.41,1.412,1.41,1.412,0.470666196,1700,0.0000,1.0
2001-11-02,1.75,1.75,1.75,1.75,0.58333275,0,0.0000,1.0
2001-11-01,1.5,1.75,1.5,1.75,0.58333275,1200,0.0000,1.0
2001-10-31,1.45,1.5,1.45,1.49,0.49666617,11600,0.0000,1.0
2001-10-30,1.45,1.45,1.3,1.45,0.48333285,9000,0.0000,1.0
2001-10-29,1.42,1.42,1.25,1.25,0.41666625,12100,0.0000,1.0
2001-10-26,1.45,1.45,1.45,1.45,0.48333285,100,0.0000,1.0
2001-10-25,1.6,1.6,1.6,1.6,0.5333328,1100,0.0000,1.0
2001-10-24,1.65,1.65,1.452,1.5,0.4999995,800,0.0000,1.0
2001-10-23,1.51,1.51,1.5,1.5,0.4999995,3800,0.0000,1.0
2001-10-22,1.51,1.51,1.51,1.51,0.50333283,200,0.0000,1.0
2001-10-19,1.41,1.41,1.41,1.41,0.46999953,0,0.0000,1.0
2001-10-18,1.41,1.41,1.41,1.41,0.46999953,0,0.0000,1.0
2001-10-17,1.41,1.41,1.41,1.41,0.46999953,0,0.0000,1.0
2001-10-16,1.4,1.41,1.4,1.41,0.46999953,3600,0.0000,1.0
2001-10-15,1.4,1.4,1.4,1.4,0.4666662,1000,0.0000,1.0
2001-10-12,1.4,1.4,1.4,1.4,0.4666662,800,0.0000,1.0
2001-10-11,1.47,1.52,1.35,1.52,0.50666616,13700,0.0000,1.0
2001-10-10,1.47,1.47,1.47,1.47,0.48999951,200,0.0000,1.0
2001-10-09,1.5,1.5,1.5,1.5,0.4999995,0,0.0000,1.0
2001-10-08,1.5,1.5,1.5,1.5,0.4999995,1000,0.0000,1.0
2001-10-05,1.46,1.46,1.46,1.46,0.48666618,0,0.0000,1.0
2001-10-04,1.46,1.46,1.46,1.46,0.48666618,0,0.0000,1.0
2001-10-03,1.46,1.46,1.46,1.46,0.48666618,700,0.0000,1.0
2001-10-02,1.55,1.55,1.5,1.5,0.4999995,15600,0.0000,1.0
2001-10-01,1.7,1.75,1.502,1.64,0.54666612,2300,0.0000,1.0
2001-09-28,1.7,1.7,1.7,1.7,0.5666661,0,0.0000,1.0
2001-09-27,1.7,1.7,1.7,1.7,0.5666661,400,0.0000,1.0
2001-09-26,1.8,1.8,1.8,1.8,0.5999994,500,0.0000,1.0
2001-09-25,1.62,1.62,1.62,1.62,0.53999946,600,0.0000,1.0
2001-09-24,1.6,1.62,1.6,1.62,0.53999946,4500,0.0000,1.0
2001-09-21,1.55,1.55,1.5,1.55,0.51666615,3800,0.0000,1.0
2001-09-20,1.61,1.61,1.51,1.52,0.50666616,4500,0.0000,1.0
2001-09-19,1.65,1.65,1.51,1.51,0.50333283,12000,0.0000,1.0
2001-09-18,1.915,1.95,1.65,1.81,0.60333273,14400,0.0000,1.0
2001-09-17,1.86,1.91,1.8,1.91,0.63666603,2800,0.0000,1.0
2001-09-10,2.0,2.0,1.95,1.99,0.66333267,20100,0.0000,1.0
2001-09-07,1.94,2.0,1.94,2.0,0.666666,3500,0.0000,1.0
2001-09-06,1.9,1.905,1.9,1.9,0.6333327,6000,0.0000,1.0
2001-09-05,1.885,1.885,1.76,1.76,0.58666608,6000,0.0000,1.0
2001-09-04,1.81,1.81,1.74,1.81,0.60333273,13700,0.0000,1.0
2001-08-31,1.88,1.88,1.81,1.81,0.60333273,7200,0.0000,1.0
2001-08-30,1.88,1.88,1.88,1.88,0.62666604,0,0.0000,1.0
2001-08-29,1.81,1.88,1.8,1.88,0.62666604,8600,0.0000,1.0
2001-08-28,1.9,1.9,1.88,1.88,0.62666604,3600,0.0000,1.0
2001-08-27,1.99,1.99,1.85,1.88,0.62666604,2400,0.0000,1.0
2001-08-24,1.99,1.99,1.9,1.9,0.6333327,1400,0.0000,1.0
2001-08-23,1.9,1.92,1.88,1.92,0.63999936,1100,0.0000,1.0
2001-08-22,1.88,1.88,1.88,1.88,0.62666604,400,0.0000,1.0
2001-08-21,1.83,1.83,1.83,1.83,0.60999939,0,0.0000,1.0
2001-08-20,1.8,1.83,1.8,1.83,0.60999939,900,0.0000,1.0
2001-08-17,1.85,1.87,1.81,1.83,0.60999939,1900,0.0000,1.0
2001-08-16,1.87,1.87,1.85,1.85,0.61666605,5100,0.0000,1.0
2001-08-15,1.89,1.89,1.87,1.87,0.62333271,7000,0.0000,1.0
2001-08-14,1.92,1.92,1.92,1.92,0.63999936,0,0.0000,1.0
2001-08-13,1.95,1.95,1.92,1.92,0.63999936,9200,0.0000,1.0
2001-08-10,1.93,1.93,1.88,1.93,0.64333269,2400,0.0000,1.0
2001-08-09,1.95,1.99,1.89,1.93,0.64333269,6700,0.0000,1.0
2001-08-08,2.08,2.08,1.98,1.98,0.65999934,13500,0.0000,1.0
2001-08-07,2.1,2.16,2.1,2.1,0.6999993,9000,0.0000,1.0
2001-08-06,2.15,2.18,2.15,2.15,0.71666595,900,0.0000,1.0
2001-08-03,2.28,2.35,2.25,2.25,0.74999925,4300,0.0000,1.0
2001-08-02,2.26,2.26,2.26,2.26,0.75333258,200,0.0000,1.0
2001-08-01,2.18,2.25,2.18,2.25,0.74999925,1300,0.0000,1.0
2001-07-31,2.22,2.22,2.22,2.22,0.73999926,0,0.0000,1.0
2001-07-30,2.24,2.25,2.22,2.22,0.73999926,8100,0.0000,1.0
2001-07-27,2.11,2.18,2.11,2.18,0.72666594,15100,0.0000,1.0
2001-07-26,2.22,2.22,2.17,2.17,0.72333261,6200,0.0000,1.0
2001-07-25,2.24,2.24,2.22,2.22,0.73999926,1600,0.0000,1.0
2001-07-24,2.29,2.3,2.25,2.25,0.74999925,3200,0.0000,1.0
2001-07-23,2.27,2.27,2.25,2.26,0.75333258,6000,0.0000,1.0
2001-07-20,2.29,2.29,2.29,2.29,0.76333257,1200,0.0000,1.0
2001-07-19,2.29,2.3,2.27,2.27,0.75666591,6600,0.0000,1.0
2001-07-18,2.31,2.32,2.26,2.27,0.75666591,13600,0.0000,1.0
2001-07-17,2.38,2.39,2.3,2.3,0.7666659,7100,0.0000,1.0
2001-07-16,2.2,2.49,2.19,2.49,0.82999917,10000,0.0000,1.0
2001-07-13,2.49,2.49,2.42,2.42,0.80666586,2600,0.0000,1.0
2001-07-12,2.39,2.45,2.39,2.45,0.81666585,2200,0.0000,1.0
2001-07-11,2.42,2.45,2.4,2.41,0.80333253,13000,0.0000,1.0
2001-07-10,2.49,2.49,2.49,2.49,0.82999917,0,0.0000,1.0
2001-07-09,2.49,2.49,2.49,2.49,0.82999917,0,0.0000,1.0
2001-07-06,2.47,2.5,2.47,2.49,0.82999917,2500,0.0000,1.0
2001-07-05,2.47,2.47,2.35,2.35,0.78333255,2100,0.0000,1.0
2001-07-03,2.35,2.35,2.35,2.35,0.78333255,1900,0.0000,1.0
2001-07-02,2.485,2.485,2.35,2.35,0.78333255,3100,0.0000,1.0
2001-06-29,2.3,2.35,2.27,2.27,0.75666591,4900,0.0000,1.0
2001-06-28,2.3,2.3,2.3,2.3,0.7666659,100,0.0000,1.0
2001-06-27,2.49,2.49,2.49,2.49,0.82999917,100,0.0000,1.0
2001-06-26,2.3,2.3,2.3,2.3,0.7666659,200,0.0000,1.0
2001-06-25,2.25,2.25,2.25,2.25,0.74999925,0,0.0000,1.0
2001-06-22,2.5,2.5,2.25,2.25,0.74999925,2800,0.0000,1.0
2001-06-21,2.25,2.74,2.25,2.73,0.90999909,15500,0.0000,1.0
2001-06-20,2.55,2.55,2.22,2.25,0.74999925,24500,0.0000,1.0
2001-06-19,2.55,2.55,2.52,2.52,0.83999916,12700,0.0000,1.0
2001-06-18,2.55,2.55,2.5,2.55,0.84999915,12000,0.0000,1.0
2001-06-15,2.65,2.7,2.55,2.55,0.84999915,5500,0.0000,1.0
2001-06-14,2.57,2.74,2.57,2.74,0.91333242,4200,0.0000,1.0
2001-06-13,2.7,2.7,2.7,2.7,0.8999991,6400,0.0000,1.0
2001-06-12,2.64,2.74,2.6,2.74,0.91333242,10100,0.0000,1.0
2001-06-11,2.52,2.59,2.52,2.52,0.83999916,3100,0.0000,1.0
2001-06-08,2.55,2.55,2.55,2.55,0.84999915,3200,0.0000,1.0
2001-06-07,2.57,2.57,2.57,2.57,0.85666581,100,0.0000,1.0
2001-06-06,2.51,2.55,2.51,2.51,0.83666583,3800,0.0000,1.0
2001-06-05,2.51,2.51,2.51,2.51,0.83666583,0,0.0000,1.0
2001-06-04,2.51,2.51,2.51,2.51,0.83666583,200,0.0000,1.0
2001-06-01,2.51,2.51,2.51,2.51,0.83666583,1000,0.0000,1.0
2001-05-31,2.55,2.55,2.51,2.51,0.83666583,2200,0.0000,1.0
2001-05-30,2.6,2.6,2.5,2.5,0.8333325,2200,0.0000,1.0
2001-05-29,2.56,2.6,2.5,2.57,0.85666581,4000,0.0000,1.0
2001-05-25,2.6,2.6,2.6,2.6,0.8666658,9200,0.0000,1.0
2001-05-24,2.56,2.56,2.56,2.56,0.85333248,200,0.0000,1.0
2001-05-23,2.56,2.56,2.56,2.56,0.85333248,500,0.0000,1.0
2001-05-22,2.56,2.56,2.56,2.56,0.85333248,600,0.0000,1.0
2001-05-21,2.6,2.65,2.55,2.55,0.84999915,2200,0.0000,1.0
2001-05-18,2.65,2.65,2.5,2.6,0.8666658,3100,0.0000,1.0
2001-05-17,2.45,2.5,2.45,2.45,0.81666585,3500,0.0000,1.0
2001-05-16,2.5,2.55,2.45,2.45,0.81666585,26400,0.0000,1.0
2001-05-15,2.45,2.53,2.45,2.53,0.84333249,20000,0.0000,1.0
2001-05-14,2.55,2.55,2.5,2.55,0.84999915,10000,0.0000,1.0
2001-05-11,2.45,2.55,2.45,2.55,0.84999915,1100,0.0000,1.0
2001-05-10,2.55,2.55,2.45,2.45,0.81666585,1100,0.0000,1.0
2001-05-09,2.4,2.5,2.4,2.45,0.81666585,1900,0.0000,1.0
2001-05-08,2.45,2.74,2.45,2.45,0.81666585,2200,0.0000,1.0
2001-05-07,2.46,2.46,2.33,2.4,0.7999992,9900,0.0000,1.0
2001-05-04,2.45,2.46,2.45,2.46,0.81999918,400,0.0000,1.0
2001-05-03,2.42,2.45,2.41,2.45,0.81666585,1300,0.0000,1.0
2001-05-02,2.5,2.5,2.5,2.5,0.8333325,200,0.0000,1.0
2001-05-01,2.41,2.41,2.41,2.41,0.80333253,100,0.0000,1.0
2001-04-30,2.45,2.45,2.41,2.41,0.80333253,1400,0.0000,1.0
2001-04-27,2.5,2.75,2.48,2.5,0.8333325,1200,0.0000,1.0
2001-04-26,2.44,2.52,2.44,2.52,0.83999916,10600,0.0000,1.0
2001-04-25,2.31,2.31,2.22,2.31,0.76999923,12100,0.0000,1.0
2001-04-24,2.36,2.7,2.36,2.51,0.83666583,7000,0.0000,1.0
2001-04-23,2.75,2.75,2.12,2.36,0.78666588,33200,0.0000,1.0
2001-04-20,2.37,2.75,2.37,2.69,0.89666577,22700,0.0000,1.0
2001-04-19,2.26,2.38,2.26,2.38,0.79333254,15500,0.0000,1.0
2001-04-18,2.26,2.26,2.26,2.26,0.75333258,3700,0.0000,1.0
2001-04-17,2.25,2.26,2.25,2.26,0.75333258,600,0.0000,1.0
2001-04-16,2.25,2.27,2.25,2.26,0.75333258,10700,0.0000,1.0
2001-04-12,2.27,2.27,2.27,2.27,0.75666591,300,0.0000,1.0
2001-04-11,2.25,2.27,2.25,2.27,0.75666591,7700,0.0000,1.0
2001-04-10,2.2,2.35,2.2,2.25,0.74999925,2300,0.0000,1.0
2001-04-09,2.38,2.38,2.2,2.2,0.7333326,5600,0.0000,1.0
2001-04-06,2.188,2.375,2.188,2.25,0.74999925,3600,0.0000,1.0
2001-04-05,2.359,2.375,2.25,2.375,0.791665875,27100,0.0000,1.0
2001-04-04,2.125,2.375,2.125,2.375,0.791665875,5500,0.0000,1.0
2001-04-03,2.25,2.281,2.188,2.188,0.729332604,7000,0.0000,1.0
2001-04-02,2.25,2.25,2.25,2.25,0.74999925,0,0.0000,1.0
2001-03-30,2.375,2.375,2.25,2.25,0.74999925,5500,0.0000,1.0
2001-03-29,2.375,2.375,2.281,2.297,0.765665901,8600,0.0000,1.0
2001-03-28,2.313,2.313,2.25,2.25,0.74999925,2900,0.0000,1.0
2001-03-27,2.188,2.188,2.188,2.188,0.729332604,0,0.0000,1.0
2001-03-26,2.125,2.469,2.0,2.188,0.729332604,10200,0.0000,1.0
2001-03-23,2.25,2.25,2.188,2.25,0.74999925,2300,0.0000,1.0
2001-03-22,2.375,2.375,2.188,2.25,0.74999925,14300,0.0000,1.0
2001-03-21,2.375,2.375,2.375,2.375,0.791665875,200,0.0000,1.0
2001-03-20,2.313,2.375,2.25,2.25,0.74999925,13600,0.0000,1.0
2001-03-19,2.25,2.375,2.25,2.375,0.791665875,6000,0.0000,1.0
2001-03-16,2.0,2.188,2.0,2.188,0.729332604,1100,0.0000,1.0
2001-03-15,2.0,2.0,2.0,2.0,0.666666,6200,0.0000,1.0
2001-03-14,2.0,2.0,2.0,2.0,0.666666,1900,0.0000,1.0
2001-03-13,1.938,2.125,1.938,2.0,0.666666,1500,0.0000,1.0
2001-03-12,1.953,1.953,1.938,1.938,0.645999354,2000,0.0000,1.0
2001-03-09,2.0,2.125,2.0,2.016,0.671999328,13500,0.0000,1.0
2001-03-08,1.969,1.969,1.969,1.969,0.656332677,100,0.0000,1.0
2001-03-07,2.0,2.0,2.0,2.0,0.666666,1900,0.0000,1.0
2001-03-06,2.0,2.0,1.969,1.969,0.656332677,13000,0.0000,1.0
2001-03-05,1.953,1.953,1.938,1.938,0.645999354,8000,0.0000,1.0
2001-03-02,1.875,1.938,1.875,1.938,0.645999354,2800,0.0000,1.0
2001-03-01,1.938,1.938,1.938,1.938,0.645999354,400,0.0000,1.0
2001-02-28,1.938,1.953,1.938,1.953,0.650999349,2600,0.0000,1.0
2001-02-27,1.938,1.938,1.938,1.938,0.645999354,300,0.0000,1.0
2001-02-26,2.156,2.156,2.0,2.0,0.666666,5800,0.0000,1.0
2001-02-23,2.0,2.0,1.938,1.938,0.645999354,22600,0.0000,1.0
2001-02-22,2.063,2.063,1.938,2.0,0.666666,19500,0.0000,1.0
2001-02-21,1.938,2.0,1.938,1.938,0.645999354,7000,0.0000,1.0
2001-02-20,1.875,2.063,1.875,2.0,0.666666,2900,0.0000,1.0
2001-02-16,2.0,2.0,1.875,1.875,0.624999375,11900,0.0000,1.0
2001-02-15,2.172,2.172,2.0,2.0,0.666666,8600,0.0000,1.0
2001-02-14,2.031,2.031,1.938,1.969,0.656332677,9500,0.0000,1.0
2001-02-13,2.359,2.359,2.031,2.063,0.687665979,13400,0.0000,1.0
2001-02-12,2.297,2.375,2.188,2.313,0.770999229,4700,0.0000,1.0
2001-02-09,2.484,2.625,2.25,2.438,0.812665854,19200,0.0000,1.0
2001-02-08,2.156,2.5,2.141,2.5,0.8333325,64300,0.0000,1.0
2001-02-07,2.0,2.156,2.0,2.094,0.697999302,15700,0.0000,1.0
2001-02-06,1.938,2.0,1.875,1.875,0.624999375,11700,0.0000,1.0
2001-02-05,1.813,2.063,1.75,1.75,0.58333275,52300,0.0000,1.0
2001-02-02,1.656,1.75,1.5,1.688,0.562666104,53200,0.0000,1.0
2001-02-01,1.375,1.5,1.313,1.5,0.4999995,54100,0.0000,1.0
2001-01-31,1.313,1.438,1.313,1.313,0.437666229,69700,0.0000,1.0
2001-01-30,1.422,1.422,1.188,1.188,0.395999604,20300,0.0000,1.0
2001-01-29,1.188,1.25,1.188,1.25,0.41666625,17800,0.0000,1.0
2001-01-26,1.25,1.25,1.125,1.156,0.385332948,57700,0.0000,1.0
2001-01-25,1.25,1.25,1.188,1.188,0.395999604,18200,0.0000,1.0
2001-01-24,1.25,1.25,1.188,1.25,0.41666625,19400,0.0000,1.0
2001-01-23,1.25,1.25,1.25,1.25,0.41666625,21700,0.0000,1.0
2001-01-22,1.25,1.313,1.188,1.188,0.395999604,32800,0.0000,1.0
2001-01-19,1.188,1.25,1.188,1.219,0.406332927,17400,0.0000,1.0
2001-01-18,1.188,1.188,1.188,1.188,0.395999604,8200,0.0000,1.0
2001-01-17,1.125,1.125,1.063,1.063,0.354332979,26300,0.0000,1.0
2001-01-16,1.063,1.188,1.063,1.125,0.374999625,6400,0.0000,1.0
2001-01-12,0.9375,1.063,0.9375,1.0,0.333333,10800,0.0000,1.0
2001-01-11,1.188,1.188,1.125,1.125,0.374999625,3300,0.0000,1.0
2001-01-10,1.094,1.188,1.094,1.188,0.395999604,1900,0.0000,1.0
2001-01-09,1.0,1.0,1.0,1.0,0.333333,4300,0.0000,1.0
2001-01-08,1.0,1.0,1.0,1.0,0.333333,5700,0.0000,1.0
2001-01-05,1.0,1.063,1.0,1.063,0.354332979,3000,0.0000,1.0
2001-01-04,1.063,1.063,1.063,1.063,0.354332979,2400,0.0000,1.0
2001-01-03,0.875,1.0,0.875,0.9375,0.3124996875,9800,0.0000,1.0
2001-01-02,1.234,1.234,0.75,0.9375,0.3124996875,33300,0.0000,1.0
2000-12-29,0.78126,1.5,0.75,1.5,0.4999995,80500,0.0000,1.0
2000-12-28,0.75,0.75,0.75,0.75,0.24999975,0,0.0000,1.0
2000-12-27,0.9219,0.9375,0.75,0.75,0.24999975,46300,0.0000,1.0
2000-12-26,0.81,0.88,0.81,0.88,0.29333304,56200,0.0000,1.0
2000-12-22,0.875,0.875,0.75,0.75,0.24999975,52500,0.0000,1.0
2000-12-21,1.0,1.0,0.875,0.875,0.291666375,6000,0.0000,1.0
2000-12-20,0.9531,1.016,0.9375,1.0,0.333333,68300,0.0000,1.0
2000-12-19,0.9063,1.063,0.9063,1.0,0.333333,73600,0.0000,1.0
2000-12-18,0.69,0.88,0.66,0.88,0.29333304,43300,0.0000,1.0
2000-12-15,1.0,1.0,0.8438,0.9375,0.3124996875,91400,0.0000,1.0
2000-12-14,1.063,1.063,1.063,1.063,0.354332979,2500,0.0000,1.0
2000-12-13,1.125,1.125,1.0,1.0,0.333333,9800,0.0000,1.0
2000-12-12,1.125,1.125,1.094,1.094,0.364666302,2300,0.0000,1.0
2000-12-11,1.188,1.188,1.125,1.125,0.374999625,17300,0.0000,1.0
2000-12-08,1.25,1.25,1.094,1.094,0.364666302,12000,0.0000,1.0
2000-12-07,1.25,1.313,1.25,1.25,0.41666625,6400,0.0000,1.0
2000-12-06,1.25,1.25,1.25,1.25,0.41666625,2100,0.0000,1.0
2000-12-05,1.016,1.5,1.0,1.25,0.41666625,17000,0.0000,1.0
2000-12-04,1.438,1.5,0.9688,1.0,0.333333,27100,0.0000,1.0
2000-12-01,0.9375,1.438,0.75,1.438,0.479332854,2149300,0.0000,1.0
2000-11-30,0.9688,0.9688,0.9688,0.9688,0.3229330104,1400,0.0000,1.0
2000-11-29,1.063,1.063,0.9688,1.031,0.343666323,35000,0.0000,1.0
2000-11-28,1.031,1.094,1.0,1.094,0.364666302,73200,0.0000,1.0
2000-11-27,1.063,1.125,1.031,1.125,0.374999625,12300,0.0000,1.0
2000-11-24,1.031,1.063,1.031,1.063,0.354332979,900,0.0000,1.0
2000-11-22,1.063,1.063,1.063,1.063,0.354332979,2200,0.0000,1.0
2000-11-21,1.031,1.031,1.031,1.031,0.343666323,28300,0.0000,1.0
2000-11-20,1.031,1.031,1.031,1.031,0.343666323,2200,0.0000,1.0
2000-11-17,1.063,1.188,1.063,1.063,0.354332979,20700,0.0000,1.0
2000-11-16,1.063,1.188,1.063,1.063,0.354332979,14800,0.0000,1.0
2000-11-15,1.125,1.219,1.125,1.125,0.374999625,14200,0.0000,1.0
2000-11-14,1.125,1.188,1.063,1.063,0.354332979,14000,0.0000,1.0
2000-11-13,1.063,1.188,1.063,1.125,0.374999625,4100,0.0000,1.0
2000-11-10,1.094,1.094,1.063,1.063,0.354332979,10200,0.0000,1.0
2000-11-09,1.156,1.219,1.094,1.094,0.364666302,8800,0.0000,1.0
2000-11-08,1.094,1.156,1.094,1.125,0.374999625,20800,0.0000,1.0
2000-11-07,1.188,1.188,1.125,1.125,0.374999625,43700,0.0000,1.0
2000-11-06,1.125,1.188,1.125,1.125,0.374999625,10200,0.0000,1.0
2000-11-03,1.156,1.188,1.063,1.125,0.374999625,31500,0.0000,1.0
2000-11-02,1.125,1.188,1.063,1.188,0.395999604,19900,0.0000,1.0
2000-11-01,1.016,1.156,1.0,1.156,0.385332948,6300,0.0000,1.0
2000-10-31,1.156,1.156,1.063,1.063,0.354332979,40600,0.0000,1.0
2000-10-30,0.9531,1.375,0.9531,1.188,0.395999604,7700,0.0000,1.0
2000-10-27,0.9375,1.0,0.9375,0.9375,0.3124996875,31500,0.0000,1.0
2000-10-26,0.9375,1.0,0.9375,1.0,0.333333,33000,0.0000,1.0
2000-10-25,1.063,1.063,0.9375,1.0,0.333333,45800,0.0000,1.0
2000-10-24,1.078,1.125,1.063,1.063,0.354332979,22700,0.0000,1.0
2000-10-23,1.156,1.156,1.094,1.125,0.374999625,31500,0.0000,1.0
2000-10-20,1.156,1.156,1.156,1.156,0.385332948,17100,0.0000,1.0
2000-10-19,1.156,1.156,1.156,1.156,0.385332948,10300,0.0000,1.0
2000-10-18,1.156,1.156,1.156,1.156,0.385332948,1000,0.0000,1.0
2000-10-17,1.156,1.156,1.156,1.156,0.385332948,1000,0.0000,1.0
2000-10-16,1.188,1.375,1.156,1.156,0.385332948,264400,0.0000,1.0
2000-10-13,1.188,1.375,1.125,1.25,0.41666625,30300,0.0000,1.0
2000-10-12,1.25,1.813,1.188,1.188,0.395999604,76600,0.0000,1.0
2000-10-11,1.125,1.25,1.125,1.25,0.41666625,6000,0.0000,1.0
2000-10-10,1.188,1.188,1.188,1.188,0.395999604,2000,0.0000,1.0
2000-10-09,1.125,1.125,1.125,1.125,0.374999625,14000,0.0000,1.0
2000-10-06,1.25,1.25,1.25,1.25,0.41666625,2000,0.0000,1.0
2000-10-05,1.25,1.25,1.25,1.25,0.41666625,100,0.0000,1.0
2000-10-04,1.406,1.438,1.406,1.438,0.479332854,4100,0.0000,1.0
2000-10-03,1.375,1.375,1.125,1.125,0.374999625,2200,0.0000,1.0
2000-10-02,1.094,1.094,1.094,1.094,0.364666302,3000,0.0000,1.0
2000-09-29,1.25,1.25,1.25,1.25,0.41666625,5300,0.0000,1.0
2000-09-28,1.078,1.125,1.078,1.125,0.374999625,56100,0.0000,1.0
2000-09-27,1.125,1.375,1.031,1.031,0.343666323,24700,0.0000,1.0
2000-09-26,1.125,1.25,1.063,1.125,0.374999625,37700,0.0000,1.0
2000-09-25,1.188,1.188,1.094,1.094,0.364666302,66200,0.0000,1.0
2000-09-22,1.188,1.188,1.125,1.125,0.374999625,36000,0.0000,1.0
2000-09-21,1.25,1.281,1.063,1.188,0.395999604,73400,0.0000,1.0
2000-09-20,1.281,1.281,1.25,1.25,0.41666625,2200,0.0000,1.0
2000-09-19,1.25,1.25,1.188,1.25,0.41666625,20700,0.0000,1.0
2000-09-18,1.188,1.188,1.188,1.188,0.395999604,2200,0.0000,1.0
2000-09-15,1.25,1.25,1.188,1.188,0.395999604,41500,0.0000,1.0
2000-09-14,1.281,1.313,1.25,1.25,0.41666625,480700,0.0000,1.0
2000-09-13,1.25,1.375,1.25,1.25,0.41666625,6500,0.0000,1.0
2000-09-12,1.406,1.406,1.25,1.25,0.41666625,17300,0.0000,1.0
2000-09-11,1.375,1.438,1.156,1.375,0.458332875,44100,0.0000,1.0
2000-09-08,1.234,1.375,1.219,1.313,0.437666229,61300,0.0000,1.0
2000-09-07,1.25,1.281,1.188,1.188,0.395999604,88100,0.0000,1.0
2000-09-06,1.25,1.25,1.25,1.25,0.41666625,500,0.0000,1.0
2000-09-05,1.359,1.375,1.25,1.25,0.41666625,8400,0.0000,1.0
2000-09-01,1.25,1.313,1.25,1.313,0.437666229,2700,0.0000,1.0
2000-08-31,1.281,1.281,1.25,1.281,0.426999573,44300,0.0000,1.0
2000-08-30,1.313,1.313,1.25,1.25,0.41666625,57200,0.0000,1.0
2000-08-29,1.328,1.375,1.281,1.375,0.458332875,20900,0.0000,1.0
2000-08-28,1.313,1.313,1.281,1.281,0.426999573,19200,0.0000,1.0
2000-08-25,1.281,1.313,1.281,1.313,0.437666229,11900,0.0000,1.0
2000-08-24,1.313,1.313,1.25,1.281,0.426999573,17600,0.0000,1.0
2000-08-23,1.422,1.438,1.313,1.438,0.479332854,21500,0.0000,1.0
2000-08-22,1.406,1.406,1.281,1.281,0.426999573,60200,0.0000,1.0
2000-08-21,1.344,1.438,1.313,1.313,0.437666229,11400,0.0000,1.0
2000-08-18,1.406,1.406,1.344,1.344,0.447999552,22200,0.0000,1.0
2000-08-17,1.438,1.438,1.344,1.344,0.447999552,25700,0.0000,1.0
2000-08-16,1.375,1.438,1.344,1.438,0.479332854,5500,0.0000,1.0
2000-08-15,1.438,1.438,1.344,1.438,0.479332854,26100,0.0000,1.0
2000-08-14,1.44,1.44,1.44,1.44,0.47999952,0,0.0000,1.0
2000-08-11,1.344,1.438,1.344,1.438,0.479332854,15500,0.0000,1.0
2000-08-10,1.344,1.438,1.344,1.438,0.479332854,3900,0.0000,1.0
2000-08-09,1.719,1.734,1.344,1.438,0.479332854,8600,0.0000,1.0
2000-08-08,1.438,1.438,1.375,1.406,0.468666198,51400,0.0000,1.0
2000-08-07,1.375,1.438,1.375,1.375,0.458332875,20300,0.0000,1.0
2000-08-04,1.422,1.422,1.422,1.422,0.473999526,9900,0.0000,1.0
2000-08-03,1.688,1.688,1.375,1.406,0.468666198,21700,0.0000,1.0
2000-08-02,1.375,1.5,1.25,1.5,0.4999995,762800,0.0000,1.0
2000-08-01,1.469,1.469,1.438,1.438,0.479332854,6100,0.0000,1.0
2000-07-31,1.406,1.5,1.406,1.469,0.489666177,52100,0.0000,1.0
2000-07-28,1.438,1.469,1.438,1.438,0.479332854,15500,0.0000,1.0
2000-07-27,1.438,1.438,1.438,1.438,0.479332854,6000,0.0000,1.0
2000-07-26,1.406,1.438,1.406,1.438,0.479332854,500,0.0000,1.0
2000-07-25,1.469,1.469,1.406,1.438,0.479332854,11200,0.0000,1.0
2000-07-24,1.469,1.5,1.438,1.469,0.489666177,86700,0.0000,1.0
2000-07-21,1.531,1.531,1.5,1.5,0.4999995,74500,0.0000,1.0
2000-07-20,1.594,1.625,1.531,1.531,0.510332823,21000,0.0000,1.0
2000-07-19,1.813,1.813,1.531,1.531,0.510332823,11600,0.0000,1.0
2000-07-18,1.625,1.625,1.531,1.563,0.520999479,26300,0.0000,1.0
2000-07-17,1.563,1.813,1.563,1.563,0.520999479,13800,0.0000,1.0
2000-07-14,1.563,1.563,1.563,1.563,0.520999479,2000,0.0000,1.0
2000-07-13,1.813,1.813,1.531,1.563,0.520999479,4300,0.0000,1.0
2000-07-12,1.75,1.75,1.531,1.563,0.520999479,76000,0.0000,1.0
2000-07-11,1.75,1.813,1.75,1.75,0.58333275,30500,0.0000,1.0
2000-07-10,1.813,1.813,1.75,1.75,0.58333275,35400,0.0000,1.0
2000-07-07,1.938,1.938,1.688,1.688,0.562666104,26900,0.0000,1.0
2000-07-06,2.0,2.0,2.0,2.0,0.666666,2700,0.0000,1.0
2000-07-05,1.875,1.875,1.875,1.875,0.624999375,1000,0.0000,1.0
2000-07-03,2.0,2.0,1.75,1.75,0.58333275,17900,0.0000,1.0
2000-06-30,1.875,2.0,1.625,1.75,0.58333275,24600,0.0000,1.0
2000-06-29,1.875,2.0,1.813,2.0,0.666666,58400,0.0000,1.0
2000-06-28,1.875,1.875,1.75,1.875,0.624999375,18000,0.0000,1.0
2000-06-27,1.875,1.969,1.875,1.938,0.645999354,14900,0.0000,1.0
2000-06-26,1.875,2.0,1.844,1.875,0.624999375,38600,0.0000,1.0
2000-06-23,1.844,1.938,1.844,1.938,0.645999354,2800,0.0000,1.0
2000-06-22,1.844,1.844,1.844,1.844,0.614666052,1500,0.0000,1.0
2000-06-21,1.813,2.0,1.813,1.844,0.614666052,22000,0.0000,1.0
2000-06-20,1.875,1.875,1.813,1.859,0.619666047,33500,0.0000,1.0
2000-06-19,2.031,2.031,1.875,1.875,0.624999375,7600,0.0000,1.0
2000-06-16,1.719,2.0,1.719,1.938,0.645999354,31900,0.0000,1.0
2000-06-15,2.0,2.031,1.625,1.625,0.541666125,63400,0.0000,1.0
2000-06-14,2.063,2.063,2.031,2.031,0.676999323,20600,0.0000,1.0
2000-06-13,2.031,2.094,2.031,2.063,0.687665979,16100,0.0000,1.0
2000-06-12,2.063,2.094,2.031,2.031,0.676999323,33200,0.0000,1.0
2000-06-09,2.094,2.094,2.063,2.063,0.687665979,3700,0.0000,1.0
2000-06-08,2.063,2.094,2.063,2.063,0.687665979,56700,0.0000,1.0
2000-06-07,2.25,2.25,2.063,2.094,0.697999302,21100,0.0000,1.0
2000-06-06,2.125,2.25,2.125,2.188,0.729332604,7000,0.0000,1.0
2000-06-05,2.188,2.188,2.156,2.188,0.729332604,26700,0.0000,1.0
2000-06-02,2.25,2.25,2.188,2.188,0.729332604,18500,0.0000,1.0
2000-06-01,2.219,2.25,2.125,2.219,0.739665927,65400,0.0000,1.0
2000-05-31,2.172,2.172,2.094,2.125,0.708332625,2100,0.0000,1.0
2000-05-30,2.172,2.25,2.094,2.188,0.729332604,26700,0.0000,1.0
2000-05-26,2.125,2.188,2.094,2.094,0.697999302,2500,0.0000,1.0
2000-05-25,2.0,2.063,2.0,2.063,0.687665979,1200,0.0000,1.0
2000-05-24,2.125,2.156,2.0,2.063,0.687665979,30200,0.0000,1.0
2000-05-23,2.25,2.25,2.156,2.156,0.718665948,118400,0.0000,1.0
2000-05-22,2.219,2.219,2.125,2.188,0.729332604,30300,0.0000,1.0
2000-05-19,2.234,2.25,2.219,2.219,0.739665927,13200,0.0000,1.0
2000-05-18,2.25,2.25,2.25,2.25,0.74999925,19000,0.0000,1.0
2000-05-17,2.188,2.313,2.188,2.313,0.770999229,6000,0.0000,1.0
2000-05-16,2.063,2.5,2.0,2.25,0.74999925,24300,0.0000,1.0
2000-05-15,2.438,2.875,1.875,1.938,0.645999354,269400,0.0000,1.0
2000-05-12,2.625,2.625,2.125,2.125,0.708332625,35800,0.0000,1.0
2000-05-11,2.875,2.875,2.5,2.5,0.8333325,9000,0.0000,1.0
2000-05-10,2.938,2.938,2.563,2.625,0.874999125,33700,0.0000,1.0
2000-05-09,3.125,3.125,2.875,2.875,0.958332375,45800,0.0000,1.0
2000-05-08,3.188,3.25,3.125,3.125,1.041665625,11400,0.0000,1.0
2000-05-05,3.25,3.25,3.063,3.188,1.062665604,49200,0.0000,1.0
2000-05-04,3.375,3.375,3.375,3.375,1.124998875,2600,0.0000,1.0
2000-05-03,3.625,3.75,3.188,3.188,1.062665604,32500,0.0000,1.0
2000-05-02,3.5,3.5,3.375,3.375,1.124998875,300,0.0000,1.0
2000-05-01,3.375,3.5,3.375,3.375,1.124998875,10300,0.0000,1.0
2000-04-28,3.25,3.75,3.25,3.75,1.24999875,4100,0.0000,1.0
2000-04-27,3.313,3.5,3.125,3.5,1.1666655,9600,0.0000,1.0
2000-04-26,3.313,3.313,3.313,3.313,1.104332229,15100,0.0000,1.0
2000-04-25,3.438,3.5,3.281,3.281,1.093665573,5100,0.0000,1.0
2000-04-24,3.516,3.563,3.438,3.438,1.145998854,32400,0.0000,1.0
2000-04-20,3.5,3.5,3.5,3.5,1.1666655,2000,0.0000,1.0
2000-04-19,3.5,3.688,3.5,3.688,1.229332104,2700,0.0000,1.0
2000-04-18,3.75,3.75,3.375,3.75,1.24999875,16900,0.0000,1.0
2000-04-17,3.75,3.75,3.75,3.75,1.24999875,7900,0.0000,1.0
2000-04-14,3.906,3.906,3.75,3.813,1.270998729,6300,0.0000,1.0
2000-04-13,3.875,3.875,3.875,3.875,1.291665375,1200,0.0000,1.0
2000-04-12,4.0,4.0,4.0,4.0,1.333332,200,0.0000,1.0
2000-04-11,3.94,3.94,3.94,3.94,1.31333202,0,0.0000,1.0
2000-04-10,4.0,4.063,3.875,3.938,1.312665354,5300,0.0000,1.0
2000-04-07,3.938,4.0,3.938,4.0,1.333332,11200,0.0000,1.0
2000-04-06,4.0,4.0,3.875,3.938,1.312665354,5400,0.0000,1.0
2000-04-05,4.125,4.125,4.0,4.0,1.333332,16900,0.0000,1.0
2000-04-04,4.0,4.0,3.938,3.938,1.312665354,14300,0.0000,1.0
2000-04-03,3.938,4.031,3.625,4.0,1.333332,11300,0.0000,1.0
2000-03-31,3.875,4.125,3.875,3.938,1.312665354,46100,0.0000,1.0
2000-03-30,3.75,3.75,3.75,3.75,1.24999875,0,0.0000,1.0
2000-03-29,3.75,3.75,3.75,3.75,1.24999875,500,0.0000,1.0
2000-03-28,3.688,4.0,3.5,3.875,1.291665375,26300,0.0000,1.0
2000-03-27,3.938,3.969,3.75,3.75,1.24999875,50900,0.0000,1.0
2000-03-24,4.156,4.156,3.156,3.938,1.312665354,35400,0.0000,1.0
2000-03-23,4.156,4.156,4.063,4.063,1.354331979,3600,0.0000,1.0
2000-03-22,4.25,4.25,4.125,4.188,1.395998604,19200,0.0000,1.0
2000-03-21,4.25,4.313,4.25,4.25,1.41666525,2200,0.0000,1.0
2000-03-20,4.375,4.375,4.25,4.25,1.41666525,11900,0.0000,1.0
2000-03-17,4.25,4.375,4.125,4.25,1.41666525,15100,0.0000,1.0
2000-03-16,4.25,4.5,4.25,4.25,1.41666525,3000,0.0000,1.0
2000-03-15,4.25,4.25,4.25,4.25,1.41666525,700,0.0000,1.0
2000-03-14,4.25,4.25,4.25,4.25,1.41666525,3400,0.0000,1.0
2000-03-13,4.281,4.5,4.125,4.25,1.41666525,6800,0.0000,1.0
2000-03-10,4.375,4.438,4.219,4.438,1.479331854,8200,0.0000,1.0
2000-03-09,3.75,4.5,3.75,4.438,1.479331854,13900,0.0000,1.0
2000-03-08,3.969,3.969,3.75,3.75,1.24999875,29300,0.0000,1.0
2000-03-07,4.0,4.0,3.906,3.969,1.322998677,25200,0.0000,1.0
2000-03-06,3.875,3.969,3.875,3.969,1.322998677,12000,0.0000,1.0
2000-03-03,3.875,4.0,3.813,3.875,1.291665375,42000,0.0000,1.0
2000-03-02,3.875,4.0,3.875,3.969,1.322998677,32100,0.0000,1.0
2000-03-01,4.063,4.063,3.875,3.875,1.291665375,21900,0.0000,1.0
2000-02-29,4.0,4.0,3.906,4.0,1.333332,7300,0.0000,1.0
2000-02-28,3.906,3.938,3.875,3.875,1.291665375,27900,0.0000,1.0
2000-02-25,3.938,4.0,3.875,3.938,1.312665354,9100,0.0000,1.0
2000-02-24,4.094,4.125,3.938,3.938,1.312665354,42600,0.0000,1.0
2000-02-23,4.563,4.563,3.938,4.063,1.354331979,24300,0.0000,1.0
2000-02-22,4.75,4.75,4.563,4.625,1.541665125,9600,0.0000,1.0
2000-02-18,4.688,4.875,4.563,4.875,1.624998375,78300,0.0000,1.0
2000-02-17,4.75,4.813,4.625,4.625,1.541665125,70300,0.0000,1.0
2000-02-16,4.844,4.844,4.5,4.766,1.588665078,80500,0.0000,1.0
2000-02-15,4.438,5.0,4.375,4.5,1.4999985,29600,0.0000,1.0
2000-02-14,4.875,4.875,4.438,4.875,1.624998375,10900,0.0000,1.0
2000-02-11,4.75,4.75,4.5,4.563,1.520998479,28500,0.0000,1.0
2000-02-10,4.969,5.188,4.625,4.625,1.541665125,20800,0.0000,1.0
2000-02-09,5.5,6.063,4.438,4.781,1.593665073,106300,0.0000,1.0
2000-02-08,4.188,6.625,4.188,6.25,2.08333125,237600,0.0000,1.0
2000-02-07,4.375,4.438,4.375,4.438,1.479331854,16900,0.0000,1.0
2000-02-04,4.375,4.438,4.375,4.375,1.458331875,6300,0.0125,1.0
2000-02-03,4.25,4.438,4.25,4.438,1.47511723333,3600,0.0000,1.0
2000-02-02,4.31,4.44,4.31,4.44,1.475782,4000,0.0000,1.0
2000-02-01,4.438,4.438,4.375,4.375,1.45417708333,2700,0.0000,1.0
2000-01-31,4.438,4.5,4.438,4.438,1.47511723333,3900,0.0000,1.0
2000-01-28,4.438,4.5,4.438,4.5,1.495725,15900,0.0000,1.0
2000-01-27,4.5,4.625,4.438,4.5,1.495725,16600,0.0000,1.0
2000-01-26,4.438,4.5,4.438,4.5,1.495725,62400,0.0000,1.0
2000-01-25,4.563,4.563,4.438,4.438,1.47511723333,4200,0.0000,1.0
2000-01-24,4.438,4.5,4.438,4.438,1.47511723333,600,0.0000,1.0
2000-01-21,4.438,4.5,4.438,4.5,1.495725,30100,0.0000,1.0
2000-01-20,4.438,4.5,4.188,4.5,1.495725,31700,0.0000,1.0
2000-01-19,4.391,4.563,4.391,4.5,1.495725,33700,0.0000,1.0
2000-01-18,4.063,4.375,4.063,4.375,1.45417708333,27300,0.0000,1.0
2000-01-14,4.063,4.063,4.0,4.031,1.33983721667,34400,0.0000,1.0
2000-01-13,4.063,4.125,4.031,4.125,1.37108125,8700,0.0000,1.0
2000-01-12,4.0,4.0,4.0,4.0,1.32953333333,16500,0.0000,1.0
2000-01-11,4.063,4.063,4.0,4.0,1.32953333333,8000,0.0000,1.0
2000-01-10,3.875,4.063,3.875,4.063,1.35047348333,10700,0.0000,1.0
2000-01-07,4.125,4.125,3.844,3.875,1.28798541667,26100,0.0000,1.0
2000-01-06,3.938,4.0,3.813,4.0,1.32953333333,104200,0.0000,1.0
2000-01-05,3.938,3.938,3.875,3.938,1.30892556667,58900,0.0000,1.0
2000-01-04,3.875,3.938,3.875,3.875,1.28798541667,9200,0.0000,1.0
2000-01-03,3.875,3.875,3.875,3.875,1.28798541667,19200,0.0000,1.0
1999-12-31,3.688,4.063,3.688,4.063,1.35047348333,48400,0.0000,1.0
1999-12-30,3.75,3.813,3.688,3.688,1.22582973333,55900,0.0000,1.0
1999-12-29,3.563,3.875,3.563,3.625,1.20488958333,13900,0.0000,1.0
1999-12-28,3.906,3.906,3.563,3.563,1.18428181667,63300,0.0000,1.0
1999-12-27,3.906,4.0,3.813,3.875,1.28798541667,54500,0.0000,1.0
1999-12-23,4.0,4.0,3.875,3.875,1.28798541667,26400,0.0000,1.0
1999-12-22,3.875,3.875,3.5,3.75,1.2464375,10500,0.0000,1.0
1999-12-21,4.0,4.063,3.875,3.875,1.28798541667,214900,0.0000,1.0
1999-12-20,3.969,4.0,3.938,4.0,1.32953333333,35600,0.0000,1.0
1999-12-17,3.875,3.969,3.875,3.906,1.2982893,24700,0.0000,1.0
1999-12-16,3.813,3.875,3.688,3.75,1.2464375,43400,0.0000,1.0
1999-12-15,3.75,3.813,3.75,3.766,1.25175563333,43500,0.0000,1.0
1999-12-14,3.656,3.75,3.563,3.75,1.2464375,28700,0.0000,1.0
1999-12-13,3.688,3.75,3.563,3.563,1.18428181667,37600,0.0000,1.0
1999-12-10,3.5,3.688,3.5,3.625,1.20488958333,18400,0.0000,1.0
1999-12-09,3.438,3.625,3.438,3.625,1.20488958333,26300,0.0000,1.0
1999-12-08,3.313,3.438,3.313,3.438,1.1427339,261600,0.0000,1.0
1999-12-07,3.469,3.469,3.313,3.438,1.1427339,92100,0.0000,1.0
1999-12-06,3.438,3.5,3.438,3.438,1.1427339,47900,0.0000,1.0
1999-12-03,3.625,3.625,3.438,3.438,1.1427339,71900,0.0000,1.0
1999-12-02,3.875,3.875,3.313,3.563,1.18428181667,105600,0.0000,1.0
1999-12-01,3.875,3.875,3.813,3.813,1.26737765,3900,0.0000,1.0
1999-11-30,3.875,3.938,3.813,3.813,1.26737765,54200,0.0000,1.0
1999-11-29,3.75,4.188,3.75,3.875,1.28798541667,49100,0.0125,1.0
1999-11-26,3.938,3.938,3.688,3.75,1.24242966238,72800,0.0000,1.0
1999-11-24,4.0,4.0,3.813,3.813,1.26330248071,124900,0.0000,1.0
1999-11-23,4.0,4.0,3.875,3.938,1.30471680279,37000,0.0000,1.0
1999-11-22,3.75,4.063,3.688,3.875,1.28384398446,137900,0.0000,1.0
1999-11-19,3.938,4.0,3.563,3.75,1.24242966238,86800,0.0000,1.0
1999-11-18,4.188,4.188,3.875,3.938,1.30471680279,44900,0.0000,1.0
1999-11-17,4.438,4.438,4.094,4.25,1.4080869507,58200,0.0000,1.0
1999-11-16,4.813,4.813,4.375,4.5,1.49091559486,27800,0.0000,1.0
1999-11-15,4.813,4.875,4.75,4.875,1.61515856109,17500,0.0000,1.0
1999-11-12,4.813,4.875,4.75,4.875,1.61515856109,10200,0.0000,1.0
1999-11-11,4.781,4.813,4.75,4.813,1.59461705734,32500,0.0000,1.0
1999-11-10,4.781,4.781,4.688,4.75,1.57374423901,20000,0.0000,1.0
1999-11-09,4.875,4.938,4.75,4.75,1.57374423901,9100,0.0000,1.0
1999-11-08,4.75,4.875,4.5,4.875,1.61515856109,9400,0.0000,1.0
1999-11-05,4.75,4.938,4.75,4.813,1.59461705734,2000,0.0000,1.0
1999-11-04,4.781,4.844,4.75,4.781,1.58401499089,24400,0.0000,1.0
1999-11-03,4.875,4.938,4.813,4.938,1.63603137942,2600,0.0000,1.0
1999-11-02,5.0,5.0,5.0,5.0,1.65657288317,1000,0.0000,1.0
1999-11-01,5.0,5.063,5.0,5.0,1.65657288317,1500,0.0000,1.0
