timestamp,open,high,low,close,adjusted_close,volume,dividend_amount,split_coefficient
2020-12-11,1.1,1.12,1.0401,1.12,1.12,115817,0.0000,1.0
2020-12-10,1.09,1.11,1.08,1.1,1.1,47351,0.0000,1.0
2020-12-09,1.15,1.16,1.08,1.1,1.1,92297,0.0000,1.0
2020-12-08,1.15,1.17,1.15,1.16,1.16,101532,0.0000,1.0
2020-12-07,1.1,1.15,1.09,1.13,1.13,147191,0.0000,1.0
2020-12-04,1.12,1.14,1.1,1.11,1.11,75010,0.0000,1.0
2020-12-03,1.12,1.15,1.1,1.14,1.14,30757,0.0000,1.0
2020-12-02,1.14,1.15,1.09,1.14,1.14,179592,0.0000,1.0
2020-12-01,1.11,1.13,1.09,1.1264,1.1264,102925,0.0000,1.0
2020-11-30,1.06,1.11,1.05,1.08,1.08,115208,0.0000,1.0
2020-11-27,1.05,1.07,1.03,1.0647,1.0647,100441,0.0000,1.0
2020-11-25,1.0,1.06,0.99,1.0511,1.0511,295899,0.0000,1.0
2020-11-24,0.98,1.0,0.96,0.972,0.972,145489,0.0000,1.0
2020-11-23,1.05,1.07,0.98,0.99915,0.99915,271923,0.0000,1.0
2020-11-20,1.04,1.0669,1.02,1.05,1.05,103565,0.0000,1.0
2020-11-19,1.05,1.08,1.01,1.04,1.04,311824,0.0000,1.0
2020-11-18,1.06,1.07,1.05,1.07,1.07,156815,0.0000,1.0
2020-11-17,1.12,1.12,1.0648,1.07,1.07,116828,0.0000,1.0
2020-11-16,1.13,1.14,1.1032,1.11,1.11,40575,0.0000,1.0
2020-11-13,1.11,1.12,1.1,1.115,1.115,33657,0.0000,1.0
2020-11-12,1.06,1.11,1.06,1.1,1.1,107574,0.0000,1.0
2020-11-11,1.11,1.11,1.05,1.075,1.075,102295,0.0000,1.0
2020-11-10,1.1,1.1461,1.09,1.12,1.12,69527,0.0000,1.0
2020-11-09,1.17,1.19,1.06,1.09,1.09,253929,0.0000,1.0
2020-11-06,1.19,1.2,1.16,1.2,1.2,122657,0.0000,1.0
2020-11-05,1.11,1.19,1.11,1.175,1.175,110807,0.0000,1.0
2020-11-04,1.09,1.1,1.07,1.08,1.08,60927,0.0000,1.0
2020-11-03,1.08,1.09,1.06,1.06,1.06,44694,0.0000,1.0
2020-11-02,1.06,1.08,1.05,1.065,1.065,101777,0.0000,1.0
2020-10-30,1.11,1.11,1.05,1.06,1.06,108401,0.0000,1.0
2020-10-29,1.07,1.1,1.06,1.095,1.095,84728,0.0000,1.0
2020-10-28,1.12,1.13,1.04,1.08,1.08,183110,0.0000,1.0
2020-10-27,1.15,1.16,1.13,1.14,1.14,59613,0.0000,1.0
2020-10-26,1.15,1.181,1.12,1.13,1.13,153701,0.0000,1.0
2020-10-23,1.19,1.2,1.155,1.165,1.165,85958,0.0000,1.0
2020-10-22,1.17,1.21,1.15,1.19,1.19,56548,0.0000,1.0
2020-10-21,1.17,1.22,1.17,1.19,1.19,587018,0.0000,1.0
2020-10-20,1.21,1.23,1.2,1.2003,1.2003,56138,0.0000,1.0
2020-10-19,1.22,1.23,1.2,1.215,1.215,102411,0.0000,1.0
2020-10-16,1.24,1.26,1.214,1.22,1.22,38147,0.0000,1.0
2020-10-15,1.23,1.2399,1.22,1.22,1.22,49301,0.0000,1.0
2020-10-14,1.27,1.28,1.24,1.2563,1.2563,120266,0.0000,1.0
2020-10-13,1.3,1.3,1.22,1.25,1.25,98248,0.0000,1.0
2020-10-12,1.28,1.28,1.26,1.27,1.27,96852,0.0000,1.0
2020-10-09,1.21,1.28,1.21,1.26,1.26,208977,0.0000,1.0
2020-10-08,1.2,1.24,1.19,1.21,1.21,50561,0.0000,1.0
2020-10-07,1.22,1.22,1.17,1.22,1.22,67680,0.0000,1.0
2020-10-06,1.17,1.25,1.1601,1.2,1.2,196097,0.0000,1.0
2020-10-05,1.15,1.19,1.14,1.18,1.18,153348,0.0000,1.0
2020-10-02,1.18,1.18,1.14,1.15,1.15,84492,0.0000,1.0
2020-10-01,1.15,1.208,1.13,1.1463,1.1463,130812,0.0000,1.0
2020-09-30,1.15,1.19,1.14,1.14,1.14,52894,0.0000,1.0
2020-09-29,1.15,1.175,1.15,1.16,1.16,74885,0.0000,1.0
2020-09-28,1.18,1.18,1.13,1.15,1.15,105349,0.0000,1.0
2020-09-25,1.19,1.19,1.15,1.17,1.17,85516,0.0000,1.0
2020-09-24,1.14,1.21,1.12,1.18,1.18,151255,0.0000,1.0
2020-09-23,1.21,1.22,1.11,1.11,1.11,234100,0.0000,1.0
2020-09-22,1.15,1.23,1.12,1.2,1.2,171728,0.0000,1.0
2020-09-21,1.2,1.205,1.13,1.13,1.13,156865,0.0000,1.0
2020-09-18,1.25,1.2548,1.22,1.22,1.22,119282,0.0000,1.0
2020-09-17,1.21,1.27,1.2,1.24,1.24,171649,0.0000,1.0
2020-09-16,1.3,1.32,1.23,1.24,1.24,283021,0.0000,1.0
2020-09-15,1.16,1.3,1.16,1.3,1.3,504057,0.0000,1.0
2020-09-14,1.15,1.2,1.12,1.14,1.14,249742,0.0000,1.0
2020-09-11,1.14,1.15,1.09,1.13,1.13,221068,0.0000,1.0
2020-09-10,1.1,1.16,1.09,1.12,1.12,174727,0.0000,1.0
2020-09-09,1.15,1.18,1.12,1.12,1.12,192282,0.0000,1.0
2020-09-08,1.08,1.18,1.08,1.17,1.17,497452,0.0000,1.0
2020-09-04,1.14,1.14,1.06,1.08,1.08,253186,0.0000,1.0
2020-09-03,1.15,1.15,1.05,1.14,1.14,553215,0.0000,1.0
2020-09-02,1.2,1.2,1.1,1.13,1.13,191111,0.0000,1.0
2020-09-01,1.22,1.2393,1.14,1.15,1.15,252241,0.0000,1.0
2020-08-31,1.2,1.23,1.19,1.22,1.22,130623,0.0000,1.0
2020-08-28,1.19,1.27,1.1792,1.19,1.19,322048,0.0000,1.0
2020-08-27,1.25,1.25,1.18,1.22,1.22,81835,0.0000,1.0
2020-08-26,1.17,1.2299,1.17,1.21,1.21,212200,0.0000,1.0
2020-08-25,1.17,1.21,1.16,1.19,1.19,92222,0.0000,1.0
2020-08-24,1.2,1.2133,1.16,1.17,1.17,155166,0.0000,1.0
2020-08-21,1.24,1.245,1.17,1.2,1.2,213582,0.0000,1.0
2020-08-20,1.26,1.28,1.24,1.27,1.27,109935,0.0000,1.0
2020-08-19,1.26,1.3,1.22,1.28,1.28,171948,0.0000,1.0
2020-08-18,1.29,1.33,1.25,1.27,1.27,242579,0.0000,1.0
2020-08-17,1.24,1.29,1.22,1.28,1.28,247807,0.0000,1.0
2020-08-14,1.2,1.23,1.19,1.19,1.19,75173,0.0000,1.0
2020-08-13,1.19,1.24,1.17,1.23,1.23,163671,0.0000,1.0
2020-08-12,1.15,1.18,1.1441,1.16,1.16,149179,0.0000,1.0
2020-08-11,1.24,1.25,1.12,1.14,1.14,417632,0.0000,1.0
2020-08-10,1.3,1.32,1.25,1.27,1.27,158903,0.0000,1.0
2020-08-07,1.32,1.34,1.25,1.29,1.29,210969,0.0000,1.0
2020-08-06,1.38,1.4,1.31,1.35,1.35,223299,0.0000,1.0
2020-08-05,1.41,1.41,1.33,1.35,1.35,381281,0.0000,1.0
2020-08-04,1.31,1.405,1.27,1.38,1.38,515099,0.0000,1.0
2020-08-03,1.32,1.33,1.2905,1.31,1.31,181971,0.0000,1.0
2020-07-31,1.29,1.35,1.25,1.34,1.34,272452,0.0000,1.0
2020-07-30,1.32,1.32,1.25,1.28,1.28,279407,0.0000,1.0
2020-07-29,1.35,1.36,1.3,1.34,1.34,180024,0.0000,1.0
2020-07-28,1.39,1.39,1.34,1.35,1.35,263123,0.0000,1.0
2020-07-27,1.41,1.48,1.37,1.4,1.4,476671,0.0000,1.0
2020-07-24,1.4,1.4,1.23,1.34,1.34,585344,0.0000,1.0
2020-07-23,1.36,1.46,1.31,1.35,1.35,989086,0.0000,1.0
2020-07-22,1.41,1.43,1.33,1.35,1.35,822197,0.0000,1.0
2020-07-21,1.25,1.38,1.25,1.36,1.36,1307563,0.0000,1.0
2020-07-20,1.24,1.25,1.21,1.23,1.23,408825,0.0000,1.0
2020-07-17,1.21,1.21,1.16,1.21,1.21,196300,0.0000,1.0
2020-07-16,1.13,1.16,1.11,1.16,1.16,95100,0.0000,1.0
2020-07-15,1.11,1.115,1.09,1.11,1.11,122000,0.0000,1.0
2020-07-14,1.13,1.15,1.09,1.1,1.1,184600,0.0000,1.0
2020-07-13,1.21,1.24,1.13,1.14,1.14,388900,0.0000,1.0
2020-07-10,1.19,1.2,1.14,1.16,1.16,241600,0.0000,1.0
2020-07-09,1.23,1.23,1.15,1.19,1.19,311500,0.0000,1.0
2020-07-08,1.24,1.24,1.14,1.21,1.21,540900,0.0000,1.0
2020-07-07,1.2,1.2,1.19,1.2,1.2,151700,0.0000,1.0
2020-07-06,1.22,1.25,1.16,1.2,1.2,638200,0.0000,1.0
2020-07-02,1.2,1.23,1.18,1.2,1.2,288400,0.0000,1.0
2020-07-01,1.26,1.26,1.11,1.2,1.2,554900,0.0000,1.0
2020-06-30,1.28,1.3,1.2,1.24,1.24,685400,0.0000,1.0
2020-06-29,1.19,1.35,1.19,1.25,1.25,1379900,0.0000,1.0
2020-06-26,1.12,1.19,1.09,1.15,1.15,495799,0.0000,1.0
2020-06-25,1.07,1.11,1.06,1.09,1.09,124057,0.0000,1.0
2020-06-24,1.12,1.15,1.0548,1.07,1.07,65239,0.0000,1.0
2020-06-23,1.08,1.17,1.06,1.09,1.09,105912,0.0000,1.0
2020-06-22,1.1,1.15,1.09,1.09,1.09,114915,0.0000,1.0
2020-06-19,1.06,1.1,1.05,1.1,1.1,38085,0.0000,1.0
2020-06-18,1.09,1.13,1.04,1.05,1.05,38546,0.0000,1.0
2020-06-17,1.17,1.17,1.07,1.09,1.09,72069,0.0000,1.0
2020-06-16,1.14,1.19,1.09,1.13,1.13,196990,0.0000,1.0
2020-06-15,1.07,1.22,0.9681,1.13,1.13,138213,0.0000,1.0
2020-06-12,1.13,1.19,1.05,1.09,1.09,114478,0.0000,1.0
2020-06-11,1.28,1.28,1.11,1.12,1.12,159348,0.0000,1.0
2020-06-10,1.19,1.23,1.1443,1.22,1.22,216125,0.0000,1.0
2020-06-09,1.18,1.2,1.1,1.17,1.17,283201,0.0000,1.0
2020-06-08,1.17,1.2,1.11,1.16,1.16,131235,0.0000,1.0
2020-06-05,1.16,1.18,1.11,1.16,1.16,132970,0.0000,1.0
2020-06-04,1.11,1.18,1.06,1.17,1.17,134377,0.0000,1.0
2020-06-03,1.06,1.11,1.05,1.1,1.1,83698,0.0000,1.0
2020-06-02,1.11,1.1115,1.07,1.08,1.08,31585,0.0000,1.0
2020-06-01,1.15,1.15,1.05,1.09,1.09,113557,0.0000,1.0
2020-05-29,1.08,1.13,1.0601,1.12,1.12,48664,0.0000,1.0
2020-05-28,1.1,1.14,1.05,1.08,1.08,100380,0.0000,1.0
2020-05-27,1.1,1.165,1.02,1.07,1.07,272920,0.0000,1.0
2020-05-26,1.1,1.1113,1.04,1.06,1.06,56924,0.0000,1.0
2020-05-22,1.11,1.1356,1.08,1.1,1.1,65257,0.0000,1.0
2020-05-21,1.15,1.16,1.08,1.08,1.08,82350,0.0000,1.0
2020-05-20,1.28,1.28,1.15,1.17,1.17,166431,0.0000,1.0
2020-05-19,1.18,1.27,1.1601,1.24,1.24,128098,0.0000,1.0
2020-05-18,1.24,1.24,1.16,1.18,1.18,123834,0.0000,1.0
2020-05-15,1.14,1.16,1.12,1.14,1.14,119547,0.0000,1.0
2020-05-14,1.08,1.17,1.07,1.11,1.11,114953,0.0000,1.0
2020-05-13,1.13,1.13,1.07,1.08,1.08,100317,0.0000,1.0
2020-05-12,1.21,1.23,1.08,1.12,1.12,166828,0.0000,1.0
2020-05-11,1.21,1.24,1.19,1.22,1.22,71116,0.0000,1.0
2020-05-08,1.23,1.25,1.19,1.22,1.22,68079,0.0000,1.0
2020-05-07,1.21,1.25,1.2,1.23,1.23,96937,0.0000,1.0
2020-05-06,1.21,1.24,1.17,1.2,1.2,83862,0.0000,1.0
2020-05-05,1.31,1.31,1.215,1.23,1.23,70752,0.0000,1.0
2020-05-04,1.24,1.28,1.22,1.25,1.25,80849,0.0000,1.0
2020-05-01,1.23,1.28,1.2175,1.25,1.25,178570,0.0000,1.0
2020-04-30,1.33,1.33,1.2201,1.28,1.28,154883,0.0000,1.0
2020-04-29,1.34,1.34,1.23,1.3,1.3,137334,0.0000,1.0
2020-04-28,1.24,1.29,1.21,1.27,1.27,237651,0.0000,1.0
2020-04-27,1.25,1.38,1.2,1.23,1.23,631531,0.0000,1.0
2020-04-24,1.04,1.2,1.025,1.18,1.18,243403,0.0000,1.0
2020-04-23,1.01,1.1,0.95,1.03,1.03,148799,0.0000,1.0
2020-04-22,0.9104,1.025,0.9104,1.0,1.0,171816,0.0000,1.0
2020-04-21,0.9,0.95,0.85495,0.8901,0.8901,43873,0.0000,1.0
2020-04-20,0.91,0.9498,0.9,0.91,0.91,54211,0.0000,1.0
2020-04-17,0.949,0.97,0.8855,0.9,0.9,38120,0.0000,1.0
2020-04-16,0.9,0.9901,0.75,0.92,0.92,138653,0.0000,1.0
2020-04-15,0.8839,1.0,0.8,0.9001,0.9001,115008,0.0000,1.0
2020-04-14,0.9,0.95,0.9,0.9353,0.9353,129070,0.0000,1.0
2020-04-13,0.815,0.95,0.79,0.9325,0.9325,114021,0.0000,1.0
2020-04-09,0.71,0.8188,0.71,0.806972,0.806972,198115,0.0000,1.0
2020-04-08,0.7,0.705,0.6302,0.7001,0.7001,64781,0.0000,1.0
2020-04-07,0.7,0.73,0.7,0.71,0.71,53780,0.0000,1.0
2020-04-06,0.6412,0.72,0.6412,0.7,0.7,63963,0.0000,1.0
2020-04-03,0.62,0.64,0.6101,0.64,0.64,20935,0.0000,1.0
2020-04-02,0.5951,0.6,0.59,0.5969,0.5969,76393,0.0000,1.0
2020-04-01,0.6255,0.6255,0.5451,0.5729,0.5729,45789,0.0000,1.0
2020-03-31,0.61,0.6238,0.58,0.61,0.61,7780,0.0000,1.0
2020-03-30,0.651,0.67,0.5873,0.61,0.61,53063,0.0000,1.0
2020-03-27,0.7358,0.7358,0.651,0.66,0.66,23699,0.0000,1.0
2020-03-26,0.68,0.8,0.68,0.7198,0.7198,63680,0.0000,1.0
2020-03-25,0.58,0.69,0.5701,0.6708,0.6708,54371,0.0000,1.0
2020-03-24,0.5881,0.6,0.5702,0.5825,0.5825,63618,0.0000,1.0
2020-03-23,0.58,0.61,0.512,0.5488,0.5488,87302,0.0000,1.0
2020-03-20,0.5771,0.6199,0.5512,0.61,0.61,27647,0.0000,1.0
2020-03-19,0.54,0.58,0.5,0.5725,0.5725,40296,0.0000,1.0
2020-03-18,0.6332,0.6332,0.51,0.5435,0.5435,48860,0.0000,1.0
2020-03-17,0.6,0.67,0.5635,0.604,0.604,122489,0.0000,1.0
2020-03-16,0.6,0.610001,0.4715,0.57,0.57,105447,0.0000,1.0
2020-03-13,0.6183,0.6469,0.5571,0.608416,0.608416,98513,0.0000,1.0
2020-03-12,0.6567,0.6825,0.6,0.635,0.635,150937,0.0000,1.0
2020-03-11,0.7511,0.7998,0.6531,0.7195,0.7195,54654,0.0000,1.0
2020-03-10,0.8,0.83,0.72,0.7201,0.7201,48334,0.0000,1.0
2020-03-09,0.83,0.83,0.7661,0.79,0.79,40138,0.0000,1.0
2020-03-06,0.8601,0.87,0.8351,0.8432,0.8432,51015,0.0000,1.0
2020-03-05,0.9,0.9,0.842,0.8461,0.8461,26212,0.0000,1.0
2020-03-04,0.8923,0.8923,0.8601,0.86495,0.86495,14171,0.0000,1.0
2020-03-03,0.86,0.9,0.826,0.885,0.885,38981,0.0000,1.0
2020-03-02,0.8,0.9,0.8,0.86,0.86,53826,0.0000,1.0
2020-02-28,0.799,0.8562,0.7801,0.81,0.81,89656,0.0000,1.0
2020-02-27,0.86,0.95,0.8,0.8425,0.8425,123018,0.0000,1.0
2020-02-26,0.76,0.995,0.76,0.96,0.96,194654,0.0000,1.0
2020-02-25,0.9021,0.94,0.79,0.79,0.79,116039,0.0000,1.0
2020-02-24,1.0,1.02,0.9,0.9304,0.9304,102911,0.0000,1.0
2020-02-21,0.9851,0.995161,0.96,0.98,0.98,57341,0.0000,1.0
2020-02-20,0.95,0.96,0.911,0.96,0.96,36697,0.0000,1.0
2020-02-19,0.915,0.92,0.89,0.9082,0.9082,45118,0.0000,1.0
2020-02-18,0.9,0.92,0.8811,0.92,0.92,29291,0.0000,1.0
2020-02-14,0.9,0.9155,0.871,0.9155,0.9155,38969,0.0000,1.0
2020-02-13,0.9,0.9099,0.9,0.9048,0.9048,34146,0.0000,1.0
2020-02-12,0.97,0.97,0.91,0.914947,0.914947,50414,0.0000,1.0
2020-02-11,0.9642,0.973439,0.94,0.9594,0.9594,11286,0.0000,1.0
2020-02-10,0.94,0.9998,0.94,0.9837,0.9837,59859,0.0000,1.0
2020-02-07,0.95,0.9602,0.927601,0.933855,0.933855,9953,0.0000,1.0
2020-02-06,0.9272,0.9581,0.9101,0.9175,0.9175,22725,0.0000,1.0
2020-02-05,0.9009,0.9756,0.9009,0.9452,0.9452,56915,0.0000,1.0
2020-02-04,0.98,0.9856,0.9101,0.95,0.95,114549,0.0000,1.0
2020-02-03,1.02,1.03,0.99,1.02,1.02,36998,0.0000,1.0
2020-01-31,0.95,0.99,0.95,0.985,0.985,47288,0.0000,1.0
2020-01-30,0.948,0.98,0.948,0.9698,0.9698,23712,0.0000,1.0
2020-01-29,0.9477,0.958,0.9439,0.9578,0.9578,36216,0.0000,1.0
2020-01-28,0.9,0.95,0.9,0.9334,0.9334,39359,0.0000,1.0
2020-01-27,0.95,0.95,0.8901,0.92,0.92,32180,0.0000,1.0
2020-01-24,0.879,0.9699,0.87,0.94545,0.94545,83746,0.0000,1.0
2020-01-23,0.8,0.879,0.8,0.8711,0.8711,75264,0.0000,1.0
2020-01-22,0.79,0.815,0.79,0.815,0.815,34065,0.0000,1.0
2020-01-21,0.78,0.81,0.78,0.8089,0.8089,16598,0.0000,1.0
2020-01-17,0.79,0.7964,0.77,0.776646,0.776646,10476,0.0000,1.0
2020-01-16,0.8,0.8,0.7701,0.78,0.78,2377,0.0000,1.0
2020-01-15,0.79,0.8008,0.775,0.7911,0.7911,22965,0.0000,1.0
2020-01-14,0.77,0.7951,0.7699,0.7782,0.7782,31936,0.0000,1.0
2020-01-13,0.78,0.78,0.755,0.76,0.76,18964,0.0000,1.0
2020-01-10,0.76,0.77,0.7551,0.77,0.77,18788,0.0000,1.0
2020-01-09,0.77,0.7799,0.75,0.771981,0.771981,11522,0.0000,1.0
2020-01-08,0.786,0.8065,0.7726,0.7801,0.7801,36162,0.0000,1.0
2020-01-07,0.79,0.7982,0.775,0.795,0.795,28085,0.0000,1.0
2020-01-06,0.8,0.8096,0.765,0.782399,0.782399,28665,0.0000,1.0
2020-01-03,0.8034,0.81,0.782,0.782,0.782,41793,0.0000,1.0
2020-01-02,0.8,0.8197,0.77,0.78,0.78,30910,0.0000,1.0
2019-12-31,0.795,0.8028,0.7734,0.7734,0.7734,141738,0.0000,1.0
2019-12-30,0.7777,0.79,0.752,0.79,0.79,43981,0.0000,1.0
2019-12-27,0.7685,0.81,0.7559,0.7559,0.7559,44363,0.0000,1.0
2019-12-26,0.776,0.8,0.735,0.7684,0.7684,63159,0.0000,1.0
2019-12-24,0.7401,0.8,0.7401,0.8,0.8,45669,0.0000,1.0
2019-12-23,0.73,0.74,0.71,0.7391,0.7391,39471,0.0000,1.0
2019-12-20,0.76,0.77,0.72,0.72,0.72,21611,0.0000,1.0
2019-12-19,0.8,0.8,0.73,0.7398,0.7398,51618,0.0000,1.0
2019-12-18,0.7901,0.8049,0.78,0.78,0.78,15361,0.0000,1.0
2019-12-17,0.8,0.815,0.7909,0.8,0.8,24823,0.0000,1.0
2019-12-16,0.81,0.8199,0.7583,0.7583,0.7583,10835,0.0000,1.0
2019-12-13,0.8243,0.8243,0.81,0.81,0.81,17550,0.0000,1.0
2019-12-12,0.8,0.81,0.8,0.81,0.81,19377,0.0000,1.0
2019-12-11,0.82,0.82,0.7902,0.796,0.796,5791,0.0000,1.0
2019-12-10,0.8,0.82,0.78,0.8,0.8,10222,0.0000,1.0
2019-12-09,0.77,0.808,0.77,0.8,0.8,26939,0.0000,1.0
2019-12-06,0.829,0.84,0.78,0.785,0.785,39354,0.0000,1.0
2019-12-05,0.8148,0.84,0.8148,0.8281,0.8281,12607,0.0000,1.0
2019-12-04,0.82,0.85,0.81,0.835,0.835,12139,0.0000,1.0
2019-12-03,0.8349,0.849,0.8001,0.8446,0.8446,38065,0.0000,1.0
2019-12-02,0.78,0.84,0.77,0.835,0.835,22156,0.0000,1.0
2019-11-29,0.8,0.80146,0.75,0.79,0.79,23789,0.0000,1.0
2019-11-27,0.8,0.806979,0.795,0.7975,0.7975,11423,0.0000,1.0
2019-11-26,0.85,0.85,0.8,0.8001,0.8001,36161,0.0000,1.0
2019-11-25,0.83,0.8499,0.826,0.8291,0.8291,34464,0.0000,1.0
2019-11-22,0.82,0.8397,0.82,0.8389,0.8389,7226,0.0000,1.0
2019-11-21,0.81,0.83,0.8057,0.8199,0.8199,15640,0.0000,1.0
2019-11-20,0.83,0.846369,0.81,0.81,0.81,31370,0.0000,1.0
2019-11-19,0.7828,0.83,0.74,0.8299,0.8299,51134,0.0000,1.0
2019-11-18,0.72,0.7605,0.72,0.7605,0.7605,104828,0.0000,1.0
2019-11-15,0.69,0.7,0.68,0.69,0.69,21934,0.0000,1.0
2019-11-14,0.6988,0.7165,0.6988,0.71,0.71,3795,0.0000,1.0
2019-11-13,0.678,0.7,0.678,0.6983,0.6983,24870,0.0000,1.0
2019-11-12,0.67,0.68,0.67,0.6765,0.6765,24176,0.0000,1.0
2019-11-11,0.67,0.69,0.67,0.67,0.67,2290,0.0000,1.0
2019-11-08,0.67,0.694968,0.67,0.6734,0.6734,8632,0.0000,1.0
2019-11-07,0.72,0.72,0.69,0.693511,0.693511,16790,0.0000,1.0
2019-11-06,0.71,0.73,0.69,0.71,0.71,14740,0.0000,1.0
2019-11-05,0.67,0.7,0.67,0.686092,0.686092,18026,0.0000,1.0
2019-11-04,0.681,0.7475,0.68,0.7,0.7,37097,0.0000,1.0
2019-11-01,0.685,0.7,0.68,0.6961,0.6961,11729,0.0000,1.0
2019-10-31,0.675,0.7,0.675,0.6937,0.6937,28844,0.0000,1.0
2019-10-30,0.675,0.696776,0.675,0.6779,0.6779,22409,0.0000,1.0
2019-10-29,0.681,0.6999,0.6702,0.6795,0.6795,25883,0.0000,1.0
2019-10-28,0.705,0.706716,0.690663,0.6998,0.6998,28635,0.0000,1.0
2019-10-25,0.74,0.74,0.701,0.701,0.701,33105,0.0000,1.0
2019-10-24,0.7249,0.74,0.71,0.725,0.725,12863,0.0000,1.0
2019-10-23,0.7,0.73,0.7,0.705309,0.705309,27195,0.0000,1.0
2019-10-22,0.702,0.7149,0.702,0.705,0.705,10872,0.0000,1.0
2019-10-21,0.71,0.7468,0.7,0.7178,0.7178,4111,0.0000,1.0
2019-10-18,0.695,0.74,0.695,0.72,0.72,7089,0.0000,1.0
2019-10-17,0.694441,0.7125,0.685,0.7,0.7,15699,0.0000,1.0
2019-10-16,0.72,0.72,0.69,0.6993,0.6993,30470,0.0000,1.0
2019-10-15,0.75,0.75,0.7,0.7018,0.7018,29950,0.0000,1.0
2019-10-14,0.7925,0.793426,0.74,0.7493,0.7493,15391,0.0000,1.0
2019-10-11,0.77,0.77,0.74,0.7548,0.7548,26541,0.0000,1.0
2019-10-10,0.755,0.76,0.75,0.75,0.75,39337,0.0000,1.0
2019-10-09,0.76,0.7899,0.7548,0.7548,0.7548,84358,0.0000,1.0
2019-10-08,0.75,0.8,0.7405,0.7548,0.7548,255983,0.0000,1.0
2019-10-07,0.6736,0.7,0.66,0.69,0.69,31889,0.0000,1.0
2019-10-04,0.6899,0.69,0.65,0.65,0.65,12330,0.0000,1.0
2019-10-03,0.651,0.69,0.65,0.6798,0.6798,22077,0.0000,1.0
2019-10-02,0.6899,0.7,0.64,0.64,0.64,50971,0.0000,1.0
2019-10-01,0.708,0.708,0.6795,0.6899,0.6899,7683,0.0000,1.0
2019-09-30,0.71,0.7147,0.66,0.6837,0.6837,82082,0.0000,1.0
2019-09-27,0.768,0.768,0.72,0.72,0.72,27403,0.0000,1.0
2019-09-26,0.71,0.768,0.71,0.75,0.75,6427,0.0000,1.0
2019-09-25,0.76,0.79,0.71,0.72,0.72,117060,0.0000,1.0
2019-09-24,0.751,0.8099,0.72,0.7261,0.7261,241943,0.0000,1.0
2019-09-23,0.79,0.82,0.77,0.78,0.78,38547,0.0000,1.0
2019-09-20,0.78,0.8214,0.78,0.81,0.81,47626,0.0000,1.0
2019-09-19,0.81,0.81,0.78,0.782,0.782,8990,0.0000,1.0
2019-09-18,0.795,0.795,0.78,0.7878,0.7878,21979,0.0000,1.0
2019-09-17,0.81,0.83,0.78,0.784,0.784,49000,0.0000,1.0
2019-09-16,0.7839,0.824,0.78,0.781,0.781,87573,0.0000,1.0
2019-09-13,0.81,0.85,0.78,0.78,0.78,12994,0.0000,1.0
2019-09-12,0.82,0.835,0.79,0.81,0.81,33062,0.0000,1.0
2019-09-11,0.829,0.835,0.8,0.81,0.81,29411,0.0000,1.0
2019-09-10,0.78,0.8298,0.78,0.8297,0.8297,27582,0.0000,1.0
2019-09-09,0.85,0.85,0.73,0.7985,0.7985,91608,0.0000,1.0
2019-09-06,0.82,0.885,0.82,0.8442,0.8442,20881,0.0000,1.0
2019-09-05,0.86,0.86,0.8101,0.82,0.82,18016,0.0000,1.0
2019-09-04,0.9,0.9,0.86,0.889,0.889,34815,0.0000,1.0
2019-09-03,0.86,0.91,0.835,0.91,0.91,79859,0.0000,1.0
2019-08-30,0.88,0.89,0.851,0.86,0.86,13549,0.0000,1.0
2019-08-29,0.9,0.91,0.8701,0.9,0.9,29206,0.0000,1.0
2019-08-28,0.875,0.9,0.85,0.9,0.9,39890,0.0000,1.0
2019-08-27,0.88,0.88,0.85,0.875,0.875,64450,0.0000,1.0
2019-08-26,0.86,0.91,0.85,0.88,0.88,22020,0.0000,1.0
2019-08-23,0.865,0.89,0.84745,0.8669,0.8669,73854,0.0000,1.0
2019-08-22,0.861,0.92,0.85,0.865,0.865,45579,0.0000,1.0
2019-08-21,0.8439,0.91,0.8439,0.8511,0.8511,12643,0.0000,1.0
2019-08-20,0.87,0.8898,0.84,0.8656,0.8656,32395,0.0000,1.0
2019-08-19,0.84,0.89,0.8301,0.8302,0.8302,62294,0.0000,1.0
2019-08-16,0.88,0.88,0.83,0.8705,0.8705,42037,0.0000,1.0
2019-08-15,0.88,0.905,0.8502,0.899,0.899,40376,0.0000,1.0
2019-08-14,0.912,0.93,0.88,0.8903,0.8903,30683,0.0000,1.0
2019-08-13,0.94,0.9453,0.85,0.88,0.88,54617,0.0000,1.0
2019-08-12,0.94,0.99,0.9257,0.94,0.94,15295,0.0000,1.0
2019-08-09,0.9785,0.99,0.89,0.96,0.96,53728,0.0000,1.0
2019-08-08,0.94,0.99,0.92516,0.9506,0.9506,20079,0.0000,1.0
2019-08-07,0.99,1.035,0.9217,0.95,0.95,136940,0.0000,1.0
2019-08-06,0.95,0.978,0.930105,0.978,0.978,42935,0.0000,1.0
2019-08-05,0.903,0.9651,0.9014,0.936,0.936,58959,0.0000,1.0
2019-08-02,0.85,0.88,0.84,0.86,0.86,23681,0.0000,1.0
2019-08-01,0.83,0.88,0.8017,0.8147,0.8147,38596,0.0000,1.0
2019-07-31,0.8816,0.96,0.8439,0.8439,0.8439,28038,0.0000,1.0
2019-07-30,0.8797,0.9,0.8735,0.88,0.88,22900,0.0000,1.0
2019-07-29,0.88,0.9002,0.8536,0.8536,0.8536,40469,0.0000,1.0
2019-07-26,0.9,0.92,0.8941,0.8941,0.8941,67182,0.0000,1.0
2019-07-25,0.92,0.94,0.9,0.9045,0.9045,21339,0.0000,1.0
2019-07-24,0.9953,1.0,0.94,0.94,0.94,85974,0.0000,1.0
2019-07-23,0.9565,0.9898,0.95,0.9698,0.9698,20795,0.0000,1.0
2019-07-22,0.95,0.98,0.9301,0.95,0.95,38119,0.0000,1.0
2019-07-19,1.02,1.02,0.95,0.9783,0.9783,73985,0.0000,1.0
2019-07-18,0.89,0.99,0.89,0.99,0.99,144597,0.0000,1.0
2019-07-17,0.88,0.9,0.8703,0.875,0.875,66236,0.0000,1.0
2019-07-16,0.8597,0.878,0.83,0.8601,0.8601,21925,0.0000,1.0
2019-07-15,0.86,0.878,0.81,0.878,0.878,48792,0.0000,1.0
2019-07-12,0.89,0.89,0.8552,0.8552,0.8552,29525,0.0000,1.0
2019-07-11,0.89,0.89,0.86,0.87,0.87,14131,0.0000,1.0
2019-07-10,0.83,0.89,0.83,0.8801,0.8801,20788,0.0000,1.0
2019-07-09,0.849,0.8695,0.83,0.8301,0.8301,32778,0.0000,1.0
2019-07-08,0.8543,0.8857,0.85,0.8857,0.8857,28337,0.0000,1.0
2019-07-05,0.888,0.89,0.8517,0.8625,0.8625,55654,0.0000,1.0
2019-07-03,0.85,0.89,0.8,0.8876,0.8876,60655,0.0000,1.0
2019-07-02,0.78,0.8448,0.78,0.82,0.82,28198,0.0000,1.0
2019-07-01,0.81,0.82,0.78,0.8,0.8,46504,0.0000,1.0
2019-06-28,0.83,0.88,0.7705,0.7805,0.7805,96489,0.0000,1.0
2019-06-27,0.8201,0.88,0.8201,0.8299,0.8299,14681,0.0000,1.0
2019-06-26,0.895,0.898191,0.8201,0.8201,0.8201,119008,0.0000,1.0
2019-06-25,0.88,0.9,0.8697,0.8902,0.8902,115953,0.0000,1.0
2019-06-24,0.813,0.87,0.7704,0.85,0.85,83697,0.0000,1.0
2019-06-21,0.79,0.813,0.77,0.81,0.81,73686,0.0000,1.0
2019-06-20,0.76,0.82,0.76,0.7701,0.7701,49830,0.0000,1.0
2019-06-19,0.77,0.7701,0.73,0.748,0.748,14796,0.0000,1.0
2019-06-18,0.7601,0.77,0.7442,0.75,0.75,10946,0.0000,1.0
2019-06-17,0.751,0.77,0.751,0.751,0.751,6521,0.0000,1.0
2019-06-14,0.762,0.7747,0.762,0.7625,0.7625,6481,0.0000,1.0
2019-06-13,0.76,0.798419,0.76,0.766,0.766,32206,0.0000,1.0
2019-06-12,0.75,0.78,0.75,0.76,0.76,27575,0.0000,1.0
2019-06-11,0.7655,0.79,0.7467,0.7601,0.7601,27665,0.0000,1.0
2019-06-10,0.71,0.7599,0.71,0.7455,0.7455,26292,0.0000,1.0
2019-06-07,0.769603,0.77,0.74,0.745325,0.745325,42940,0.0000,1.0
2019-06-06,0.75,0.77,0.75,0.76,0.76,13310,0.0000,1.0
2019-06-05,0.75,0.7739,0.75,0.77,0.77,17616,0.0000,1.0
2019-06-04,0.7563,0.77,0.73,0.76,0.76,31264,0.0000,1.0
2019-06-03,0.72,0.75,0.72,0.75,0.75,18350,0.0000,1.0
2019-05-31,0.74,0.74,0.71,0.71,0.71,11594,0.0000,1.0
2019-05-30,0.77,0.77,0.7021,0.7348,0.7348,16671,0.0000,1.0
2019-05-29,0.76,0.7699,0.755,0.7699,0.7699,42720,0.0000,1.0
2019-05-28,0.75,0.75,0.7245,0.737,0.737,6013,0.0000,1.0
2019-05-24,0.73,0.73,0.72,0.73,0.73,9985,0.0000,1.0
2019-05-23,0.72,0.74,0.7166,0.7225,0.7225,19722,0.0000,1.0
2019-05-22,0.72,0.735439,0.72,0.7291,0.7291,18860,0.0000,1.0
2019-05-21,0.76,0.76,0.7301,0.7386,0.7386,8650,0.0000,1.0
2019-05-20,0.753221,0.7598,0.75,0.7545,0.7545,8820,0.0000,1.0
2019-05-17,0.7417,0.7581,0.7417,0.7581,0.7581,2889,0.0000,1.0
2019-05-16,0.7437,0.7522,0.74,0.75,0.75,14684,0.0000,1.0
2019-05-15,0.76,0.76,0.74,0.7497,0.7497,5887,0.0000,1.0
2019-05-14,0.76,0.76,0.7401,0.7501,0.7501,28786,0.0000,1.0
2019-05-13,0.77,0.7738,0.7502,0.757,0.757,20857,0.0000,1.0
2019-05-10,0.7439,0.7683,0.7401,0.7683,0.7683,11658,0.0000,1.0
2019-05-09,0.75,0.7581,0.7401,0.7401,0.7401,20653,0.0000,1.0
2019-05-08,0.7738,0.7738,0.76,0.76,0.76,17211,0.0000,1.0
2019-05-07,0.77,0.7998,0.75,0.7601,0.7601,76361,0.0000,1.0
2019-05-06,0.8142,0.8199,0.8,0.8,0.8,23949,0.0000,1.0
2019-05-03,0.815,0.8197,0.81,0.8142,0.8142,20890,0.0000,1.0
2019-05-02,0.8,0.83,0.8,0.8189,0.8189,17301,0.0000,1.0
2019-05-01,0.81,0.85,0.81,0.8101,0.8101,19162,0.0000,1.0
2019-04-30,0.8088,0.81946,0.801,0.81,0.81,17746,0.0000,1.0
2019-04-29,0.8342,0.86,0.818801,0.818801,0.818801,29382,0.0000,1.0
2019-04-26,0.840394,0.87,0.8401,0.84958,0.84958,9527,0.0000,1.0
2019-04-25,0.841,0.85,0.83,0.8401,0.8401,28412,0.0000,1.0
2019-04-24,0.83,0.8599,0.83,0.84,0.84,29033,0.0000,1.0
2019-04-23,0.8644,0.8701,0.83,0.83,0.83,10594,0.0000,1.0
2019-04-22,0.85,0.8596,0.83,0.855,0.855,6589,0.0000,1.0
2019-04-18,0.8443,0.8601,0.8443,0.8492,0.8492,20062,0.0000,1.0
2019-04-17,0.84,0.8599,0.84,0.84,0.84,27654,0.0000,1.0
2019-04-16,0.861,0.861,0.85,0.853492,0.853492,16393,0.0000,1.0
2019-04-15,0.899,0.899,0.86,0.8699,0.8699,13777,0.0000,1.0
2019-04-12,0.87,0.8999,0.87,0.8999,0.8999,16078,0.0000,1.0
2019-04-11,0.87,0.8799,0.8623,0.87,0.87,9692,0.0000,1.0
2019-04-10,0.9,0.9,0.8633,0.8633,0.8633,11034,0.0000,1.0
2019-04-09,0.878,0.88,0.85,0.87,0.87,25153,0.0000,1.0
2019-04-08,0.831,0.87,0.83,0.85,0.85,18268,0.0000,1.0
2019-04-05,0.86,0.8623,0.856,0.858,0.858,12293,0.0000,1.0
2019-04-04,0.8404,0.8606,0.8404,0.8605,0.8605,6458,0.0000,1.0
2019-04-03,0.8041,0.8751,0.8041,0.84,0.84,9417,0.0000,1.0
2019-04-02,0.8,0.8239,0.8,0.8202,0.8202,38374,0.0000,1.0
2019-04-01,0.81,0.84,0.8,0.8201,0.8201,22803,0.0000,1.0
2019-03-29,0.8603,0.8744,0.83,0.83,0.83,28059,0.0000,1.0
2019-03-28,0.87,0.8849,0.8311,0.8564,0.8564,55993,0.0000,1.0
2019-03-27,0.9,0.9,0.88,0.8801,0.8801,15023,0.0000,1.0
2019-03-26,0.9,0.9,0.8825,0.8899,0.8899,13707,0.0000,1.0
2019-03-25,0.8949,0.8999,0.88,0.880008,0.880008,20610,0.0000,1.0
2019-03-22,0.8827,0.91,0.88,0.8901,0.8901,17463,0.0000,1.0
2019-03-21,0.89,0.92,0.873,0.873,0.873,20123,0.0000,1.0
2019-03-20,0.91,0.9391,0.91,0.9191,0.9191,3716,0.0000,1.0
2019-03-19,0.92,0.95,0.906,0.91,0.91,8672,0.0000,1.0
2019-03-18,0.87,0.95,0.87,0.95,0.95,8729,0.0000,1.0
2019-03-15,0.926,0.9473,0.87,0.87,0.87,18496,0.0000,1.0
2019-03-14,0.93,0.95,0.92,0.95,0.95,15137,0.0000,1.0
2019-03-13,0.95,0.98,0.92,0.92,0.92,22898,0.0000,1.0
2019-03-12,0.94,0.9447,0.9177,0.93,0.93,8032,0.0000,1.0
2019-03-11,0.9032,0.95,0.9,0.93,0.93,11612,0.0000,1.0
2019-03-08,0.9199,0.92,0.9032,0.9032,0.9032,14151,0.0000,1.0
2019-03-07,0.893693,0.9117,0.893693,0.9107,0.9107,8887,0.0000,1.0
2019-03-06,0.8904,0.9243,0.8904,0.9017,0.9017,11912,0.0000,1.0
2019-03-05,0.901,0.9247,0.8903,0.897,0.897,10798,0.0000,1.0
2019-03-04,0.92,0.94,0.9,0.927,0.927,28325,0.0000,1.0
2019-03-01,0.954,0.954,0.9188,0.9188,0.9188,19932,0.0000,1.0
2019-02-28,0.9119,0.9795,0.9119,0.9538,0.9538,4815,0.0000,1.0
2019-02-27,0.9328,0.98,0.91,0.921,0.921,15668,0.0000,1.0
2019-02-26,0.932,0.9651,0.93,0.9364,0.9364,6911,0.0000,1.0
2019-02-25,0.93,0.9506,0.92,0.94,0.94,32325,0.0000,1.0
2019-02-22,0.96,1.0,0.9484,0.956,0.956,21691,0.0000,1.0
2019-02-21,0.96,0.9852,0.95,0.9729,0.9729,13359,0.0000,1.0
2019-02-20,0.96,1.0,0.952,0.96,0.96,26397,0.0000,1.0
2019-02-19,0.92,0.99,0.92,0.96,0.96,31721,0.0000,1.0
2019-02-15,0.9412,0.98,0.9163,0.9163,0.9163,17731,0.0000,1.0
2019-02-14,0.985,0.985,0.9551,0.9551,0.9551,36990,0.0000,1.0
2019-02-13,1.01,1.01,0.9633,1.0,1.0,18222,0.0000,1.0
2019-02-12,1.03,1.03,0.9819,0.9819,0.9819,13375,0.0000,1.0
2019-02-11,1.01,1.0251,0.98,1.01,1.01,23347,0.0000,1.0
2019-02-08,0.99,1.0,0.96,0.98,0.98,37374,0.0000,1.0
2019-02-07,0.95,0.98,0.95,0.9547,0.9547,13321,0.0000,1.0
2019-02-06,0.98,0.9915,0.95,0.95,0.95,9477,0.0000,1.0
2019-02-05,0.96,1.0,0.96,0.99,0.99,25703,0.0000,1.0
2019-02-04,0.97,0.98,0.957481,0.9751,0.9751,6251,0.0000,1.0
2019-02-01,1.01,1.01,0.98,1.0,1.0,18703,0.0000,1.0
2019-01-31,0.9785,1.01,0.9776,1.01,1.01,41994,0.0000,1.0
2019-01-30,0.9,0.9495,0.9,0.9495,0.9495,18307,0.0000,1.0
2019-01-29,0.9159,0.92,0.9107,0.92,0.92,8043,0.0000,1.0
2019-01-28,0.93,0.93,0.91,0.92,0.92,15264,0.0000,1.0
2019-01-25,0.93,0.93,0.91,0.925,0.925,13053,0.0000,1.0
2019-01-24,0.92,0.9205,0.9,0.9205,0.9205,3581,0.0000,1.0
2019-01-23,0.927,0.93,0.9,0.9,0.9,7538,0.0000,1.0
2019-01-22,0.9,0.9099,0.9,0.9,0.9,17605,0.0000,1.0
2019-01-18,0.916,0.93,0.907,0.9114,0.9114,17910,0.0000,1.0
2019-01-17,0.92,0.93,0.9021,0.9021,0.9021,3913,0.0000,1.0
2019-01-16,0.93,0.93,0.8945,0.91,0.91,34401,0.0000,1.0
2019-01-15,0.94,0.972725,0.92,0.93,0.93,34243,0.0000,1.0
2019-01-14,0.99,0.99,0.9305,0.932,0.932,24338,0.0000,1.0
2019-01-11,1.01,1.01,0.98,0.99,0.99,11862,0.0000,1.0
2019-01-10,1.04,1.04,0.99,0.99,0.99,35389,0.0000,1.0
2019-01-09,1.0,1.035,0.96,1.02,1.02,31560,0.0000,1.0
2019-01-08,0.94,0.96,0.94,0.96,0.96,2464,0.0000,1.0
2019-01-07,0.9354,0.96,0.9265,0.94,0.94,35677,0.0000,1.0
2019-01-04,0.9,0.93,0.9,0.92,0.92,18427,0.0000,1.0
2019-01-03,0.87,0.925,0.8401,0.925,0.925,20886,0.0000,1.0
2019-01-02,0.825,0.87,0.81,0.865,0.865,29051,0.0000,1.0
2018-12-31,0.8502,0.8749,0.83,0.83,0.83,67069,0.0000,1.0
2018-12-28,0.83,0.86,0.83,0.8502,0.8502,44079,0.0000,1.0
2018-12-27,0.85,0.87,0.83,0.83,0.83,40429,0.0000,1.0
2018-12-26,0.87,0.8801,0.85,0.85,0.85,33919,0.0000,1.0
2018-12-24,0.872,0.88,0.8605,0.8605,0.8605,22204,0.0000,1.0
2018-12-21,0.89,0.9,0.86,0.87,0.87,12885,0.0000,1.0
2018-12-20,0.8701,0.905,0.87,0.89,0.89,38537,0.0000,1.0
2018-12-19,0.871,0.9174,0.85,0.88,0.88,42007,0.0000,1.0
2018-12-18,0.92,0.92,0.87,0.87,0.87,49401,0.0000,1.0
2018-12-17,0.91,0.92,0.862,0.89,0.89,22259,0.0000,1.0
2018-12-14,0.87,0.9082,0.87,0.9,0.9,50005,0.0000,1.0
2018-12-13,0.89,0.9,0.86,0.87,0.87,73394,0.0000,1.0
2018-12-12,0.9,0.9135,0.8955,0.9,0.9,117770,0.0000,1.0
2018-12-11,0.915,0.9225,0.9,0.91,0.91,42325,0.0000,1.0
2018-12-10,0.95,0.95,0.9,0.9,0.9,39626,0.0000,1.0
2018-12-07,0.98,1.01,0.92,0.92,0.92,318336,0.0000,1.0
2018-12-06,1.0,1.02,0.98,0.98,0.98,56902,0.0000,1.0
2018-12-04,1.0,1.02,0.99,1.0,1.0,27448,0.0000,1.0
2018-12-03,0.98,1.0,0.98,0.995,0.995,23142,0.0000,1.0
2018-11-30,1.03,1.03,0.97,0.97,0.97,25361,0.0000,1.0
2018-11-29,1.0,1.02,0.98,1.01,1.01,42790,0.0000,1.0
2018-11-28,1.01,1.02,1.01,1.01,1.01,36929,0.0000,1.0
2018-11-27,1.03,1.04,1.01,1.02,1.02,30486,0.0000,1.0
2018-11-26,1.0421,1.05,1.03,1.03,1.03,12986,0.0000,1.0
2018-11-23,1.0432,1.06,1.03,1.05,1.05,10279,0.0000,1.0
2018-11-21,1.03,1.04,1.02,1.035,1.035,23659,0.0000,1.0
2018-11-20,1.0535,1.06,1.03,1.03,1.03,27267,0.0000,1.0
2018-11-19,1.06,1.0798,1.05,1.05,1.05,8569,0.0000,1.0
2018-11-16,1.05,1.08,1.05,1.06,1.06,25008,0.0000,1.0
2018-11-15,1.05,1.06,1.05,1.06,1.06,36230,0.0000,1.0
2018-11-14,1.05,1.06,1.05,1.05,1.05,8030,0.0000,1.0
2018-11-13,1.05,1.06,1.05,1.05,1.05,21317,0.0000,1.0
2018-11-12,1.05,1.07,1.05,1.05,1.05,8831,0.0000,1.0
2018-11-09,1.05,1.06,1.05,1.06,1.06,21225,0.0000,1.0
2018-11-08,1.05,1.07,1.05,1.06,1.06,8007,0.0000,1.0
2018-11-07,1.04,1.06,1.0317,1.06,1.06,9243,0.0000,1.0
2018-11-06,1.03,1.0589,1.03,1.03,1.03,12131,0.0000,1.0
2018-11-05,1.04,1.07,1.03,1.03,1.03,7695,0.0000,1.0
2018-11-02,1.06,1.07,1.0301,1.04,1.04,11074,0.0000,1.0
2018-11-01,1.07,1.07,1.01,1.05,1.05,17027,0.0000,1.0
2018-10-31,1.03,1.07,1.02,1.07,1.07,15268,0.0000,1.0
2018-10-30,1.03,1.05,1.03,1.04,1.04,18439,0.0000,1.0
2018-10-29,1.11,1.11,1.04,1.04,1.04,42869,0.0000,1.0
2018-10-26,1.12,1.12,1.05,1.12,1.12,21370,0.0000,1.0
2018-10-25,1.15,1.16,1.08,1.08,1.08,32370,0.0000,1.0
2018-10-24,1.13,1.17,1.13,1.1697,1.1697,14891,0.0000,1.0
2018-10-23,1.13,1.14,1.13,1.14,1.14,2862,0.0000,1.0
2018-10-22,1.16,1.24,1.16,1.16,1.16,35851,0.0000,1.0
2018-10-19,1.19,1.2,1.16,1.16,1.16,19067,0.0000,1.0
2018-10-18,1.18,1.2,1.15,1.2,1.2,19730,0.0000,1.0
2018-10-17,1.16,1.17,1.14,1.15,1.15,13312,0.0000,1.0
2018-10-16,1.17,1.17,1.14,1.145,1.145,8257,0.0000,1.0
2018-10-15,1.15,1.18,1.13,1.18,1.18,47853,0.0000,1.0
2018-10-12,1.1,1.11,1.05,1.11,1.11,26649,0.0000,1.0
2018-10-11,1.08,1.11,1.06,1.08,1.08,58752,0.0000,1.0
2018-10-10,1.06,1.091,1.06,1.07,1.07,6694,0.0000,1.0
2018-10-09,1.08,1.11,1.05,1.05,1.05,4745,0.0000,1.0
2018-10-08,1.05,1.13,1.02,1.075,1.075,7871,0.0000,1.0
2018-10-05,1.056,1.13,1.056,1.06,1.06,3190,0.0000,1.0
2018-10-04,1.11,1.15,1.05,1.09,1.09,60498,0.0000,1.0
2018-10-03,1.12,1.17,1.09,1.12,1.12,28722,0.0000,1.0
2018-10-02,1.12,1.19,1.12,1.13,1.13,89969,0.0000,1.0
2018-10-01,1.07,1.12,1.07,1.12,1.12,8379,0.0000,1.0
2018-09-28,1.12,1.12,1.06,1.06,1.06,29987,0.0000,1.0
2018-09-27,1.1,1.16,1.1,1.12,1.12,173845,0.0000,1.0
2018-09-26,1.05,1.11,1.0273,1.11,1.11,99363,0.0000,1.0
2018-09-25,1.07,1.09,1.05,1.05,1.05,12126,0.0000,1.0
2018-09-24,1.07,1.1,1.0421,1.09,1.09,28689,0.0000,1.0
2018-09-21,1.01,1.08,1.01,1.08,1.08,24198,0.0000,1.0
2018-09-20,1.01,1.04,1.01,1.01,1.01,10390,0.0000,1.0
2018-09-19,1.04,1.04,1.01,1.01,1.01,11538,0.0000,1.0
2018-09-18,1.0234,1.04,1.02,1.03,1.03,12319,0.0000,1.0
2018-09-17,1.01,1.03,1.01,1.01,1.01,21266,0.0000,1.0
2018-09-14,1.04,1.04,1.01,1.01,1.01,25204,0.0000,1.0
2018-09-13,1.04,1.07,1.04,1.06,1.06,15231,0.0000,1.0
2018-09-12,1.01,1.0499,1.01,1.035,1.035,13945,0.0000,1.0
2018-09-11,1.01,1.0299,1.01,1.01,1.01,17246,0.0000,1.0
2018-09-10,1.04,1.06,1.01,1.01,1.01,34985,0.0000,1.0
2018-09-07,1.05,1.08,1.03,1.05,1.05,46866,0.0000,1.0
2018-09-06,1.07,1.081,1.04,1.06,1.06,19261,0.0000,1.0
2018-09-05,1.01,1.05,1.01,1.05,1.05,26831,0.0000,1.0
2018-09-04,1.01,1.05,1.01,1.01,1.01,22020,0.0000,1.0
2018-08-31,1.09,1.09,1.03,1.03,1.03,21673,0.0000,1.0
2018-08-30,1.05,1.1,1.05,1.1,1.1,28834,0.0000,1.0
2018-08-29,1.05,1.06,1.04,1.06,1.06,36322,0.0000,1.0
2018-08-28,1.07,1.08,1.05,1.05,1.05,29471,0.0000,1.0
2018-08-27,1.06,1.1,1.06,1.06,1.06,18106,0.0000,1.0
2018-08-24,1.05,1.1,1.05,1.06,1.06,23635,0.0000,1.0
2018-08-23,1.06,1.0608,1.05,1.06,1.06,40227,0.0000,1.0
2018-08-22,1.06,1.07,1.06,1.07,1.07,19734,0.0000,1.0
2018-08-21,1.1,1.1,1.05,1.05,1.05,15208,0.0000,1.0
2018-08-20,1.1,1.1,1.06,1.1,1.1,49900,0.0000,1.0
2018-08-17,1.13,1.13,1.08,1.09,1.09,44616,0.0000,1.0
2018-08-16,1.14,1.14,1.12,1.125,1.125,13035,0.0000,1.0
2018-08-15,1.13,1.15,1.12,1.15,1.15,71635,0.0000,1.0
2018-08-14,1.13,1.14,1.13,1.13,1.13,13158,0.0000,1.0
2018-08-13,1.13,1.1355,1.13,1.13,1.13,23307,0.0000,1.0
2018-08-10,1.14,1.14,1.12,1.13,1.13,23412,0.0000,1.0
2018-08-09,1.1201,1.1399,1.1201,1.1247,1.1247,4018,0.0000,1.0
2018-08-08,1.12,1.14,1.12,1.14,1.14,16050,0.0000,1.0
2018-08-07,1.13,1.13,1.12,1.125,1.125,18140,0.0000,1.0
2018-08-06,1.12,1.14,1.12,1.14,1.14,21358,0.0000,1.0
2018-08-03,1.14,1.14,1.12,1.12,1.12,40511,0.0000,1.0
2018-08-02,1.15,1.152,1.1147,1.15,1.15,68754,0.0000,1.0
2018-08-01,1.14,1.15,1.14,1.14,1.14,4287,0.0000,1.0
2018-07-31,1.15,1.16,1.14,1.14,1.14,52194,0.0000,1.0
2018-07-30,1.13,1.16,1.12,1.16,1.16,19902,0.0000,1.0
2018-07-27,1.16,1.16,1.13,1.13,1.13,66521,0.0000,1.0
2018-07-26,1.16,1.17,1.1598,1.17,1.17,32490,0.0000,1.0
2018-07-25,1.17,1.1748,1.16,1.1658,1.1658,10898,0.0000,1.0
2018-07-24,1.16,1.1799,1.16,1.17,1.17,32324,0.0000,1.0
2018-07-23,1.16,1.18,1.16,1.17,1.17,25461,0.0000,1.0
2018-07-20,1.16,1.18,1.16,1.18,1.18,38867,0.0000,1.0
2018-07-19,1.2,1.2,1.16,1.16,1.16,47597,0.0000,1.0
2018-07-18,1.2,1.21,1.18,1.1841,1.1841,74711,0.0000,1.0
2018-07-17,1.18,1.21,1.18,1.21,1.21,128211,0.0000,1.0
2018-07-16,1.22,1.22,1.14,1.18,1.18,130318,0.0000,1.0
2018-07-13,1.23,1.23,1.2,1.22,1.22,47797,0.0000,1.0
2018-07-12,1.23,1.23,1.2,1.2,1.2,158480,0.0000,1.0
2018-07-11,1.23,1.23,1.21,1.23,1.23,37960,0.0000,1.0
2018-07-10,1.28,1.28,1.22,1.22,1.22,44950,0.0000,1.0
2018-07-09,1.26,1.2899,1.24,1.24,1.24,90936,0.0000,1.0
2018-07-06,1.24,1.2537,1.23,1.25,1.25,30665,0.0000,1.0
2018-07-05,1.21,1.22,1.2,1.21,1.21,43730,0.0000,1.0
2018-07-03,1.22,1.2596,1.21,1.21,1.21,21025,0.0000,1.0
2018-07-02,1.26,1.26,1.22,1.22,1.22,26762,0.0000,1.0
2018-06-29,1.22,1.26,1.22,1.26,1.26,20555,0.0000,1.0
2018-06-28,1.22,1.27,1.22,1.22,1.22,35894,0.0000,1.0
2018-06-27,1.25,1.31,1.22,1.22,1.22,65717,0.0000,1.0
2018-06-26,1.25,1.34,1.25,1.28,1.28,153857,0.0000,1.0
2018-06-25,1.32,1.33,1.25,1.26,1.26,50538,0.0000,1.0
2018-06-22,1.27,1.33,1.25,1.33,1.33,96655,0.0000,1.0
2018-06-21,1.28,1.3,1.26,1.28,1.28,18991,0.0000,1.0
2018-06-20,1.28,1.3,1.27,1.28,1.28,16922,0.0000,1.0
2018-06-19,1.26,1.31,1.26,1.26,1.26,61468,0.0000,1.0
2018-06-18,1.27,1.32,1.26,1.26,1.26,36059,0.0000,1.0
2018-06-15,1.34,1.35,1.25,1.3,1.3,88213,0.0000,1.0
2018-06-14,1.33,1.38,1.33,1.37,1.37,8991,0.0000,1.0
2018-06-13,1.35,1.41,1.335,1.3399,1.3399,36213,0.0000,1.0
2018-06-12,1.3551,1.37,1.35,1.35,1.35,36764,0.0000,1.0
2018-06-11,1.34,1.37,1.34,1.35,1.35,5998,0.0000,1.0
2018-06-08,1.36,1.38,1.33,1.35,1.35,10096,0.0000,1.0
2018-06-07,1.36,1.38,1.36,1.3698,1.3698,13464,0.0000,1.0
2018-06-06,1.36,1.39,1.35,1.35,1.35,13263,0.0000,1.0
2018-06-05,1.35,1.39,1.3499,1.3799,1.3799,18133,0.0000,1.0
2018-06-04,1.45,1.45,1.35,1.35,1.35,29825,0.0000,1.0
2018-06-01,1.4415,1.45,1.41,1.45,1.45,23434,0.0000,1.0
2018-05-31,1.42,1.48,1.41,1.43,1.43,68427,0.0000,1.0
2018-05-30,1.47,1.5,1.41,1.41,1.41,39486,0.0000,1.0
2018-05-29,1.5,1.52,1.45,1.45,1.45,30237,0.0000,1.0
2018-05-25,1.53,1.53,1.48,1.51,1.51,29299,0.0000,1.0
2018-05-24,1.53,1.53,1.48,1.53,1.53,27553,0.0000,1.0
2018-05-23,1.49,1.5,1.47,1.5,1.5,11769,0.0000,1.0
2018-05-22,1.505,1.52,1.5,1.52,1.52,7318,0.0000,1.0
2018-05-21,1.5367,1.54,1.5,1.53,1.53,8126,0.0000,1.0
2018-05-18,1.5,1.54,1.5,1.54,1.54,15339,0.0000,1.0
2018-05-17,1.49,1.52,1.48,1.51,1.51,9468,0.0000,1.0
2018-05-16,1.49,1.53,1.48,1.48,1.48,17358,0.0000,1.0
2018-05-15,1.5,1.51,1.485,1.5,1.5,57642,0.0000,1.0
2018-05-14,1.45,1.51,1.42,1.51,1.51,123592,0.0000,1.0
2018-05-11,1.38,1.4491,1.38,1.44,1.44,67470,0.0000,1.0
2018-05-10,1.46,1.49,1.37,1.39,1.39,93049,0.0000,1.0
2018-05-09,1.48,1.5,1.46,1.47,1.47,19421,0.0000,1.0
2018-05-08,1.5,1.5079,1.47,1.48,1.48,11908,0.0000,1.0
2018-05-07,1.5,1.52,1.485,1.485,1.485,32198,0.0000,1.0
2018-05-04,1.49,1.52,1.49,1.5,1.5,49561,0.0000,1.0
2018-05-03,1.52,1.55,1.49,1.5,1.5,69630,0.0000,1.0
2018-05-02,1.56,1.6,1.55,1.55,1.55,28396,0.0000,1.0
2018-05-01,1.586,1.59,1.45,1.59,1.59,60476,0.0000,1.0
2018-04-30,1.64,1.641,1.58,1.6,1.6,38338,0.0000,1.0
2018-04-27,1.62,1.64,1.62,1.64,1.64,46366,0.0000,1.0
2018-04-26,1.6286,1.63,1.62,1.62,1.62,45601,0.0000,1.0
2018-04-25,1.64,1.64,1.61,1.63,1.63,55061,0.0000,1.0
2018-04-24,1.6,1.63,1.6,1.6283,1.6283,56139,0.0000,1.0
2018-04-23,1.59,1.63,1.5732,1.6001,1.6001,43253,0.0000,1.0
2018-04-20,1.58,1.59,1.56,1.59,1.59,31339,0.0000,1.0
2018-04-19,1.55,1.58,1.5499,1.57,1.57,53304,0.0000,1.0
2018-04-18,1.55,1.55,1.54,1.54,1.54,62548,0.0000,1.0
2018-04-17,1.49,1.55,1.49,1.55,1.55,44678,0.0000,1.0
2018-04-16,1.5,1.5,1.49,1.5,1.5,20304,0.0000,1.0
2018-04-13,1.46,1.49,1.46,1.49,1.49,20400,0.0000,1.0
2018-04-12,1.46,1.48,1.46,1.46,1.46,35624,0.0000,1.0
2018-04-11,1.47,1.5,1.461,1.47,1.47,53200,0.0000,1.0
2018-04-10,1.47,1.48,1.46,1.46,1.46,22374,0.0000,1.0
2018-04-09,1.45,1.47,1.44,1.47,1.47,18894,0.0000,1.0
2018-04-06,1.44,1.45,1.44,1.44,1.44,11350,0.0000,1.0
2018-04-05,1.43,1.4499,1.43,1.44,1.44,34101,0.0000,1.0
2018-04-04,1.42,1.46,1.42,1.44,1.44,29220,0.0000,1.0
2018-04-03,1.43,1.44,1.42,1.42,1.42,8282,0.0000,1.0
2018-04-02,1.41,1.44,1.41,1.4386,1.4386,17291,0.0000,1.0
2018-03-29,1.42,1.42,1.41,1.41,1.41,9334,0.0000,1.0
2018-03-28,1.41,1.42,1.39,1.42,1.42,31880,0.0000,1.0
2018-03-27,1.41,1.44,1.4,1.4,1.4,26207,0.0000,1.0
2018-03-26,1.39,1.44,1.38,1.41,1.41,52552,0.0000,1.0
2018-03-23,1.36,1.4,1.35,1.39,1.39,75325,0.0000,1.0
2018-03-22,1.32,1.41,1.32,1.35,1.35,144115,0.0000,1.0
2018-03-21,1.31,1.36,1.29,1.35,1.35,37557,0.0000,1.0
2018-03-20,1.32,1.35,1.3,1.33,1.33,19607,0.0000,1.0
2018-03-19,1.34,1.34,1.291,1.33,1.33,15900,0.0000,1.0
2018-03-16,1.33,1.33,1.29,1.33,1.33,37041,0.0000,1.0
2018-03-15,1.33,1.33,1.3,1.33,1.33,21548,0.0000,1.0
2018-03-14,1.3137,1.34,1.3007,1.33,1.33,16256,0.0000,1.0
2018-03-13,1.3,1.34,1.291,1.33,1.33,24272,0.0000,1.0
2018-03-12,1.29,1.32,1.28,1.28,1.28,28094,0.0000,1.0
2018-03-09,1.35,1.35,1.28,1.32,1.32,45660,0.0000,1.0
2018-03-08,1.3,1.35,1.3,1.35,1.35,47100,0.0000,1.0
2018-03-07,1.27,1.32,1.26,1.26,1.26,15301,0.0000,1.0
2018-03-06,1.3,1.34,1.27,1.27,1.27,29606,0.0000,1.0
2018-03-05,1.29,1.3024,1.2601,1.28,1.28,16204,0.0000,1.0
2018-03-02,1.25,1.295,1.24,1.29,1.29,15783,0.0000,1.0
2018-03-01,1.23,1.25,1.22,1.24,1.24,23426,0.0000,1.0
2018-02-28,1.28,1.28,1.26,1.27,1.27,6244,0.0000,1.0
2018-02-27,1.36,1.36,1.24,1.28,1.28,33451,0.0000,1.0
2018-02-26,1.29,1.36,1.26,1.36,1.36,64060,0.0000,1.0
2018-02-23,1.231,1.2851,1.23,1.28,1.28,39547,0.0000,1.0
2018-02-22,1.211,1.249,1.211,1.23,1.23,17372,0.0000,1.0
2018-02-21,1.22,1.25,1.21,1.23,1.23,26431,0.0000,1.0
2018-02-20,1.25,1.27,1.18,1.23,1.23,62197,0.0000,1.0
2018-02-16,1.28,1.3201,1.261,1.27,1.27,179322,0.0000,1.0
2018-02-15,1.2749,1.29,1.26,1.29,1.29,35822,0.0000,1.0
2018-02-14,1.2401,1.28,1.24,1.28,1.28,67996,0.0000,1.0
2018-02-13,1.2102,1.24,1.2,1.23,1.23,28721,0.0000,1.0
2018-02-12,1.18,1.25,1.18,1.2,1.2,134428,0.0000,1.0
2018-02-09,1.25,1.256,1.22,1.23,1.23,47986,0.0000,1.0
2018-02-08,1.26,1.2699,1.23,1.26,1.26,29319,0.0000,1.0
2018-02-07,1.24,1.26,1.22,1.25,1.25,67638,0.0000,1.0
2018-02-06,1.23,1.28,1.22,1.24,1.24,67300,0.0000,1.0
2018-02-05,1.26,1.3,1.25,1.2599,1.2599,100871,0.0000,1.0
2018-02-02,1.34,1.34,1.28,1.3199,1.3199,143654,0.0000,1.0
2018-02-01,1.34,1.35,1.32,1.33,1.33,43554,0.0000,1.0
2018-01-31,1.33,1.35,1.31,1.32,1.32,36024,0.0000,1.0
2018-01-30,1.32,1.35,1.31,1.33,1.33,68200,0.0000,1.0
2018-01-29,1.33,1.34,1.3,1.31,1.31,55367,0.0000,1.0
2018-01-26,1.33,1.38,1.33,1.37,1.37,117903,0.0000,1.0
2018-01-25,1.38,1.4,1.34,1.36,1.36,192472,0.0000,1.0
2018-01-24,1.35,1.38,1.34,1.35,1.35,156967,0.0000,1.0
2018-01-23,1.29,1.34,1.26,1.33,1.33,60609,0.0000,1.0
2018-01-22,1.3,1.31,1.28,1.3,1.3,37488,0.0000,1.0
2018-01-19,1.33,1.35,1.27,1.3,1.3,111450,0.0000,1.0
2018-01-18,1.29,1.33,1.25,1.33,1.33,202841,0.0000,1.0
2018-01-17,1.2965,1.3,1.27,1.2736,1.2736,52132,0.0000,1.0
2018-01-16,1.3,1.3061,1.28,1.3,1.3,51082,0.0000,1.0
2018-01-12,1.28,1.33,1.28,1.297,1.297,90646,0.0000,1.0
2018-01-11,1.26,1.3,1.26,1.295,1.295,25946,0.0000,1.0
2018-01-10,1.27,1.29,1.24,1.25,1.25,103620,0.0000,1.0
2018-01-09,1.27,1.285,1.2638,1.28,1.28,83870,0.0000,1.0
2018-01-08,1.29,1.29,1.27,1.27,1.27,36678,0.0000,1.0
2018-01-05,1.27,1.29,1.24,1.29,1.29,60703,0.0000,1.0
2018-01-04,1.28,1.2849,1.2501,1.27,1.27,52243,0.0000,1.0
2018-01-03,1.31,1.31,1.25,1.28,1.28,20127,0.0000,1.0
2018-01-02,1.3,1.32,1.28,1.28,1.28,40053,0.0000,1.0
2017-12-29,1.34,1.34,1.2548,1.3,1.3,49904,0.0000,1.0
2017-12-28,1.28,1.33,1.22,1.3249,1.3249,42895,0.0000,1.0
2017-12-27,1.2411,1.3,1.24,1.29,1.29,48145,0.0000,1.0
2017-12-26,1.24,1.26,1.22,1.24,1.24,72182,0.0000,1.0
2017-12-22,1.23,1.25,1.22,1.25,1.25,34785,0.0000,1.0
2017-12-21,1.26,1.26,1.22,1.2399,1.2399,47890,0.0000,1.0
2017-12-20,1.249,1.2501,1.23,1.24,1.24,44727,0.0000,1.0
2017-12-19,1.25,1.26,1.24,1.24,1.24,79575,0.0000,1.0
2017-12-18,1.259,1.28,1.25,1.25,1.25,57067,0.0000,1.0
2017-12-15,1.26,1.27,1.24,1.27,1.27,34226,0.0000,1.0
2017-12-14,1.26,1.2927,1.25,1.25,1.25,23079,0.0000,1.0
2017-12-13,1.23,1.2699,1.23,1.24,1.24,54056,0.0000,1.0
2017-12-12,1.29,1.29,1.24,1.25,1.25,57119,0.0000,1.0
2017-12-11,1.28,1.32,1.27,1.29,1.29,40580,0.0000,1.0
2017-12-08,1.25,1.28,1.22,1.28,1.28,11342,0.0000,1.0
2017-12-07,1.22,1.25,1.22,1.24,1.24,42355,0.0000,1.0
2017-12-06,1.23,1.27,1.23,1.27,1.27,60239,0.0000,1.0
2017-12-05,1.25,1.28,1.2,1.28,1.28,106056,0.0000,1.0
2017-12-04,1.28,1.29,1.25,1.29,1.29,24701,0.0000,1.0
2017-12-01,1.26,1.29,1.25,1.29,1.29,43030,0.0000,1.0
2017-11-30,1.32,1.32,1.2576,1.27,1.27,26085,0.0000,1.0
2017-11-29,1.33,1.34,1.27,1.33,1.33,65415,0.0000,1.0
2017-11-28,1.35,1.43,1.31,1.32,1.32,260091,0.0000,1.0
2017-11-27,1.25,1.35,1.23,1.35,1.35,279874,0.0000,1.0
2017-11-24,1.21,1.25,1.21,1.25,1.25,10592,0.0000,1.0
2017-11-22,1.22,1.24,1.2,1.21,1.21,55578,0.0000,1.0
2017-11-21,1.213,1.249,1.211,1.22,1.22,92683,0.0000,1.0
2017-11-20,1.25,1.25,1.19,1.219,1.219,52714,0.0000,1.0
2017-11-17,1.21,1.23,1.19,1.23,1.23,76588,0.0000,1.0
2017-11-16,1.18,1.22,1.18,1.21,1.21,33267,0.0000,1.0
2017-11-15,1.18,1.2,1.18,1.19,1.19,34664,0.0000,1.0
2017-11-14,1.19,1.22,1.19,1.21,1.21,65080,0.0000,1.0
2017-11-13,1.29,1.29,1.18,1.19,1.19,102278,0.0000,1.0
2017-11-10,1.23,1.26,1.2,1.2,1.2,101866,0.0000,1.0
2017-11-09,1.2,1.22,1.17,1.2,1.2,48189,0.0000,1.0
2017-11-08,1.2,1.25,1.2,1.2,1.2,33633,0.0000,1.0
2017-11-07,1.23,1.25,1.18,1.21,1.21,55691,0.0000,1.0
2017-11-06,1.27,1.27,1.2,1.24,1.24,41117,0.0000,1.0
2017-11-03,1.2,1.27,1.19,1.24,1.24,21102,0.0000,1.0
2017-11-02,1.23,1.24,1.2,1.21,1.21,26710,0.0000,1.0
2017-11-01,1.21,1.257,1.16,1.2,1.2,159908,0.0000,1.0
2017-10-31,1.21,1.22,1.19,1.21,1.21,30765,0.0000,1.0
2017-10-30,1.23,1.26,1.21,1.22,1.22,46452,0.0000,1.0
2017-10-27,1.23,1.25,1.21,1.24,1.24,30778,0.0000,1.0
2017-10-26,1.24,1.243,1.21,1.22,1.22,36805,0.0000,1.0
2017-10-25,1.24,1.26,1.19,1.24,1.24,80883,0.0000,1.0
2017-10-24,1.27,1.29,1.23,1.24,1.24,80389,0.0000,1.0
2017-10-23,1.25,1.29,1.19,1.28,1.28,110481,0.0000,1.0
2017-10-20,1.3,1.3,1.22,1.26,1.26,68550,0.0000,1.0
2017-10-19,1.25,1.32,1.201,1.31,1.31,124381,0.0000,1.0
2017-10-18,1.31,1.31,1.23,1.27,1.27,110866,0.0000,1.0
2017-10-17,1.27,1.32,1.27,1.305,1.305,68279,0.0000,1.0
2017-10-16,1.36,1.36,1.26,1.26,1.26,257815,0.0000,1.0
2017-10-13,1.37,1.37,1.3,1.3,1.3,98154,0.0000,1.0
2017-10-12,1.35,1.35,1.32,1.33,1.33,24064,0.0000,1.0
2017-10-11,1.38,1.38,1.32,1.36,1.36,46584,0.0000,1.0
2017-10-10,1.38,1.39,1.3,1.36,1.36,205939,0.0000,1.0
2017-10-09,1.37,1.415,1.31,1.38,1.38,131153,0.0000,1.0
2017-10-06,1.38,1.39,1.3,1.36,1.36,205188,0.0000,1.0
2017-10-05,1.43,1.444,1.36,1.36,1.36,110484,0.0000,1.0
2017-10-04,1.5,1.5,1.42,1.42,1.42,96890,0.0000,1.0
2017-10-03,1.42,1.5,1.41,1.46,1.46,83472,0.0000,1.0
2017-10-02,1.64,1.64,1.563,1.569,1.569,9282,0.0000,1.0
2017-09-29,1.6,1.6,1.57,1.57,1.57,9127,0.0000,1.0
2017-09-28,1.57,1.64,1.57,1.58,1.58,3959,0.0000,1.0
2017-09-27,1.61,1.689,1.56,1.57,1.57,50368,0.0000,1.0
2017-09-26,1.7,1.701,1.601,1.7,1.7,6087,0.0000,1.0
2017-09-25,1.7,1.71,1.634,1.69,1.69,31355,0.0000,1.0
2017-09-22,1.65,1.7,1.57,1.7,1.7,44547,0.0000,1.0
2017-09-21,1.63,1.67,1.56,1.6,1.6,44702,0.0000,1.0
2017-09-20,1.76,1.76,1.6,1.67,1.67,23769,0.0000,1.0
2017-09-19,1.71,1.766,1.68,1.72,1.72,26583,0.0000,1.0
2017-09-18,1.53,1.7,1.53,1.69,1.69,56539,0.0000,1.0
2017-09-15,1.76,1.77,1.42,1.42,1.42,41785,0.0000,1.0
2017-09-14,1.75,1.77,1.7,1.75,1.75,41382,0.0000,1.0
2017-09-13,1.75,1.77,1.72,1.77,1.77,71843,0.0000,1.0
2017-09-12,1.78,1.78,1.71,1.77,1.77,40062,0.0000,1.0
2017-09-11,1.72,1.8,1.72,1.78,1.78,39737,0.0000,1.0
2017-09-08,1.74,1.76,1.7,1.74,1.74,46649,0.0000,1.0
2017-09-07,1.75,1.78,1.73,1.78,1.78,161076,0.0000,1.0
2017-09-06,1.77,1.77,1.67,1.72,1.72,124125,0.0000,1.0
2017-09-05,1.58,1.79,1.58,1.75,1.75,146934,0.0000,1.0
2017-09-01,1.52,1.6,1.5125,1.58,1.58,71219,0.0000,1.0
2017-08-31,1.58,1.58,1.51,1.53,1.53,49870,0.0000,1.0
2017-08-30,1.52,1.57,1.47,1.53,1.53,24386,0.0000,1.0
2017-08-29,1.53,1.58,1.47,1.5,1.5,58093,0.0000,1.0
2017-08-28,1.56,1.58,1.51,1.51,1.51,44893,0.0000,1.0
2017-08-25,1.51,1.56,1.49,1.559,1.559,29283,0.0000,1.0
2017-08-24,1.52,1.54,1.52,1.52,1.52,18583,0.0000,1.0
2017-08-23,1.53,1.55,1.53,1.54,1.54,6739,0.0000,1.0
2017-08-22,1.52,1.54,1.52,1.53,1.53,12953,0.0000,1.0
2017-08-21,1.54,1.56,1.53,1.55,1.55,20823,0.0000,1.0
2017-08-18,1.55,1.56,1.53,1.55,1.55,28558,0.0000,1.0
2017-08-17,1.53,1.55,1.49,1.55,1.55,84950,0.0000,1.0
2017-08-16,1.48,1.49,1.44,1.49,1.49,14988,0.0000,1.0
2017-08-15,1.418,1.4899,1.418,1.45,1.45,20356,0.0000,1.0
2017-08-14,1.5,1.5,1.42,1.44,1.44,41233,0.0000,1.0
2017-08-11,1.45,1.4599,1.43,1.439,1.439,7056,0.0000,1.0
2017-08-10,1.46,1.48,1.41,1.46,1.46,22251,0.0000,1.0
2017-08-09,1.44,1.44,1.39,1.4,1.4,28355,0.0000,1.0
2017-08-08,1.44,1.44,1.387,1.44,1.44,28751,0.0000,1.0
2017-08-07,1.44,1.476,1.41,1.45,1.45,24669,0.0000,1.0
2017-08-04,1.41,1.5,1.4,1.46,1.46,30875,0.0000,1.0
2017-08-03,1.4,1.44,1.398,1.41,1.41,40028,0.0000,1.0
2017-08-02,1.5,1.5,1.41,1.41,1.41,20005,0.0000,1.0
2017-08-01,1.5,1.51,1.46,1.47,1.47,8093,0.0000,1.0
2017-07-31,1.45,1.51,1.45,1.51,1.51,14845,0.0000,1.0
2017-07-28,1.49,1.49,1.45,1.49,1.49,24535,0.0000,1.0
2017-07-27,1.5,1.55,1.46,1.49,1.49,21916,0.0000,1.0
2017-07-26,1.46,1.57,1.45,1.5,1.5,13080,0.0000,1.0
2017-07-25,1.52,1.57,1.47,1.47,1.47,9958,0.0000,1.0
2017-07-24,1.55,1.57,1.53,1.53,1.53,7732,0.0000,1.0
2017-07-21,1.55,1.57,1.523,1.57,1.57,9856,0.0000,1.0
2017-07-20,1.557,1.562,1.52,1.53,1.53,17008,0.0000,1.0
2017-07-19,1.54,1.57,1.51,1.52,1.52,30026,0.0000,1.0
2017-07-18,1.451,1.56,1.451,1.5499,1.5499,38514,0.0000,1.0
2017-07-17,1.47,1.53,1.44,1.44,1.44,42061,0.0000,1.0
2017-07-14,1.43,1.5,1.39,1.43,1.43,62314,0.0000,1.0
2017-07-13,1.43,1.44,1.39,1.43,1.43,47735,0.0000,1.0
2017-07-12,1.419,1.54,1.39,1.46,1.46,67322,0.0000,1.0
2017-07-11,1.39,1.45,1.39,1.39,1.39,24056,0.0000,1.0
2017-07-10,1.4,1.42,1.38,1.4,1.4,34966,0.0000,1.0
2017-07-07,1.47,1.47,1.395,1.41,1.41,37065,0.0000,1.0
2017-07-06,1.45,1.4899,1.44,1.45,1.45,10316,0.0000,1.0
2017-07-05,1.45,1.486,1.44,1.46,1.46,16035,0.0000,1.0
2017-07-03,1.53,1.54,1.43,1.49,1.49,23193,0.0000,1.0
2017-06-30,1.53,1.57,1.51,1.54,1.54,43206,0.0000,1.0
2017-06-29,1.53,1.57,1.51,1.55,1.55,19141,0.0000,1.0
2017-06-28,1.57,1.58,1.51,1.54,1.54,68373,0.0000,1.0
2017-06-27,1.572,1.58,1.53,1.55,1.55,19233,0.0000,1.0
2017-06-26,1.62,1.62,1.55,1.58,1.58,69854,0.0000,1.0
2017-06-23,1.58,1.59,1.543,1.59,1.59,39961,0.0000,1.0
2017-06-22,1.58,1.58,1.55,1.57,1.57,6197,0.0000,1.0
2017-06-21,1.58,1.59,1.55,1.59,1.59,18990,0.0000,1.0
2017-06-20,1.58,1.59,1.55,1.55,1.55,25089,0.0000,1.0
2017-06-19,1.562,1.62,1.562,1.58,1.58,20910,0.0000,1.0
2017-06-16,1.57,1.59,1.55,1.55,1.55,32111,0.0000,1.0
2017-06-15,1.6,1.612,1.55,1.55,1.55,122172,0.0000,1.0
2017-06-14,1.5,1.59,1.5,1.56,1.56,51461,0.0000,1.0
2017-06-13,1.45,1.53,1.43,1.52,1.52,56483,0.0000,1.0
2017-06-12,1.54,1.54,1.36,1.51,1.51,71285,0.0000,1.0
2017-06-09,1.52,1.57,1.5,1.52,1.52,18083,0.0000,1.0
2017-06-08,1.55,1.57,1.48,1.54,1.54,80921,0.0000,1.0
2017-06-07,1.59,1.59,1.4,1.57,1.57,113394,0.0000,1.0
2017-06-06,1.543,1.59,1.51,1.57,1.57,32676,0.0000,1.0
2017-06-05,1.59,1.59,1.53,1.56,1.56,10401,0.0000,1.0
2017-06-02,1.55,1.57,1.51,1.57,1.57,23739,0.0000,1.0
2017-06-01,1.55,1.566,1.51,1.53,1.53,20089,0.0000,1.0
2017-05-31,1.53,1.554,1.53,1.554,1.554,12545,0.0000,1.0
2017-05-30,1.6,1.6,1.53,1.55,1.55,26331,0.0000,1.0
2017-05-26,1.55,1.61,1.55,1.61,1.61,21194,0.0000,1.0
2017-05-25,1.55,1.6,1.55,1.59,1.59,8415,0.0000,1.0
2017-05-24,1.58,1.589,1.531,1.55,1.55,22505,0.0000,1.0
2017-05-23,1.6,1.6,1.56,1.6,1.6,9723,0.0000,1.0
2017-05-22,1.6,1.622,1.56,1.61,1.61,11091,0.0000,1.0
2017-05-19,1.55,1.64,1.534,1.61,1.61,40797,0.0000,1.0
2017-05-18,1.55,1.59,1.55,1.583,1.583,14644,0.0000,1.0
2017-05-17,1.61,1.65,1.55,1.55,1.55,37181,0.0000,1.0
2017-05-16,1.62,1.625,1.54,1.6,1.6,37966,0.0000,1.0
2017-05-15,1.65,1.65,1.58,1.63,1.63,38152,0.0000,1.0
2017-05-12,1.57,1.65,1.57,1.65,1.65,44010,0.0000,1.0
2017-05-11,1.58,1.61,1.57,1.59,1.59,7584,0.0000,1.0
2017-05-10,1.57,1.616,1.56,1.59,1.59,11384,0.0000,1.0
2017-05-09,1.55,1.613,1.53,1.6,1.6,62753,0.0000,1.0
2017-05-08,1.56,1.57,1.56,1.57,1.57,9851,0.0000,1.0
2017-05-05,1.55,1.58,1.55,1.57,1.57,4869,0.0000,1.0
2017-05-04,1.53,1.57,1.52,1.55,1.55,30767,0.0000,1.0
2017-05-03,1.61,1.67,1.522,1.522,1.522,35677,0.0000,1.0
2017-05-02,1.6,1.63,1.59,1.61,1.61,19377,0.0000,1.0
2017-05-01,1.62,1.622,1.6,1.619,1.619,22649,0.0000,1.0
2017-04-28,1.67,1.67,1.61,1.64,1.64,50614,0.0000,1.0
2017-04-27,1.68,1.68,1.61,1.61,1.61,5518,0.0000,1.0
2017-04-26,1.63,1.75,1.6,1.7,1.7,56154,0.0000,1.0
2017-04-25,1.65,1.66,1.6,1.65,1.65,27183,0.0000,1.0
2017-04-24,1.69,1.69,1.65,1.66,1.66,17340,0.0000,1.0
2017-04-21,1.7,1.7,1.65,1.65,1.65,110072,0.0000,1.0
2017-04-20,1.7,1.72,1.67,1.69,1.69,7713,0.0000,1.0
2017-04-19,1.65,1.74,1.65,1.71,1.71,58017,0.0000,1.0
2017-04-18,1.72,1.72,1.65,1.65,1.65,42290,0.0000,1.0
2017-04-17,1.76,1.798,1.71,1.71,1.71,45750,0.0000,1.0
2017-04-13,1.77,1.83,1.75,1.8,1.8,64083,0.0000,1.0
2017-04-12,1.75,1.75,1.71,1.747,1.747,28756,0.0000,1.0
2017-04-11,1.63,1.75,1.63,1.71,1.71,86192,0.0000,1.0
2017-04-10,1.61,1.68,1.56,1.65,1.65,34409,0.0000,1.0
2017-04-07,1.66,1.69,1.61,1.65,1.65,19958,0.0000,1.0
2017-04-06,1.63,1.655,1.6,1.61,1.61,2972,0.0000,1.0
2017-04-05,1.65,1.67,1.61,1.63,1.63,49643,0.0000,1.0
2017-04-04,1.71,1.73,1.647,1.65,1.65,59343,0.0000,1.0
2017-04-03,1.7,1.7,1.64,1.67,1.67,22592,0.0000,1.0
2017-03-31,1.64,1.704,1.61,1.67,1.67,64542,0.0000,1.0
2017-03-30,1.612,1.63,1.6,1.62,1.62,41571,0.0000,1.0
2017-03-29,1.62,1.64,1.62,1.64,1.64,21723,0.0000,1.0
2017-03-28,1.634,1.64,1.59,1.6,1.6,45467,0.0000,1.0
2017-03-27,1.66,1.68,1.6,1.65,1.65,76681,0.0000,1.0
2017-03-24,1.65,1.65,1.61,1.63,1.63,32397,0.0000,1.0
2017-03-23,1.62,1.65,1.6,1.611,1.611,5035,0.0000,1.0
2017-03-22,1.65,1.68,1.62,1.66,1.66,30652,0.0000,1.0
2017-03-21,1.66,1.69,1.6,1.61,1.61,73429,0.0000,1.0
2017-03-20,1.67,1.708,1.6,1.69,1.69,10100,0.0000,1.0
2017-03-17,1.7,1.7,1.63,1.63,1.63,27562,0.0000,1.0
2017-03-16,1.71,1.73,1.58,1.72,1.72,40350,0.0000,1.0
2017-03-15,1.64,1.72,1.57,1.66,1.66,70860,0.0000,1.0
2017-03-14,1.74,1.74,1.61,1.67,1.67,38360,0.0000,1.0
2017-03-13,1.67,1.75,1.65,1.75,1.75,26003,0.0000,1.0
2017-03-10,1.63,1.738,1.6,1.65,1.65,27574,0.0000,1.0
2017-03-09,1.66,1.74,1.65,1.66,1.66,34422,0.0000,1.0
2017-03-08,1.57,1.75,1.57,1.75,1.75,33220,0.0000,1.0
2017-03-07,1.72,1.736,1.57,1.62,1.62,132566,0.0000,1.0
2017-03-06,1.78,1.78,1.69,1.76,1.76,67936,0.0000,1.0
2017-03-03,1.73,1.763,1.71,1.75,1.75,85853,0.0000,1.0
2017-03-02,1.73,1.81,1.72,1.74,1.74,41547,0.0000,1.0
2017-03-01,1.75,1.79,1.72,1.77,1.77,37075,0.0000,1.0
2017-02-28,1.76,1.84,1.75,1.75,1.75,69510,0.0000,1.0
2017-02-27,1.9,1.94,1.75,1.79,1.79,134247,0.0000,1.0
2017-02-24,1.95,1.97,1.89,1.89,1.89,53385,0.0000,1.0
2017-02-23,2.03,2.034,1.88,1.96,1.96,56716,0.0000,1.0
2017-02-22,2.05,2.05,1.96,1.98,1.98,62794,0.0000,1.0
2017-02-21,1.98,2.05,1.9,2.04,2.04,66267,0.0000,1.0
2017-02-17,1.94,1.994,1.89,1.94,1.94,55568,0.0000,1.0
2017-02-16,2.02,2.02,1.83,1.9,1.9,221585,0.0000,1.0
2017-02-15,1.99,2.05,1.98,2.0,2.0,23913,0.0000,1.0
2017-02-14,2.05,2.05,2.0,2.02,2.02,37284,0.0000,1.0
2017-02-13,2.07,2.09,1.98,2.05,2.05,98560,0.0000,1.0
2017-02-10,1.9,2.1,1.9,2.09,2.09,223424,0.0000,1.0
2017-02-09,1.92,1.93,1.86,1.92,1.92,124111,0.0000,1.0
2017-02-08,1.95,1.96,1.86,1.93,1.93,152508,0.0000,1.0
2017-02-07,1.87,1.94,1.787,1.9,1.9,158371,0.0000,1.0
2017-02-06,1.77,1.87,1.77,1.87,1.87,112564,0.0000,1.0
2017-02-03,1.76,1.81,1.76,1.79,1.79,44880,0.0000,1.0
2017-02-02,1.794,1.82,1.74,1.79,1.79,79653,0.0000,1.0
2017-02-01,1.79,1.8,1.741,1.78,1.78,33370,0.0000,1.0
2017-01-31,1.78,1.8,1.7551,1.79,1.79,43922,0.0000,1.0
2017-01-30,1.79,1.82,1.74,1.76,1.76,72948,0.0000,1.0
2017-01-27,1.75,1.78,1.72,1.78,1.78,13856,0.0000,1.0
2017-01-26,1.78,1.78,1.73,1.74,1.74,25078,0.0000,1.0
2017-01-25,1.75,1.8,1.7,1.78,1.78,98509,0.0000,1.0
2017-01-24,1.7901,1.7901,1.75,1.77,1.77,27541,0.0000,1.0
2017-01-23,1.79,1.8,1.71,1.8,1.8,40964,0.0000,1.0
2017-01-20,1.7,1.75,1.6985,1.74,1.74,26129,0.0000,1.0
2017-01-19,1.73,1.75,1.7,1.71,1.71,55408,0.0000,1.0
2017-01-18,1.82,1.82,1.74,1.74,1.74,44993,0.0000,1.0
2017-01-17,1.78,1.82,1.7416,1.82,1.82,69158,0.0000,1.0
2017-01-13,1.81,1.81,1.7342,1.76,1.76,69511,0.0000,1.0
2017-01-12,1.87,1.87,1.75,1.8,1.8,33068,0.0000,1.0
2017-01-11,1.75,1.855,1.75,1.83,1.83,47846,0.0000,1.0
2017-01-10,1.8,1.82,1.75,1.75,1.75,33058,0.0000,1.0
2017-01-09,1.8,1.82,1.75,1.82,1.82,57324,0.0000,1.0
2017-01-06,1.87,1.87,1.72,1.82,1.82,42715,0.0000,1.0
2017-01-05,1.79,1.94,1.79,1.88,1.88,103291,0.0000,1.0
2017-01-04,1.78,1.83,1.7027,1.73,1.73,34240,0.0000,1.0
2017-01-03,1.75,1.76,1.7,1.76,1.76,23287,0.0000,1.0
2016-12-30,1.76,1.78,1.71,1.78,1.78,47311,0.0000,1.0
2016-12-29,1.67,1.78,1.67,1.76,1.76,44742,0.0000,1.0
2016-12-28,1.66,1.68,1.64,1.68,1.68,13434,0.0000,1.0
2016-12-27,1.63,1.69,1.62,1.625,1.625,22490,0.0000,1.0
2016-12-23,1.71,1.724,1.65,1.66,1.66,39818,0.0000,1.0
2016-12-22,1.74,1.76,1.7,1.7,1.7,33669,0.0000,1.0
2016-12-21,1.8,1.8,1.71,1.7799,1.7799,36406,0.0000,1.0
2016-12-20,1.7,1.77,1.7,1.77,1.77,52458,0.0000,1.0
2016-12-19,1.77,1.84,1.7,1.73,1.73,46590,0.0000,1.0
2016-12-16,1.7,1.84,1.67,1.67,1.67,156382,0.0000,1.0
2016-12-15,1.63,1.72,1.63,1.68,1.68,68132,0.0000,1.0
2016-12-14,1.74,1.75,1.62,1.63,1.63,91760,0.0000,1.0
2016-12-13,1.67,1.74,1.62,1.73,1.73,65189,0.0000,1.0
2016-12-12,1.65,1.72,1.63,1.64,1.64,35407,0.0000,1.0
2016-12-09,1.9,1.9,1.62,1.62,1.62,110212,0.0000,1.0
2016-12-08,1.85,1.88,1.81,1.88,1.88,28563,0.0000,1.0
2016-12-07,1.8,1.91,1.76,1.81,1.81,115640,0.0000,1.0
2016-12-06,1.8,1.845,1.72,1.84,1.84,73358,0.0000,1.0
2016-12-05,1.7,1.8,1.68,1.8,1.8,69590,0.0000,1.0
2016-12-02,1.55,1.7299,1.55,1.7188,1.7188,110518,0.0000,1.0
2016-12-01,1.55,1.628,1.531,1.57,1.57,55958,0.0000,1.0
2016-11-30,1.62,1.63,1.56,1.62,1.62,31465,0.0000,1.0
2016-11-29,1.59,1.69,1.59,1.66,1.66,47295,0.0000,1.0
2016-11-28,1.6,1.7,1.5984,1.63,1.63,46392,0.0000,1.0
2016-11-25,1.6,1.65,1.5701,1.5701,1.5701,21881,0.0000,1.0
2016-11-23,1.65,1.68,1.56,1.6,1.6,116708,0.0000,1.0
2016-11-22,1.63,1.7227,1.63,1.6701,1.6701,35466,0.0000,1.0
2016-11-21,1.72,1.75,1.61,1.67,1.67,24796,0.0000,1.0
2016-11-18,1.6,1.74,1.51,1.74,1.74,92968,0.0000,1.0
2016-11-17,1.6415,1.75,1.6,1.65,1.65,35369,0.0000,1.0
2016-11-16,1.62,1.7,1.62,1.65,1.65,22733,0.0000,1.0
2016-11-15,1.6288,1.7,1.55,1.66,1.66,62000,0.0000,1.0
2016-11-14,1.55,1.75,1.54,1.6,1.6,84638,0.0000,1.0
2016-11-11,1.658,1.6665,1.51,1.54,1.54,164006,0.0000,1.0
2016-11-10,1.7,1.71,1.65,1.68,1.68,118435,0.0000,1.0
2016-11-09,1.82,1.83,1.68,1.73,1.73,89205,0.0000,1.0
2016-11-08,1.8,1.8,1.71,1.735,1.735,13972,0.0000,1.0
2016-11-07,1.74,1.81,1.7,1.7699,1.7699,33884,0.0000,1.0
2016-11-04,1.84,1.84,1.72,1.72,1.72,15034,0.0000,1.0
2016-11-03,1.75,1.85,1.71,1.84,1.84,37265,0.0000,1.0
2016-11-02,1.85,1.86,1.72,1.7438,1.7438,92936,0.0000,1.0
2016-11-01,1.76,1.85,1.63,1.84,1.84,126331,0.0000,1.0
2016-10-31,1.79,1.79,1.72,1.75,1.75,40354,0.0000,1.0
2016-10-28,1.75,1.7799,1.75,1.7558,1.7558,44077,0.0000,1.0
2016-10-27,1.8,1.8,1.75,1.75,1.75,12250,0.0000,1.0
2016-10-26,1.8,1.827,1.77,1.78,1.78,35766,0.0000,1.0
2016-10-25,1.77,1.81,1.77,1.8,1.8,10405,0.0000,1.0
2016-10-24,1.84,1.84,1.75,1.7799,1.7799,27952,0.0000,1.0
2016-10-21,1.86,1.86,1.8,1.81,1.81,14329,0.0000,1.0
2016-10-20,1.8914,1.94,1.88,1.8803,1.8803,25667,0.0000,1.0
2016-10-19,1.842,1.8972,1.842,1.8728,1.8728,9608,0.0000,1.0
2016-10-18,1.84,1.9,1.78,1.9,1.9,20311,0.0000,1.0
2016-10-17,1.79,1.87,1.7601,1.83,1.83,30759,0.0000,1.0
2016-10-14,1.8,1.84,1.73,1.84,1.84,39733,0.0000,1.0
2016-10-13,1.8,1.83,1.75,1.8,1.8,32432,0.0000,1.0
2016-10-12,1.7986,1.82,1.72,1.79,1.79,19472,0.0000,1.0
2016-10-11,1.8,1.8399,1.75,1.75,1.75,25361,0.0000,1.0
2016-10-10,1.86,1.86,1.7901,1.83,1.83,16835,0.0000,1.0
2016-10-07,1.77,1.85,1.7501,1.85,1.85,58047,0.0000,1.0
2016-10-06,1.77,1.82,1.65,1.76,1.76,130584,0.0000,1.0
2016-10-05,1.92,1.92,1.75,1.77,1.77,136259,0.0000,1.0
2016-10-04,2.02,2.0201,1.85,1.93,1.93,216953,0.0000,1.0
2016-10-03,2.0512,2.1,2.0201,2.08,2.08,37594,0.0000,1.0
2016-09-30,2.07,2.1,1.94,2.01,2.01,93125,0.0000,1.0
2016-09-29,2.08,2.12,1.9376,2.055,2.055,48027,0.0000,1.0
2016-09-28,2.1,2.13,1.97,2.11,2.11,63004,0.0000,1.0
2016-09-27,2.08,2.1022,1.93,2.06,2.06,47457,0.0000,1.0
2016-09-26,2.11,2.17,2.04,2.06,2.06,80112,0.0000,1.0
2016-09-23,2.15,2.16,2.04,2.12,2.12,83964,0.0000,1.0
2016-09-22,2.21,2.3,2.071,2.14,2.14,91006,0.0000,1.0
2016-09-21,2.07,2.21,2.07,2.19,2.19,169363,0.0000,1.0
2016-09-20,2.0814,2.11,2.03,2.07,2.07,23695,0.0000,1.0
2016-09-19,1.99,2.15,1.99,2.1,2.1,79749,0.0000,1.0
2016-09-16,2.1,2.14,1.95,1.95,1.95,57244,0.0000,1.0
2016-09-15,2.11,2.2,1.9,2.0848,2.0848,137183,0.0000,1.0
2016-09-14,2.11,2.28,2.1,2.126,2.126,67334,0.0000,1.0
2016-09-13,2.21,2.3,2.0965,2.12,2.12,89392,0.0000,1.0
2016-09-12,2.16,2.3,2.1,2.29,2.29,216601,0.0000,1.0
2016-09-09,2.06,2.15,2.03,2.09,2.09,120070,0.0000,1.0
2016-09-08,2.11,2.19,2.06,2.1,2.1,96444,0.0000,1.0
2016-09-07,2.23,2.23,2.0501,2.1,2.1,172385,0.0000,1.0
2016-09-06,1.93,2.2,1.92,2.15,2.15,403217,0.0000,1.0
2016-09-02,1.77,1.9,1.7201,1.9,1.9,123345,0.0000,1.0
2016-09-01,1.71,1.82,1.661,1.71,1.71,136180,0.0000,1.0
2016-08-31,1.61,1.75,1.5814,1.75,1.75,67946,0.0000,1.0
2016-08-30,1.75,1.7714,1.61,1.65,1.65,101324,0.0000,1.0
2016-08-29,1.7,1.799,1.6695,1.73,1.73,86387,0.0000,1.0
2016-08-26,1.78,1.82,1.63,1.7,1.7,115742,0.0000,1.0
2016-08-25,1.74,1.98,1.67,1.75,1.75,253207,0.0000,1.0
2016-08-24,1.81,1.94,1.67,1.73,1.73,210108,0.0000,1.0
2016-08-23,1.99,1.99,1.85,1.85,1.85,187006,0.0000,1.0
2016-08-22,1.97,2.01,1.92,2.0,2.0,111655,0.0000,1.0
2016-08-19,2.03,2.0924,1.91,2.0,2.0,175238,0.0000,1.0
2016-08-18,2.06,2.14,2.03,2.04,2.04,64096,0.0000,1.0
2016-08-17,2.11,2.11,1.93,2.07,2.07,124388,0.0000,1.0
2016-08-16,2.25,2.2699,2.11,2.14,2.14,111343,0.0000,1.0
2016-08-15,2.3,2.305,2.2,2.24,2.24,43266,0.0000,1.0
2016-08-12,2.35,2.3508,2.24,2.3,2.3,83537,0.0000,1.0
2016-08-11,2.32,2.32,2.21,2.3,2.3,113747,0.0000,1.0
2016-08-10,2.28,2.35,2.28,2.3,2.3,86659,0.0000,1.0
2016-08-09,2.37,2.37,2.11,2.2,2.2,142966,0.0000,1.0
2016-08-08,2.25,2.38,2.2301,2.3086,2.3086,99456,0.0000,1.0
2016-08-05,2.21,2.2872,2.11,2.25,2.25,147285,0.0000,1.0
2016-08-04,2.19,2.29,2.19,2.27,2.27,112976,0.0000,1.0
2016-08-03,2.35,2.35,2.19,2.1901,2.1901,127976,0.0000,1.0
2016-08-02,2.3,2.34,2.27,2.32,2.32,327251,0.0000,1.0
2016-08-01,2.08,2.26,2.04,2.2236,2.2236,264516,0.0000,1.0
2016-07-29,2.14,2.17,2.031,2.11,2.11,187047,0.0000,1.0
2016-07-28,2.15,2.23,2.04,2.09,2.09,150062,0.0000,1.0
2016-07-27,2.09,2.16,2.0,2.14,2.14,214561,0.0000,1.0
2016-07-26,2.04,2.14,2.03,2.0786,2.0786,95834,0.0000,1.0
2016-07-25,2.05,2.15,1.9,2.04,2.04,161995,0.0000,1.0
2016-07-22,2.16,2.29,2.07,2.14,2.14,186201,0.0000,1.0
2016-07-21,2.17,2.35,2.1401,2.2,2.2,94967,0.0000,1.0
2016-07-20,2.2,2.29,2.03,2.25,2.25,203183,0.0000,1.0
2016-07-19,2.21,2.35,2.2,2.24,2.24,95311,0.0000,1.0
2016-07-18,2.39,2.44,2.04,2.3,2.3,478639,0.0000,1.0
2016-07-15,2.35,2.55,2.35,2.4,2.4,168348,0.0000,1.0
2016-07-14,2.59,2.59,2.39,2.48,2.48,195531,0.0000,1.0
2016-07-13,2.7,2.71,2.58,2.63,2.63,195654,0.0000,1.0
2016-07-12,2.82,2.84,2.65,2.67,2.67,128186,0.0000,1.0
2016-07-11,2.74,2.89,2.64,2.79,2.79,367121,0.0000,1.0
2016-07-08,2.42,2.81,2.4,2.74,2.74,452624,0.0000,1.0
2016-07-07,2.2,2.93,2.172,2.41,2.41,650335,0.0000,1.0
2016-07-06,1.84,2.1899,1.77,2.12,2.12,317077,0.0000,1.0
2016-07-05,1.76,1.94,1.7,1.7601,1.7601,132376,0.0000,1.0
2016-07-01,1.68,1.71,1.58,1.71,1.71,72811,0.0000,1.0
2016-06-30,1.65,1.66,1.5901,1.65,1.65,51384,0.0000,1.0
2016-06-29,1.59,1.65,1.5715,1.65,1.65,30971,0.0000,1.0
2016-06-28,1.5,1.59,1.5,1.59,1.59,15725,0.0000,1.0
2016-06-27,1.5,1.6,1.45,1.55,1.55,66762,0.0000,1.0
2016-06-24,1.69,1.69,1.52,1.55,1.55,55435,0.0000,1.0
2016-06-23,1.51,1.58,1.51,1.57,1.57,7419,0.0000,1.0
2016-06-22,1.53,1.58,1.5,1.57,1.57,24016,0.0000,1.0
2016-06-21,1.6,1.6,1.5,1.58,1.58,29104,0.0000,1.0
2016-06-20,1.66,1.66,1.6,1.64,1.64,19888,0.0000,1.0
2016-06-17,1.66,1.66,1.626,1.6557,1.6557,14080,0.0000,1.0
2016-06-16,1.68,1.68,1.62,1.66,1.66,39486,0.0000,1.0
2016-06-15,1.6,1.66,1.6,1.66,1.66,8550,0.0000,1.0
2016-06-14,1.6599,1.66,1.58,1.6,1.6,5587,0.0000,1.0
2016-06-13,1.67,1.67,1.57,1.59,1.59,16146,0.0000,1.0
2016-06-10,1.66,1.66,1.6,1.62,1.62,16555,0.0000,1.0
2016-06-09,1.65,1.66,1.61,1.66,1.66,15179,0.0000,1.0
2016-06-08,1.58,1.6532,1.5501,1.6532,1.6532,86751,0.0000,1.0
2016-06-07,1.54,1.56,1.526,1.54,1.54,12344,0.0000,1.0
2016-06-06,1.56,1.56,1.5,1.52,1.52,24975,0.0000,1.0
2016-06-03,1.43,1.5599,1.4122,1.433,1.433,91992,0.0000,1.0
2016-06-02,1.5,1.55,1.39,1.39,1.39,71931,0.0000,1.0
2016-06-01,1.5,1.5,1.37,1.49,1.49,40099,0.0000,1.0
2016-05-31,1.44,1.5,1.38,1.5,1.5,36238,0.0000,1.0
2016-05-27,1.48,1.53,1.43,1.45,1.45,24557,0.0000,1.0
2016-05-26,1.56,1.56,1.4604,1.53,1.53,20804,0.0000,1.0
2016-05-25,1.49,1.54,1.44,1.54,1.54,42363,0.0000,1.0
2016-05-24,1.45,1.55,1.45,1.4999,1.4999,70700,0.0000,1.0
2016-05-23,1.51,1.55,1.47,1.47,1.47,17886,0.0000,1.0
2016-05-20,1.59,1.6,1.53,1.53,1.53,10711,0.0000,1.0
2016-05-19,1.54,1.61,1.51,1.6,1.6,13560,0.0000,1.0
2016-05-18,1.58,1.59,1.55,1.56,1.56,30422,0.0000,1.0
2016-05-17,1.63,1.66,1.59,1.61,1.61,25673,0.0000,1.0
2016-05-16,1.5352,1.62,1.5352,1.5999,1.5999,26719,0.0000,1.0
2016-05-13,1.55,1.6,1.5366,1.5599,1.5599,23781,0.0000,1.0
2016-05-12,1.57,1.61,1.57,1.59,1.59,20315,0.0000,1.0
2016-05-11,1.55,1.63,1.51,1.6,1.6,35656,0.0000,1.0
2016-05-10,1.51,1.55,1.37,1.53,1.53,36430,0.0000,1.0
2016-05-09,1.66,1.66,1.5101,1.57,1.57,29498,0.0000,1.0
2016-05-06,1.54,1.64,1.51,1.61,1.61,56820,0.0000,1.0
2016-05-05,1.47,1.59,1.47,1.57,1.57,21542,0.0000,1.0
2016-05-04,1.6,1.62,1.47,1.47,1.47,62768,0.0000,1.0
2016-05-03,1.58,1.6499,1.55,1.55,1.55,43783,0.0000,1.0
2016-05-02,1.59,1.66,1.55,1.62,1.62,48999,0.0000,1.0
2016-04-29,1.56,1.66,1.52,1.5401,1.5401,41474,0.0000,1.0
2016-04-28,1.4,1.54,1.4,1.53,1.53,81482,0.0000,1.0
2016-04-27,1.44,1.48,1.4,1.438,1.438,35224,0.0000,1.0
2016-04-26,1.54,1.54,1.45,1.4604,1.4604,22847,0.0000,1.0
2016-04-25,1.45,1.54,1.44,1.5199,1.5199,51596,0.0000,1.0
2016-04-22,1.53,1.53,1.45,1.45,1.45,20662,0.0000,1.0
2016-04-21,1.55,1.55,1.48,1.5,1.5,64746,0.0000,1.0
2016-04-20,1.47,1.55,1.47,1.51,1.51,71927,0.0000,1.0
2016-04-19,1.49,1.49,1.45,1.47,1.47,39244,0.0000,1.0
2016-04-18,1.49,1.49,1.41,1.42,1.42,43347,0.0000,1.0
2016-04-15,1.47,1.49,1.4,1.48,1.48,42711,0.0000,1.0
2016-04-14,1.5,1.5,1.46,1.48,1.48,18422,0.0000,1.0
2016-04-13,1.45,1.49,1.4001,1.49,1.49,58737,0.0000,1.0
2016-04-12,1.53,1.53,1.48,1.52,1.52,69934,0.0000,1.0
2016-04-11,1.5,1.53,1.49,1.49,1.49,36871,0.0000,1.0
2016-04-08,1.5,1.5,1.4501,1.5,1.5,38702,0.0000,1.0
2016-04-07,1.49,1.5,1.4633,1.49,1.49,52588,0.0000,1.0
2016-04-06,1.45,1.5,1.43,1.49,1.49,47739,0.0000,1.0
2016-04-05,1.4,1.49,1.4,1.44,1.44,18508,0.0000,1.0
2016-04-04,1.4,1.44,1.4,1.43,1.43,16410,0.0000,1.0
2016-04-01,1.44,1.44,1.3848,1.4,1.4,5902,0.0000,1.0
2016-03-31,1.45,1.45,1.38,1.44,1.44,12838,0.0000,1.0
2016-03-30,1.4,1.4463,1.37,1.42,1.42,13758,0.0000,1.0
2016-03-29,1.45,1.45,1.41,1.41,1.41,53189,0.0000,1.0
2016-03-28,1.38,1.45,1.3106,1.41,1.41,22311,0.0000,1.0
2016-03-24,1.3,1.43,1.3,1.36,1.36,19103,0.0000,1.0
2016-03-23,1.4,1.45,1.27,1.35,1.35,51129,0.0000,1.0
2016-03-22,1.32,1.4799,1.309,1.45,1.45,111656,0.0000,1.0
2016-03-21,1.32,1.44,1.26,1.2917,1.2917,46932,0.0000,1.0
2016-03-18,1.18,1.38,1.18,1.29,1.29,89190,0.0000,1.0
2016-03-17,1.22,1.23,1.18,1.2114,1.2114,40161,0.0000,1.0
2016-03-16,1.2,1.23,1.18,1.23,1.23,22358,0.0000,1.0
2016-03-15,1.1801,1.22,1.18,1.2,1.2,26061,0.0000,1.0
2016-03-14,1.18,1.23,1.18,1.2,1.2,18123,0.0000,1.0
2016-03-11,1.16,1.22,1.12,1.21,1.21,21241,0.0000,1.0
2016-03-10,1.24,1.24,1.2,1.22,1.22,8244,0.0000,1.0
2016-03-09,1.2101,1.24,1.2,1.21,1.21,6640,0.0000,1.0
2016-03-08,1.2,1.24,1.2,1.2,1.2,27410,0.0000,1.0
2016-03-07,1.21,1.24,1.2,1.2,1.2,23818,0.0000,1.0
2016-03-04,1.24,1.24,1.2079,1.22,1.22,48751,0.0000,1.0
2016-03-03,1.19,1.24,1.19,1.2,1.2,65879,0.0000,1.0
2016-03-02,1.22,1.22,1.205,1.21,1.21,12770,0.0000,1.0
2016-03-01,1.23,1.24,1.2,1.22,1.22,11414,0.0000,1.0
2016-02-29,1.22,1.24,1.205,1.24,1.24,34003,0.0000,1.0
2016-02-26,1.15,1.22,1.15,1.21,1.21,24448,0.0000,1.0
2016-02-25,1.19,1.24,1.15,1.18,1.18,61324,0.0000,1.0
2016-02-24,1.17,1.24,1.14,1.15,1.15,42565,0.0000,1.0
2016-02-23,1.1199,1.17,1.1,1.16,1.16,19258,0.0000,1.0
2016-02-22,1.14,1.14,1.1,1.11,1.11,11693,0.0000,1.0
2016-02-19,1.11,1.17,1.11,1.11,1.11,18848,0.0000,1.0
2016-02-18,1.05,1.11,1.05,1.1062,1.1062,30382,0.0000,1.0
2016-02-17,1.12,1.1299,1.05,1.06,1.06,33079,0.0000,1.0
2016-02-16,1.1,1.17,1.08,1.1078,1.1078,13633,0.0000,1.0
2016-02-12,1.13,1.24,1.1169,1.14,1.14,50670,0.0000,1.0
2016-02-11,1.09,1.15,1.08,1.1189,1.1189,47570,0.0000,1.0
2016-02-10,1.05,1.0516,1.01,1.02,1.02,32988,0.0000,1.0
2016-02-09,1.04,1.06,1.04,1.05,1.05,11294,0.0000,1.0
2016-02-08,1.056,1.08,1.04,1.07,1.07,43038,0.0000,1.0
2016-02-05,1.059,1.08,1.01,1.08,1.08,7084,0.0000,1.0
2016-02-04,1.09,1.1,1.04,1.09,1.09,34257,0.0000,1.0
2016-02-03,1.0096,1.09,0.9933,1.08,1.08,41436,0.0000,1.0
2016-02-02,0.9999,1.02,0.9901,1.02,1.02,5459,0.0000,1.0
2016-02-01,1.04,1.04,1.0,1.0,1.0,11107,0.0000,1.0
2016-01-29,1.0022,1.05,1.0,1.0,1.0,27826,0.0000,1.0
2016-01-28,1.05,1.05,1.0101,1.0101,1.0101,3748,0.0000,1.0
2016-01-27,0.99,1.04,0.99,1.04,1.04,12071,0.0000,1.0
2016-01-26,1.04,1.04,0.99,0.99,0.99,31293,0.0000,1.0
2016-01-25,1.01,1.04,0.99,1.01,1.01,11124,0.0000,1.0
2016-01-22,1.03,1.04,1.01,1.04,1.04,2121,0.0000,1.0
2016-01-21,1.02,1.05,0.961,1.03,1.03,52846,0.0000,1.0
2016-01-20,1.03,1.06,1.01,1.06,1.06,35950,0.0000,1.0
2016-01-19,1.03,1.0599,1.01,1.03,1.03,9221,0.0000,1.0
2016-01-15,1.02,1.07,1.02,1.05,1.05,13519,0.0000,1.0
2016-01-14,1.07,1.07,1.03,1.07,1.07,12464,0.0000,1.0
2016-01-13,1.08,1.08,1.01,1.04,1.04,7131,0.0000,1.0
2016-01-12,1.05,1.12,1.0201,1.0295,1.0295,22765,0.0000,1.0
2016-01-11,1.05,1.09,1.019,1.05,1.05,50065,0.0000,1.0
2016-01-08,1.1,1.1,1.07,1.08,1.08,27569,0.0000,1.0
2016-01-07,1.1634,1.19,1.1398,1.1481,1.1481,29728,0.0000,1.0
2016-01-06,1.17,1.19,1.14,1.16,1.16,37318,0.0000,1.0
2016-01-05,1.11,1.15,1.07,1.11,1.11,4185,0.0000,1.0
2016-01-04,1.05,1.17,1.05,1.06,1.06,13964,0.0000,1.0
2015-12-31,1.08,1.14,1.04,1.04,1.04,36226,0.0000,1.0
2015-12-30,1.08,1.13,1.03,1.04,1.04,17674,0.0000,1.0
2015-12-29,1.1597,1.22,1.07,1.08,1.08,27010,0.0000,1.0
2015-12-28,1.11,1.17,1.1,1.13,1.13,12023,0.0000,1.0
2015-12-24,1.19,1.19,1.14,1.16,1.16,6121,0.0000,1.0
2015-12-23,1.15,1.21,1.1101,1.16,1.16,10928,0.0000,1.0
2015-12-22,1.1,1.19,1.1,1.15,1.15,17301,0.0000,1.0
2015-12-21,1.1674,1.18,1.12,1.13,1.13,10186,0.0000,1.0
2015-12-18,1.19,1.24,1.07,1.19,1.19,198201,0.0000,1.0
2015-12-17,1.11,1.22,1.01,1.08,1.08,37774,0.0000,1.0
2015-12-16,1.074,1.11,1.0,1.1,1.1,68207,0.0000,1.0
2015-12-15,1.01,1.1199,0.9998,1.06,1.06,27494,0.0000,1.0
2015-12-14,1.21,1.22,0.93,0.9801,0.9801,121266,0.0000,1.0
2015-12-11,1.26,1.27,1.2,1.21,1.21,21985,0.0000,1.0
2015-12-10,1.2,1.28,1.2,1.28,1.28,86954,0.0000,1.0
2015-12-09,1.16,1.38,1.01,1.3096,1.3096,193359,0.0000,1.0
2015-12-08,1.05,1.08,1.01,1.02,1.02,21985,0.0000,1.0
2015-12-07,1.13,1.15,1.06,1.06,1.06,18418,0.0000,1.0
2015-12-04,1.1,1.12,1.0939,1.12,1.12,21334,0.0000,1.0
2015-12-03,1.05,1.1,1.05,1.1,1.1,5332,0.0000,1.0
2015-12-02,1.07,1.0799,1.06,1.06,1.06,23352,0.0000,1.0
2015-12-01,1.09,1.12,1.07,1.07,1.07,5354,0.0000,1.0
2015-11-30,1.08,1.1,1.07,1.07,1.07,14975,0.0000,1.0
2015-11-27,1.08,1.1,1.08,1.09,1.09,16142,0.0000,1.0
2015-11-25,1.11,1.12,1.09,1.09,1.09,23449,0.0000,1.0
2015-11-24,1.112,1.18,1.112,1.12,1.12,7180,0.0000,1.0
2015-11-23,1.119,1.14,1.08,1.1,1.1,7081,0.0000,1.0
2015-11-20,1.1297,1.14,1.1,1.1199,1.1199,14382,0.0000,1.0
2015-11-19,1.12,1.15,1.08,1.1,1.1,17206,0.0000,1.0
2015-11-18,1.15,1.15,1.091,1.15,1.15,6131,0.0000,1.0
2015-11-17,1.2,1.2,1.1401,1.18,1.18,5935,0.0000,1.0
2015-11-16,1.19,1.2,1.15,1.2,1.2,2666,0.0000,1.0
2015-11-13,1.1,1.18,1.09,1.16,1.16,12970,0.0000,1.0
2015-11-12,1.1,1.15,1.1,1.109,1.109,13831,0.0000,1.0
2015-11-11,1.2,1.2,1.12,1.12,1.12,26862,0.0000,1.0
2015-11-10,1.2,1.22,1.1701,1.18,1.18,7403,0.0000,1.0
2015-11-09,1.17,1.24,1.17,1.2,1.2,7991,0.0000,1.0
2015-11-06,1.18,1.24,1.17,1.19,1.19,32267,0.0000,1.0
2015-11-05,1.21,1.25,1.21,1.25,1.25,709,0.0000,1.0
2015-11-04,1.2,1.22,1.2,1.21,1.21,10540,0.0000,1.0
2015-11-03,1.26,1.264,1.2001,1.22,1.22,14021,0.0000,1.0
2015-11-02,1.15,1.3,1.15,1.25,1.25,109175,0.0000,1.0
2015-10-30,1.18,1.18,1.09,1.1,1.1,43901,0.0000,1.0
2015-10-29,1.08,1.1801,1.08,1.18,1.18,37091,0.0000,1.0
2015-10-28,1.14,1.1692,1.08,1.12,1.12,115359,0.0000,1.0
2015-10-27,1.21,1.21,1.17,1.17,1.17,13897,0.0000,1.0
2015-10-26,1.19,1.2,1.1515,1.19,1.19,11023,0.0000,1.0
2015-10-23,1.2,1.2,1.1401,1.1612,1.1612,9210,0.0000,1.0
2015-10-22,1.19,1.2,1.1601,1.2,1.2,11631,0.0000,1.0
2015-10-21,1.18,1.21,1.18,1.2,1.2,4037,0.0000,1.0
2015-10-20,1.14,1.18,1.14,1.1401,1.1401,1382,0.0000,1.0
2015-10-19,1.16,1.188,1.14,1.14,1.14,9638,0.0000,1.0
2015-10-16,1.2107,1.25,1.13,1.19,1.19,27016,0.0000,1.0
2015-10-15,1.2,1.26,1.19,1.25,1.25,5058,0.0000,1.0
2015-10-14,1.22,1.27,1.1501,1.27,1.27,41823,0.0000,1.0
2015-10-13,1.16,1.2,1.16,1.19,1.19,10774,0.0000,1.0
2015-10-12,1.1999,1.2,1.16,1.17,1.17,34398,0.0000,1.0
2015-10-09,1.17,1.2,1.13,1.17,1.17,16030,0.0000,1.0
2015-10-08,1.19,1.19,1.12,1.15,1.15,28239,0.0000,1.0
2015-10-07,1.22,1.22,1.15,1.15,1.15,24022,0.0000,1.0
2015-10-06,1.18,1.22,1.17,1.18,1.18,18672,0.0000,1.0
2015-10-05,1.18,1.18,1.13,1.15,1.15,2891,0.0000,1.0
2015-10-02,1.13,1.18,1.12,1.12,1.12,33180,0.0000,1.0
2015-10-01,1.14,1.16,1.12,1.12,1.12,14204,0.0000,1.0
2015-09-30,1.13,1.18,1.13,1.14,1.14,14272,0.0000,1.0
2015-09-29,1.1201,1.15,1.12,1.15,1.15,5661,0.0000,1.0
2015-09-28,1.18,1.22,1.12,1.14,1.14,18636,0.0000,1.0
2015-09-25,1.18,1.23,1.16,1.22,1.22,14468,0.0000,1.0
2015-09-24,1.12,1.23,1.12,1.1964,1.1964,27412,0.0000,1.0
2015-09-23,1.15,1.28,1.12,1.12,1.12,33152,0.0000,1.0
2015-09-22,1.19,1.2,1.161,1.1884,1.1884,14321,0.0000,1.0
2015-09-21,1.21,1.25,1.17,1.23,1.23,12685,0.0000,1.0
2015-09-18,1.22,1.26,1.16,1.25,1.25,21287,0.0000,1.0
2015-09-17,1.27,1.31,1.15,1.2368,1.2368,54561,0.0000,1.0
2015-09-16,1.26,1.308,1.26,1.29,1.29,13105,0.0000,1.0
2015-09-15,1.24,1.26,1.24,1.26,1.26,4736,0.0000,1.0
2015-09-14,1.26,1.32,1.2,1.24,1.24,16852,0.0000,1.0
2015-09-11,1.22,1.28,1.2,1.24,1.24,19076,0.0000,1.0
2015-09-10,1.2,1.29,1.18,1.26,1.26,6005,0.0000,1.0
2015-09-09,1.21,1.2199,1.15,1.1918,1.1918,11410,0.0000,1.0
2015-09-08,1.21,1.24,1.1501,1.1501,1.1501,25070,0.0000,1.0
2015-09-04,1.22,1.24,1.22,1.24,1.24,4665,0.0000,1.0
2015-09-03,1.23,1.24,1.19,1.1984,1.1984,6200,0.0000,1.0
2015-09-02,1.32,1.34,1.14,1.21,1.21,45488,0.0000,1.0
2015-09-01,1.3,1.341,1.25,1.3,1.3,21722,0.0000,1.0
2015-08-31,1.3,1.3201,1.24,1.31,1.31,20687,0.0000,1.0
2015-08-28,1.2,1.33,1.2,1.3,1.3,29223,0.0000,1.0
2015-08-27,1.2152,1.24,1.19,1.2,1.2,15481,0.0000,1.0
2015-08-26,1.179,1.2,1.12,1.16,1.16,33350,0.0000,1.0
2015-08-25,1.3,1.31,1.17,1.1701,1.1701,57723,0.0000,1.0
2015-08-24,1.29,1.3,1.19,1.28,1.28,32786,0.0000,1.0
2015-08-21,1.26,1.33,1.24,1.27,1.27,13679,0.0000,1.0
2015-08-20,1.286,1.33,1.28,1.32,1.32,7960,0.0000,1.0
2015-08-19,1.3799,1.38,1.2,1.3,1.3,19242,0.0000,1.0
2015-08-18,1.28,1.34,1.25,1.28,1.28,12637,0.0000,1.0
2015-08-17,1.26,1.37,1.26,1.32,1.32,13613,0.0000,1.0
2015-08-14,1.3494,1.35,1.29,1.35,1.35,5632,0.0000,1.0
2015-08-13,1.35,1.39,1.2906,1.35,1.35,9959,0.0000,1.0
2015-08-12,1.39,1.39,1.33,1.39,1.39,30087,0.0000,1.0
2015-08-11,1.29,1.39,1.29,1.35,1.35,15622,0.0000,1.0
2015-08-10,1.24,1.3,1.17,1.24,1.24,31684,0.0000,1.0
2015-08-07,1.29,1.3395,1.16,1.17,1.17,37129,0.0000,1.0
2015-08-06,1.25,1.32,1.19,1.28,1.28,44786,0.0000,1.0
2015-08-05,1.38,1.39,1.11,1.11,1.11,34282,0.0000,1.0
2015-08-04,1.35,1.45,1.35,1.41,1.41,8881,0.0000,1.0
2015-08-03,1.44,1.4811,1.3901,1.43,1.43,13334,0.0000,1.0
2015-07-31,1.41,1.49,1.38,1.49,1.49,54539,0.0000,1.0
2015-07-30,1.5,1.5,1.37,1.47,1.47,22968,0.0000,1.0
2015-07-29,1.39,1.5,1.3801,1.5,1.5,26880,0.0000,1.0
2015-07-28,1.3,1.4895,1.3,1.44,1.44,66126,0.0000,1.0
2015-07-27,1.27,1.37,1.27,1.3,1.3,41345,0.0000,1.0
2015-07-24,1.14,1.28,1.13,1.28,1.28,127317,0.0000,1.0
2015-07-23,1.19,1.2764,1.14,1.16,1.16,83294,0.0000,1.0
2015-07-22,1.19,1.29,1.14,1.24,1.24,70201,0.0000,1.0
2015-07-21,1.1,1.2,1.1,1.2,1.2,50425,0.0000,1.0
2015-07-20,1.24,1.24,1.05,1.17,1.17,124692,0.0000,1.0
2015-07-17,1.48,1.484,1.28,1.31,1.31,118140,0.0000,1.0
2015-07-16,1.49,1.49,1.46,1.46,1.46,31982,0.0000,1.0
2015-07-15,1.51,1.51,1.48,1.49,1.49,22109,0.0000,1.0
2015-07-14,1.51,1.54,1.5,1.5,1.5,21326,0.0000,1.0
2015-07-13,1.55,1.55,1.5,1.5,1.5,16171,0.0000,1.0
2015-07-10,1.57,1.57,1.51,1.53,1.53,35689,0.0000,1.0
2015-07-09,1.53,1.55,1.5,1.55,1.55,18536,0.0000,1.0
2015-07-08,1.5,1.56,1.5,1.51,1.51,17180,0.0000,1.0
2015-07-07,1.54,1.58,1.51,1.54,1.54,42758,0.0000,1.0
2015-07-06,1.54,1.58,1.52,1.57,1.57,63678,0.0000,1.0
2015-07-02,1.53,1.55,1.51,1.54,1.54,10716,0.0000,1.0
2015-07-01,1.52,1.56,1.51,1.53,1.53,28836,0.0000,1.0
2015-06-30,1.53,1.6,1.52,1.53,1.53,23416,0.0000,1.0
2015-06-29,1.6,1.6,1.51,1.51,1.51,24808,0.0000,1.0
2015-06-26,1.53,1.58,1.51,1.54,1.54,17099,0.0000,1.0
2015-06-25,1.55,1.59,1.51,1.55,1.55,62488,0.0000,1.0
2015-06-24,1.55,1.58,1.53,1.55,1.55,24356,0.0000,1.0
2015-06-23,1.51,1.55,1.51,1.52,1.52,32680,0.0000,1.0
2015-06-22,1.57,1.5714,1.5,1.52,1.52,74916,0.0000,1.0
2015-06-19,1.57,1.57,1.55,1.55,1.55,23001,0.0000,1.0
2015-06-18,1.55,1.6,1.53,1.59,1.59,48029,0.0000,1.0
2015-06-17,1.53,1.58,1.53,1.54,1.54,41065,0.0000,1.0
2015-06-16,1.55,1.59,1.5,1.5616,1.5616,70865,0.0000,1.0
2015-06-15,1.52,1.59,1.5001,1.54,1.54,64651,0.0000,1.0
2015-06-12,1.5,1.58,1.5,1.55,1.55,85908,0.0000,1.0
2015-06-11,1.6,1.6,1.5,1.51,1.51,27928,0.0000,1.0
2015-06-10,1.51,1.6,1.5,1.6,1.6,116044,0.0000,1.0
2015-06-09,1.4899,1.5,1.48,1.48,1.48,39183,0.0000,1.0
2015-06-08,1.48,1.53,1.48,1.49,1.49,32659,0.0000,1.0
2015-06-05,1.52,1.55,1.48,1.48,1.48,73163,0.0000,1.0
2015-06-04,1.5386,1.56,1.51,1.51,1.51,27469,0.0000,1.0
2015-06-03,1.54,1.59,1.52,1.52,1.52,98207,0.0000,1.0
2015-06-02,1.53,1.56,1.51,1.52,1.52,56409,0.0000,1.0
2015-06-01,1.61,1.62,1.51,1.56,1.56,97270,0.0000,1.0
2015-05-29,1.59,1.6,1.55,1.6,1.6,21010,0.0000,1.0
2015-05-28,1.51,1.65,1.5,1.5801,1.5801,128709,0.0000,1.0
2015-05-27,1.53,1.6,1.51,1.57,1.57,69445,0.0000,1.0
2015-05-26,1.6,1.61,1.52,1.53,1.53,66611,0.0000,1.0
2015-05-22,1.58,1.6,1.57,1.58,1.58,52435,0.0000,1.0
2015-05-21,1.62,1.64,1.58,1.59,1.59,59126,0.0000,1.0
2015-05-20,1.62,1.66,1.6,1.63,1.63,62720,0.0000,1.0
2015-05-19,1.64,1.66,1.6,1.66,1.66,56920,0.0000,1.0
2015-05-18,1.62,1.69,1.61,1.66,1.66,44315,0.0000,1.0
2015-05-15,1.66,1.66,1.6,1.62,1.62,45376,0.0000,1.0
2015-05-14,1.64,1.67,1.6,1.6,1.6,139480,0.0000,1.0
2015-05-13,1.56,1.66,1.56,1.61,1.61,63858,0.0000,1.0
2015-05-12,1.56,1.62,1.56,1.56,1.56,29340,0.0000,1.0
2015-05-11,1.54,1.62,1.54,1.59,1.59,27398,0.0000,1.0
2015-05-08,1.56,1.6,1.5401,1.56,1.56,71420,0.0000,1.0
2015-05-07,1.56,1.59,1.52,1.57,1.57,67247,0.0000,1.0
2015-05-06,1.66,1.69,1.53,1.61,1.61,196042,0.0000,1.0
2015-05-05,1.68,1.73,1.64,1.64,1.64,123672,0.0000,1.0
2015-05-04,1.74,1.74,1.7,1.74,1.74,46162,0.0000,1.0
2015-05-01,1.7,1.75,1.68,1.75,1.75,74642,0.0000,1.0
2015-04-30,1.68,1.73,1.67,1.73,1.73,126708,0.0000,1.0
2015-04-29,1.65,1.74,1.65,1.73,1.73,119853,0.0000,1.0
2015-04-28,1.71,1.73,1.65,1.68,1.68,169188,0.0000,1.0
2015-04-27,1.73,1.76,1.65,1.69,1.69,247695,0.0000,1.0
2015-04-24,1.71,1.76,1.62,1.71,1.71,148605,0.0000,1.0
2015-04-23,1.7,1.76,1.67,1.69,1.69,153199,0.0000,1.0
2015-04-22,1.73,1.77,1.66,1.71,1.71,238970,0.0000,1.0
2015-04-21,1.59,1.75,1.59,1.75,1.75,300368,0.0000,1.0
2015-04-20,1.82,1.85,1.55,1.59,1.59,903443,0.0000,1.0
2015-04-17,2.01,2.09,1.95,2.0,2.0,290280,0.0000,1.0
2015-04-16,1.76,2.08,1.74,1.95,1.95,494889,0.0000,1.0
2015-04-15,1.66,1.86,1.66,1.8,1.8,986824,0.0000,1.0
2015-04-14,1.8,1.9,1.71,1.71,1.71,949432,0.0000,1.0
2015-04-13,1.5,1.75,1.5,1.7,1.7,1098697,0.0000,1.0
2015-04-10,3.25,3.25,1.31,1.4,1.4,1212503,0.0000,1.0
2015-04-09,1.05,1.08,1.03,1.06,1.06,1313937,0.0000,1.0
2015-04-08,1.05,1.09,1.03,1.05,1.05,384364,0.0000,1.0
2015-04-07,1.07,1.12,1.05,1.05,1.05,626320,0.0000,1.0
2015-04-06,1.01,1.1,1.01,1.05,1.05,907702,0.0000,1.0
2015-04-02,0.99,1.01,0.96,1.0,1.0,939130,0.0000,1.0
2015-04-01,1.0,1.03,0.981,0.981,0.981,648628,0.0000,1.0
2015-03-31,0.99,1.02,0.98,1.01,1.01,895524,0.0000,1.0
2015-03-30,1.04,1.04,0.9718,1.0,1.0,570120,0.0000,1.0
2015-03-27,1.05,1.17,1.01,1.04,1.04,647581,0.0000,1.0
2015-03-26,1.1,1.13,1.035,1.05,1.05,551456,0.0000,1.0
2015-03-25,1.13,1.13,1.06,1.08,1.08,759219,0.0000,1.0
2015-03-24,1.07,1.12,1.07,1.12,1.12,333491,0.0000,1.0
2015-03-23,1.06,1.14,1.05,1.07,1.07,1180653,0.0000,1.0
2015-03-20,1.02,1.14,1.02,1.03,1.03,6850164,0.0000,1.0
2015-03-19,1.06,1.08,1.02,1.02,1.02,450481,0.0000,1.0
2015-03-18,0.97,1.09,0.9605,1.06,1.06,2477347,0.0000,1.0
2015-03-17,0.988,1.05,0.96,0.9699,0.9699,757551,0.0000,1.0
2015-03-16,1.0,1.08,0.96,0.992,0.992,1084473,0.0000,1.0
2015-03-13,0.96,1.01,0.93,1.01,1.01,393379,0.0000,1.0
2015-03-12,0.98,1.0,0.95,0.96,0.96,399008,0.0000,1.0
2015-03-11,0.943,0.99,0.8727,0.954,0.954,676769,0.0000,1.0
2015-03-10,0.98,0.988,0.9003,0.96,0.96,776324,0.0000,1.0
2015-03-09,1.06,1.09,0.959,0.9879,0.9879,987913,0.0000,1.0
2015-03-06,1.17,1.17,1.05,1.07,1.07,1121929,0.0000,1.0
2015-03-05,1.18,1.21,1.17,1.18,1.18,441531,0.0000,1.0
2015-03-04,1.22,1.25,1.16,1.2,1.2,642193,0.0000,1.0
2015-03-03,1.2,1.28,1.2,1.21,1.21,409611,0.0000,1.0
2015-03-02,1.14,1.22,1.14,1.21,1.21,773148,0.0000,1.0
2015-02-27,1.15,1.22,1.12,1.12,1.12,291689,0.0000,1.0
2015-02-26,1.13,1.18,1.13,1.13,1.13,371015,0.0000,1.0
2015-02-25,1.12,1.18,1.11,1.13,1.13,594196,0.0000,1.0
2015-02-24,1.14,1.2,1.12,1.14,1.14,618569,0.0000,1.0
2015-02-23,1.19,1.23,1.15,1.15,1.15,434387,0.0000,1.0
2015-02-20,1.26,1.27,1.18,1.18,1.18,911649,0.0000,1.0
2015-02-19,1.4,1.4,1.2501,1.27,1.27,1240709,0.0000,1.0
2015-02-18,1.42,1.45,1.38,1.43,1.43,487885,0.0000,1.0
2015-02-17,1.39,1.47,1.39,1.42,1.42,712150,0.0000,1.0
2015-02-13,1.48,1.52,1.46,1.49,1.49,446132,0.0000,1.0
2015-02-12,1.44,1.48,1.42,1.47,1.47,609076,0.0000,1.0
2015-02-11,1.44,1.46,1.39,1.42,1.42,475213,0.0000,1.0
2015-02-10,1.45,1.46,1.41,1.45,1.45,665234,0.0000,1.0
2015-02-09,1.4,1.47,1.4,1.46,1.46,480474,0.0000,1.0
2015-02-06,1.37,1.43,1.35,1.395,1.395,574715,0.0000,1.0
2015-02-05,1.35,1.45,1.32,1.44,1.44,839541,0.0000,1.0
2015-02-04,1.29,1.44,1.29,1.36,1.36,1430683,0.0000,1.0
2015-02-03,1.28,1.34,1.24,1.3,1.3,908447,0.0000,1.0
2015-02-02,1.23,1.29,1.2,1.27,1.27,825370,0.0000,1.0
2015-01-30,1.17,1.26,1.1675,1.26,1.26,1933879,0.0000,1.0
2015-01-29,1.17,1.2,1.12,1.18,1.18,588020,0.0000,1.0
2015-01-28,1.25,1.27,1.17,1.24,1.24,785552,0.0000,1.0
2015-01-27,1.21,1.28,1.21,1.25,1.25,850420,0.0000,1.0
2015-01-26,1.16,1.25,1.13,1.25,1.25,895588,0.0000,1.0
2015-01-23,1.27,1.27,1.18,1.18,1.18,674901,0.0000,1.0
2015-01-22,1.24,1.29,1.23,1.28,1.28,913619,0.0000,1.0
2015-01-21,1.24,1.28,1.195,1.28,1.28,598910,0.0000,1.0
2015-01-20,1.16,1.28,1.16,1.26,1.26,1328339,0.0000,1.0
2015-01-16,1.13,1.18,1.12,1.18,1.18,894539,0.0000,1.0
2015-01-15,1.11,1.14,1.1,1.13,1.13,672380,0.0000,1.0
2015-01-14,1.17,1.17,1.03,1.08,1.08,991713,0.0000,1.0
2015-01-13,1.21,1.266,1.11,1.19,1.19,981479,0.0000,1.0
2015-01-12,1.16,1.25,1.13,1.21,1.21,1700373,0.0000,1.0
2015-01-09,1.14,1.18,1.115,1.18,1.18,1181753,0.0000,1.0
2015-01-08,1.1,1.16,1.09,1.1,1.1,828007,0.0000,1.0
2015-01-07,1.14,1.19,1.09,1.13,1.13,1104134,0.0000,1.0
2015-01-06,1.08,1.17,1.08,1.17,1.17,1615688,0.0000,1.0
2015-01-05,1.02,1.08,1.01,1.06,1.06,843799,0.0000,1.0
2015-01-02,1.0,1.05,0.971,1.02,1.02,515794,0.0000,1.0
2014-12-31,1.0,1.02,0.982,1.02,1.02,630525,0.0000,1.0
2014-12-30,1.06,1.06,1.0,1.0,1.0,803443,0.0000,1.0
2014-12-29,1.05,1.06,0.9849,0.997,0.997,895220,0.0000,1.0
2014-12-26,1.01,1.09,0.976,1.08,1.08,1435314,0.0000,1.0
2014-12-24,0.94,1.01,0.9332,1.0,1.0,491451,0.0000,1.0
2014-12-23,0.95,1.02,0.9225,0.94,0.94,1706099,0.0000,1.0
2014-12-22,0.9421,0.981,0.9102,0.9174,0.9174,2537387,0.0000,1.0
2014-12-19,0.95,1.06,0.94,0.94,0.94,16465057,0.0000,1.0
2014-12-18,0.8505,0.98,0.8505,0.95,0.95,3991372,0.0000,1.0
2014-12-17,0.8505,0.89,0.804,0.83,0.83,6770534,0.0000,1.0
2014-12-16,0.7,0.749,0.6312,0.6403,0.6403,1151644,0.0000,1.0
2014-12-15,0.751,0.767,0.69,0.7001,0.7001,1157259,0.0000,1.0
2014-12-12,0.752,0.7889,0.75,0.78,0.78,358764,0.0000,1.0
2014-12-11,0.7418,0.798,0.7418,0.792,0.792,464216,0.0000,1.0
2014-12-10,0.77,0.7975,0.741,0.741,0.741,487564,0.0000,1.0
2014-12-09,0.8,0.8299,0.76,0.8,0.8,559659,0.0000,1.0
2014-12-08,0.7519,0.8194,0.7351,0.79,0.79,850432,0.0000,1.0
2014-12-05,0.77,0.81,0.75,0.76,0.76,531454,0.0000,1.0
2014-12-04,0.82,0.84,0.78,0.78,0.78,563041,0.0000,1.0
2014-12-03,0.79,0.84,0.78,0.82,0.82,520710,0.0000,1.0
2014-12-02,0.809,0.83,0.74,0.77,0.77,666366,0.0000,1.0
2014-12-01,0.8,0.839,0.75,0.81,0.81,1839208,0.0000,1.0
2014-11-28,0.7018,0.7021,0.66,0.66,0.66,333829,0.0000,1.0
2014-11-26,0.75,0.75,0.699,0.7113,0.7113,331936,0.0000,1.0
2014-11-25,0.73,0.76,0.7212,0.76,0.76,437885,0.0000,1.0
2014-11-24,0.72,0.7598,0.7111,0.7441,0.7441,199935,0.0000,1.0
2014-11-21,0.73,0.76,0.6916,0.72,0.72,321362,0.0000,1.0
2014-11-20,0.7,0.755,0.6911,0.71,0.71,473289,0.0000,1.0
2014-11-19,0.72,0.76,0.65,0.6776,0.6776,554864,0.0000,1.0
2014-11-18,0.73,0.76,0.71,0.7303,0.7303,559639,0.0000,1.0
2014-11-17,0.67,0.73,0.65,0.7199,0.7199,504364,0.0000,1.0
2014-11-14,0.635,0.684,0.63,0.67,0.67,543668,0.0000,1.0
2014-11-13,0.71,0.71,0.645,0.6477,0.6477,323982,0.0000,1.0
2014-11-12,0.62,0.7,0.62,0.6999,0.6999,781652,0.0000,1.0
2014-11-11,0.62,0.7,0.62,0.6241,0.6241,531400,0.0000,1.0
2014-11-10,0.73,0.73,0.611,0.6201,0.6201,567686,0.0000,1.0
2014-11-07,0.6,0.73,0.5834,0.708,0.708,1007881,0.0000,1.0
2014-11-06,0.58,0.6396,0.55,0.61,0.61,812100,0.0000,1.0
2014-11-05,0.623,0.6304,0.58,0.59,0.59,666267,0.0000,1.0
2014-11-04,0.6201,0.699,0.6201,0.6301,0.6301,441437,0.0000,1.0
2014-11-03,0.72,0.74,0.63,0.67,0.67,541228,0.0000,1.0
2014-10-31,0.69,0.69,0.63,0.67,0.67,775161,0.0000,1.0
2014-10-30,0.7018,0.72,0.69,0.7,0.7,324666,0.0000,1.0
2014-10-29,0.76,0.77,0.7,0.73,0.73,441948,0.0000,1.0
2014-10-28,0.74,0.81,0.6931,0.7684,0.7684,294963,0.0000,1.0
2014-10-27,0.75,0.7597,0.701,0.73,0.73,175452,0.0000,1.0
2014-10-24,0.78,0.78,0.74,0.76,0.76,140644,0.0000,1.0
2014-10-23,0.68,0.7864,0.66,0.7773,0.7773,592978,0.0000,1.0
2014-10-22,0.75,0.75,0.6694,0.7,0.7,254671,0.0000,1.0
2014-10-21,0.75,0.758,0.72,0.75,0.75,279513,0.0000,1.0
2014-10-20,0.75,0.76,0.7324,0.74,0.74,147381,0.0000,1.0
2014-10-17,0.76,0.79,0.7471,0.765,0.765,263453,0.0000,1.0
2014-10-16,0.77,0.81,0.7436,0.76,0.76,305444,0.0000,1.0
2014-10-15,0.7,0.79,0.6953,0.771,0.771,1087208,0.0000,1.0
2014-10-14,0.7017,0.74,0.6898,0.6901,0.6901,445818,0.0000,1.0
2014-10-13,0.7,0.75,0.68,0.71,0.71,431593,0.0000,1.0
2014-10-10,0.75,0.75,0.7,0.7,0.7,444793,0.0000,1.0
2014-10-09,0.75,0.76,0.68,0.7489,0.7489,915906,0.0000,1.0
2014-10-08,0.72,0.75,0.7103,0.74,0.74,660035,0.0000,1.0
2014-10-07,0.78,0.7999,0.7104,0.72,0.72,699747,0.0000,1.0
2014-10-06,0.805,0.8059,0.7618,0.792,0.792,655504,0.0000,1.0
2014-10-03,0.87,0.89,0.78,0.807,0.807,747129,0.0000,1.0
2014-10-02,0.9001,0.918,0.86,0.879,0.879,386744,0.0000,1.0
2014-10-01,0.9,0.92,0.9,0.9,0.9,289448,0.0000,1.0
2014-09-30,0.91,0.9198,0.9,0.9,0.9,367865,0.0000,1.0
2014-09-29,0.905,0.9399,0.905,0.9159,0.9159,191789,0.0000,1.0
2014-09-26,0.92,0.95,0.9024,0.9024,0.9024,397963,0.0000,1.0
2014-09-25,0.91,0.947,0.904,0.94,0.94,514052,0.0000,1.0
2014-09-24,0.912,0.958,0.9067,0.91,0.91,353388,0.0000,1.0
2014-09-23,0.9,0.966,0.9,0.92,0.92,678324,0.0000,1.0
2014-09-22,0.915,0.925,0.9,0.9,0.9,746575,0.0000,1.0
2014-09-19,0.95,0.98,0.915,0.915,0.915,985400,0.0000,1.0
2014-09-18,0.92,0.97,0.91,0.962,0.962,662800,0.0000,1.0
2014-09-17,0.932,0.97,0.915,0.92,0.92,481900,0.0000,1.0
2014-09-16,0.96,0.97,0.9101,0.9341,0.9341,526900,0.0000,1.0
2014-09-15,0.92,0.9685,0.92,0.9619,0.9619,616000,0.0000,1.0
2014-09-12,0.921,0.97,0.9151,0.92,0.92,480900,0.0000,1.0
2014-09-11,0.92,0.9445,0.915,0.9445,0.9445,388300,0.0000,1.0
2014-09-10,0.94,0.94,0.92,0.92,0.92,257300,0.0000,1.0
2014-09-09,0.95,0.97,0.93,0.94,0.94,488600,0.0000,1.0
2014-09-08,1.05,1.05,0.95,0.95,0.95,297300,0.0000,1.0
2014-09-05,0.96,1.01,0.9533,0.99,0.99,375500,0.0000,1.0
2014-09-04,1.02,1.02,0.95,0.9516,0.9516,514900,0.0000,1.0
2014-09-03,0.99,1.03,0.9895,1.02,1.02,532500,0.0000,1.0
2014-09-02,1.03,1.04,0.985,0.99,0.99,528300,0.0000,1.0
2014-08-29,1.04,1.04,1.02,1.04,1.04,389100,0.0000,1.0
2014-08-28,1.03,1.04,1.02,1.03,1.03,651100,0.0000,1.0
2014-08-27,1.03,1.04,1.0,1.02,1.02,270300,0.0000,1.0
2014-08-26,0.98,1.01,0.98,0.99,0.99,169000,0.0000,1.0
2014-08-25,1.01,1.01,0.9735,0.982,0.982,466400,0.0000,1.0
2014-08-22,1.0,1.005,0.99,0.991,0.991,222900,0.0000,1.0
2014-08-21,0.97,0.9986,0.97,0.99,0.99,290600,0.0000,1.0
2014-08-20,1.01,1.01,0.97,0.9798,0.9798,489900,0.0000,1.0
2014-08-19,1.01,1.02,1.0,1.0,1.0,173400,0.0000,1.0
2014-08-18,1.0,1.02,1.0,1.01,1.01,193200,0.0000,1.0
2014-08-15,0.982,1.01,0.982,1.01,1.01,345100,0.0000,1.0
2014-08-14,1.01,1.02,1.0,1.01,1.01,210200,0.0000,1.0
2014-08-13,1.01,1.03,1.0,1.0,1.0,232400,0.0000,1.0
2014-08-12,0.99,1.04,0.99,1.01,1.01,329600,0.0000,1.0
2014-08-11,1.03,1.05,1.0,1.0,1.0,495900,0.0000,1.0
2014-08-08,1.01,1.05,1.01,1.03,1.03,353300,0.0000,1.0
2014-08-07,1.04,1.04,1.0,1.02,1.02,196400,0.0000,1.0
2014-08-06,0.982,1.05,0.981,1.05,1.05,787900,0.0000,1.0
2014-08-05,0.96,1.01,0.96,1.0,1.0,257200,0.0000,1.0
2014-08-04,0.99,1.01,0.955,0.97,0.97,394400,0.0000,1.0
2014-08-01,1.05,1.0652,0.961,0.97,0.97,1008300,0.0000,1.0
2014-07-31,0.9817,1.04,0.9817,1.02,1.02,1206400,0.0000,1.0
2014-07-30,1.01,1.01,0.98,1.01,1.01,548800,0.0000,1.0
2014-07-29,0.97,1.01,0.95,1.01,1.01,732100,0.0000,1.0
2014-07-28,0.97,0.9898,0.9518,0.97,0.97,373300,0.0000,1.0
2014-07-25,0.95,0.98,0.9301,0.9634,0.9634,303400,0.0000,1.0
2014-07-24,0.95,0.95,0.9233,0.94,0.94,405100,0.0000,1.0
2014-07-23,0.9695,0.9695,0.9499,0.95,0.95,355600,0.0000,1.0
2014-07-22,0.99,1.01,0.9537,0.96,0.96,415000,0.0000,1.0
2014-07-21,0.98,1.01,0.9721,0.99,0.99,524900,0.0000,1.0
2014-07-18,0.9795,0.9892,0.9505,0.97,0.97,375300,0.0000,1.0
2014-07-17,0.96,0.98,0.95,0.97,0.97,349800,0.0000,1.0
2014-07-16,0.9695,0.978,0.95,0.951,0.951,435000,0.0000,1.0
2014-07-15,0.9895,1.01,0.96,0.96,0.96,517300,0.0000,1.0
2014-07-14,1.0,1.03,0.98,0.98,0.98,571800,0.0000,1.0
2014-07-11,1.01,1.04,0.992,1.01,1.01,742000,0.0000,1.0
2014-07-10,1.05,1.09,1.0,1.01,1.01,1138500,0.0000,1.0
2014-07-09,1.0,1.04,0.99,1.03,1.03,1356500,0.0000,1.0
2014-07-08,1.0,1.01,0.97,0.986,0.986,870700,0.0000,1.0
2014-07-07,0.99,1.0,0.96,0.9951,0.9951,527000,0.0000,1.0
2014-07-03,0.98,1.01,0.96,1.01,1.01,406900,0.0000,1.0
2014-07-02,0.9716,1.01,0.96,0.96,0.96,770400,0.0000,1.0
2014-07-01,0.98,1.01,0.95,1.0,1.0,1142700,0.0000,1.0
2014-06-30,0.94,0.9735,0.902,0.96,0.96,937300,0.0000,1.0
2014-06-27,0.9521,0.98,0.9101,0.93,0.93,10914800,0.0000,1.0
2014-06-26,0.95,1.0,0.95,0.96,0.96,580600,0.0000,1.0
2014-06-25,0.96,1.0,0.94,0.987,0.987,1196400,0.0000,1.0
2014-06-24,1.05,1.1094,0.95,0.96,0.96,1391100,0.0000,1.0
2014-06-23,1.08,1.09,1.05,1.05,1.05,883800,0.0000,1.0
2014-06-20,1.12,1.12,1.05,1.07,1.07,2761500,0.0000,1.0
2014-06-19,1.05,1.13,1.02,1.11,1.11,1743700,0.0000,1.0
2014-06-18,0.9536,1.02,0.952,1.01,1.01,567100,0.0000,1.0
2014-06-17,0.985,1.0,0.95,0.951,0.951,475100,0.0000,1.0
2014-06-16,1.01,1.02,0.95,0.989,0.989,868200,0.0000,1.0
2014-06-13,1.03,1.03,0.98,1.02,1.02,708300,0.0000,1.0
2014-06-12,0.9018,1.01,0.9018,0.996,0.996,884600,0.0000,1.0
2014-06-11,0.907,0.95,0.9,0.92,0.92,461700,0.0000,1.0
2014-06-10,0.91,0.95,0.91,0.928,0.928,314200,0.0000,1.0
2014-06-09,0.94,0.94,0.92,0.9302,0.9302,427400,0.0000,1.0
2014-06-06,0.93,0.9433,0.9007,0.9365,0.9365,552800,0.0000,1.0
2014-06-05,0.9,0.948,0.8801,0.921,0.921,647600,0.0000,1.0
2014-06-04,0.87,0.8977,0.855,0.8607,0.8607,630500,0.0000,1.0
2014-06-03,0.9,0.93,0.87,0.87,0.87,704600,0.0000,1.0
2014-06-02,0.89,0.94,0.8801,0.8991,0.8991,594800,0.0000,1.0
2014-05-30,0.96,0.97,0.89,0.9212,0.9212,1789900,0.0000,1.0
2014-05-29,0.92,0.9623,0.9105,0.954,0.954,634300,0.0000,1.0
2014-05-28,0.98,0.98,0.92,0.92,0.92,781600,0.0000,1.0
2014-05-27,1.03,1.05,0.9333,0.98,0.98,688100,0.0000,1.0
2014-05-23,0.96,0.99,0.935,0.989,0.989,606000,0.0000,1.0
2014-05-22,0.96,0.9989,0.96,0.9765,0.9765,374200,0.0000,1.0
2014-05-21,0.98,1.0,0.945,0.96,0.96,628700,0.0000,1.0
2014-05-20,1.0,1.03,0.97,0.97,0.97,833300,0.0000,1.0
2014-05-19,1.04,1.05,1.0,1.0,1.0,539500,0.0000,1.0
2014-05-16,1.0,1.03,0.9903,1.03,1.03,400400,0.0000,1.0
2014-05-15,1.0,1.04,1.0,1.0,1.0,516800,0.0000,1.0
2014-05-14,1.07,1.09,1.0,1.01,1.01,1126800,0.0000,1.0
2014-05-13,0.92,1.05,0.9103,1.03,1.03,2445200,0.0000,1.0
2014-05-12,0.94,0.94,0.9133,0.925,0.925,433600,0.0000,1.0
2014-05-09,0.9205,0.94,0.9,0.9,0.9,628700,0.0000,1.0
2014-05-08,0.93,0.97,0.9099,0.9099,0.9099,474600,0.0000,1.0
2014-05-07,0.95,0.989,0.93,0.9329,0.9329,486300,0.0000,1.0
2014-05-06,1.0,1.01,0.96,0.96,0.96,547100,0.0000,1.0
2014-05-05,1.04,1.06,1.0,1.0,1.0,492300,0.0000,1.0
2014-05-02,0.99,1.05,0.96,1.03,1.03,652500,0.0000,1.0
2014-05-01,1.01,1.03,0.9666,0.9802,0.9802,693100,0.0000,1.0
2014-04-30,1.0,1.04,1.0,1.01,1.01,320800,0.0000,1.0
2014-04-29,1.02,1.04,1.01,1.01,1.01,433600,0.0000,1.0
2014-04-28,1.06,1.07,1.02,1.03,1.03,433700,0.0000,1.0
2014-04-25,1.03,1.07,1.02,1.05,1.05,867500,0.0000,1.0
2014-04-24,1.11,1.13,1.04,1.05,1.05,2832000,0.0000,1.0
2014-04-23,1.12,1.1893,1.11,1.11,1.11,761500,0.0000,1.0
2014-04-22,1.13,1.13,1.11,1.13,1.13,494100,0.0000,1.0
2014-04-21,1.12,1.15,1.11,1.14,1.14,440300,0.0000,1.0
2014-04-17,1.14,1.15,1.11,1.12,1.12,383100,0.0000,1.0
2014-04-16,1.18,1.18,1.12,1.12,1.12,403200,0.0000,1.0
2014-04-15,1.2,1.2,1.15,1.17,1.17,398800,0.0000,1.0
2014-04-14,1.2,1.24,1.17,1.22,1.22,474000,0.0000,1.0
2014-04-11,1.23,1.25,1.2,1.2,1.2,398600,0.0000,1.0
2014-04-10,1.29,1.33,1.24,1.24,1.24,441500,0.0000,1.0
2014-04-09,1.24,1.3,1.24,1.29,1.29,381200,0.0000,1.0
2014-04-08,1.25,1.29,1.23,1.26,1.26,434900,0.0000,1.0
2014-04-07,1.24,1.28,1.23,1.23,1.23,234400,0.0000,1.0
2014-04-04,1.34,1.34,1.25,1.25,1.25,433500,0.0000,1.0
2014-04-03,1.28,1.34,1.28,1.3,1.3,368100,0.0000,1.0
2014-04-02,1.26,1.35,1.22,1.33,1.33,815400,0.0000,1.0
2014-04-01,1.23,1.28,1.22,1.25,1.25,280700,0.0000,1.0
2014-03-31,1.3,1.3,1.23,1.23,1.23,612000,0.0000,1.0
2014-03-28,1.21,1.31,1.21,1.3,1.3,586000,0.0000,1.0
2014-03-27,1.24,1.26,1.17,1.24,1.24,841800,0.0000,1.0
2014-03-26,1.28,1.33,1.23,1.23,1.23,1047900,0.0000,1.0
2014-03-25,1.28,1.33,1.25,1.33,1.33,357800,0.0000,1.0
2014-03-24,1.31,1.33,1.26,1.27,1.27,833300,0.0000,1.0
2014-03-21,1.38,1.4,1.27,1.37,1.37,3428800,0.0000,1.0
2014-03-20,1.35,1.41,1.35,1.37,1.37,384900,0.0000,1.0
2014-03-19,1.42,1.44,1.365,1.37,1.37,664600,0.0000,1.0
2014-03-18,1.39,1.44,1.36,1.41,1.41,805100,0.0000,1.0
2014-03-17,1.36,1.44,1.36,1.4,1.4,1316100,0.0000,1.0
2014-03-14,1.4,1.43,1.36,1.36,1.36,984800,0.0000,1.0
2014-03-13,1.35,1.43,1.35,1.39,1.39,605100,0.0000,1.0
2014-03-12,1.33,1.39,1.31,1.37,1.37,350300,0.0000,1.0
2014-03-11,1.33,1.4,1.32,1.32,1.32,494300,0.0000,1.0
2014-03-10,1.39,1.39,1.32,1.34,1.34,497500,0.0000,1.0
2014-03-07,1.43,1.43,1.38,1.4,1.4,442100,0.0000,1.0
2014-03-06,1.43,1.44,1.406,1.43,1.43,459600,0.0000,1.0
2014-03-05,1.38,1.43,1.35,1.42,1.42,616600,0.0000,1.0
2014-03-04,1.35,1.4,1.32,1.38,1.38,837900,0.0000,1.0
2014-03-03,1.4,1.4,1.33,1.34,1.34,510900,0.0000,1.0
2014-02-28,1.39,1.4,1.34,1.35,1.35,434400,0.0000,1.0
2014-02-27,1.35,1.4,1.32,1.35,1.35,542800,0.0000,1.0
2014-02-26,1.38,1.38,1.34,1.36,1.36,421600,0.0000,1.0
2014-02-25,1.43,1.45,1.35,1.37,1.37,408500,0.0000,1.0
2014-02-24,1.45,1.45,1.41,1.42,1.42,615800,0.0000,1.0
2014-02-21,1.41,1.43,1.32,1.4,1.4,847600,0.0000,1.0
2014-02-20,1.33,1.42,1.33,1.42,1.42,624400,0.0000,1.0
2014-02-19,1.41,1.45,1.31,1.32,1.32,968300,0.0000,1.0
2014-02-18,1.44,1.48,1.38,1.45,1.45,1248000,0.0000,1.0
2014-02-14,1.39,1.46,1.37,1.42,1.42,1133900,0.0000,1.0
2014-02-13,1.3,1.37,1.2998,1.37,1.37,821000,0.0000,1.0
2014-02-12,1.38,1.39,1.25,1.32,1.32,949100,0.0000,1.0
2014-02-11,1.3,1.42,1.27,1.39,1.39,1297700,0.0000,1.0
2014-02-10,1.23,1.28,1.22,1.27,1.27,1481900,0.0000,1.0
2014-02-07,1.12,1.21,1.12,1.2,1.2,698500,0.0000,1.0
2014-02-06,1.17,1.23,1.1,1.13,1.13,628100,0.0000,1.0
2014-02-05,1.24,1.26,1.15,1.17,1.17,1269200,0.0000,1.0
2014-02-04,1.21,1.23,1.18,1.23,1.23,727800,0.0000,1.0
2014-02-03,1.2,1.23,1.17,1.19,1.19,1007900,0.0000,1.0
2014-01-31,1.15,1.24,1.15,1.19,1.19,877000,0.0000,1.0
2014-01-30,1.15,1.2,1.12,1.2,1.2,761400,0.0000,1.0
2014-01-29,1.14,1.16,1.09,1.15,1.15,902100,0.0000,1.0
2014-01-28,1.01,1.07,1.01,1.05,1.05,746900,0.0000,1.0
2014-01-27,1.12,1.14,1.03,1.04,1.04,758800,0.0000,1.0
2014-01-24,1.22,1.23,1.12,1.13,1.13,886000,0.0000,1.0
2014-01-23,1.18,1.24,1.16,1.17,1.17,801500,0.0000,1.0
2014-01-22,1.2,1.25,1.15,1.17,1.17,1124900,0.0000,1.0
2014-01-21,1.16,1.21,1.14,1.2,1.2,1154100,0.0000,1.0
2014-01-17,1.12,1.17,1.07,1.15,1.15,1339300,0.0000,1.0
2014-01-16,1.01,1.06,1.0,1.06,1.06,943900,0.0000,1.0
2014-01-15,0.94,0.99,0.9302,0.99,0.99,822200,0.0000,1.0
2014-01-14,0.915,0.97,0.91,0.9328,0.9328,1091300,0.0000,1.0
2014-01-13,0.88,0.8998,0.846,0.897,0.897,849300,0.0000,1.0
2014-01-10,0.7804,0.879,0.78,0.8749,0.8749,1226000,0.0000,1.0
2014-01-09,0.83,0.847,0.7803,0.79,0.79,757000,0.0000,1.0
2014-01-08,0.835,0.85,0.82,0.82,0.82,450800,0.0000,1.0
2014-01-07,0.86,0.86,0.825,0.8419,0.8419,616000,0.0000,1.0
2014-01-06,0.87,0.88,0.86,0.8606,0.8606,333800,0.0000,1.0
2014-01-03,0.89,0.9092,0.8602,0.8657,0.8657,609900,0.0000,1.0
2014-01-02,0.95,0.9602,0.89,0.8956,0.8956,737300,0.0000,1.0
2013-12-31,0.882,0.95,0.8125,0.9318,0.9318,2110400,0.0000,1.0
2013-12-30,0.91,0.93,0.88,0.8898,0.8898,1116000,0.0000,1.0
2013-12-27,0.91,0.92,0.895,0.907,0.907,669500,0.0000,1.0
2013-12-26,0.93,0.96,0.904,0.9139,0.9139,566200,0.0000,1.0
2013-12-24,0.91,0.96,0.91,0.9383,0.9383,445700,0.0000,1.0
2013-12-23,0.93,0.9794,0.91,0.9189,0.9189,436500,0.0000,1.0
2013-12-20,0.93,0.96,0.91,0.94,0.94,3132800,0.0000,1.0
2013-12-19,0.94,0.948,0.91,0.9204,0.9204,781500,0.0000,1.0
2013-12-18,0.9502,1.0,0.9402,0.9402,0.9402,786200,0.0000,1.0
2013-12-17,0.99,1.02,0.95,0.9502,0.9502,867300,0.0000,1.0
2013-12-16,0.98,1.03,0.98,1.0,1.0,697000,0.0000,1.0
2013-12-13,0.98,1.02,0.98,0.98,0.98,467900,0.0000,1.0
2013-12-12,0.98,0.995,0.97,0.9804,0.9804,465800,0.0000,1.0
2013-12-11,1.02,1.02,0.9838,0.9901,0.9901,630300,0.0000,1.0
2013-12-10,1.08,1.08,1.01,1.01,1.01,843000,0.0000,1.0
2013-12-09,1.01,1.08,0.99,1.08,1.08,854700,0.0000,1.0
2013-12-06,1.06,1.09,1.0,1.01,1.01,687000,0.0000,1.0
2013-12-05,1.07,1.1,1.05,1.05,1.05,406800,0.0000,1.0
2013-12-04,1.06,1.09,1.05,1.08,1.08,483900,0.0000,1.0
2013-12-03,1.08,1.1,1.05,1.05,1.05,636400,0.0000,1.0
2013-12-02,1.16,1.16,1.07,1.09,1.09,574200,0.0000,1.0
2013-11-29,1.13,1.17,1.101,1.16,1.16,462800,0.0000,1.0
2013-11-27,1.1,1.13,1.05,1.1,1.1,982500,0.0000,1.0
2013-11-26,1.15,1.16,1.1,1.1,1.1,845600,0.0000,1.0
2013-11-25,1.11,1.18,1.11,1.17,1.17,444100,0.0000,1.0
2013-11-22,1.15,1.18,1.1,1.12,1.12,544200,0.0000,1.0
2013-11-21,1.18,1.2,1.12,1.15,1.15,796500,0.0000,1.0
2013-11-20,1.19,1.22,1.15,1.19,1.19,498700,0.0000,1.0
2013-11-19,1.2,1.22,1.18,1.19,1.19,241400,0.0000,1.0
2013-11-18,1.2,1.23,1.19,1.2,1.2,431200,0.0000,1.0
2013-11-15,1.21,1.23,1.19,1.2,1.2,319400,0.0000,1.0
2013-11-14,1.2,1.24,1.2,1.22,1.22,302100,0.0000,1.0
2013-11-13,1.2,1.22,1.195,1.2,1.2,444500,0.0000,1.0
2013-11-12,1.24,1.25,1.2,1.2,1.2,264000,0.0000,1.0
2013-11-11,1.25,1.26,1.2,1.24,1.24,206300,0.0000,1.0
2013-11-08,1.2,1.26,1.17,1.26,1.26,623100,0.0000,1.0
2013-11-07,1.23,1.26,1.2,1.2,1.2,297400,0.0000,1.0
2013-11-06,1.21,1.23,1.2,1.21,1.21,357000,0.0000,1.0
2013-11-05,1.18,1.21,1.18,1.2,1.2,363600,0.0000,1.0
2013-11-04,1.21,1.22,1.18,1.19,1.19,456700,0.0000,1.0
2013-11-01,1.22,1.24,1.19,1.23,1.23,904500,0.0000,1.0
2013-10-31,1.25,1.26,1.21,1.21,1.21,840800,0.0000,1.0
2013-10-30,1.31,1.34,1.25,1.26,1.26,365100,0.0000,1.0
2013-10-29,1.3,1.33,1.27,1.3,1.3,493200,0.0000,1.0
2013-10-28,1.38,1.42,1.3,1.31,1.31,539900,0.0000,1.0
2013-10-25,1.36,1.39,1.32,1.37,1.37,491300,0.0000,1.0
2013-10-24,1.33,1.38,1.33,1.38,1.38,352200,0.0000,1.0
2013-10-23,1.34,1.385,1.29,1.32,1.32,466700,0.0000,1.0
2013-10-22,1.27,1.36,1.26,1.36,1.36,1244700,0.0000,1.0
2013-10-21,1.28,1.28,1.24,1.25,1.25,341000,0.0000,1.0
2013-10-18,1.3,1.31,1.24,1.29,1.29,489800,0.0000,1.0
2013-10-17,1.28,1.31,1.2699,1.28,1.28,501000,0.0000,1.0
2013-10-16,1.23,1.28,1.23,1.24,1.24,258600,0.0000,1.0
2013-10-15,1.25,1.26,1.24,1.24,1.24,280800,0.0000,1.0
2013-10-14,1.28,1.28,1.25,1.27,1.27,288900,0.0000,1.0
2013-10-11,1.25,1.28,1.24,1.28,1.28,374000,0.0000,1.0
2013-10-10,1.28,1.29,1.24,1.28,1.28,524200,0.0000,1.0
2013-10-09,1.28,1.29,1.26,1.27,1.27,435600,0.0000,1.0
2013-10-08,1.28,1.32,1.28,1.29,1.29,358300,0.0000,1.0
2013-10-07,1.27,1.315,1.26,1.3,1.3,274200,0.0000,1.0
2013-10-04,1.29,1.3,1.26,1.28,1.28,332600,0.0000,1.0
2013-10-03,1.29,1.32,1.26,1.3,1.3,272100,0.0000,1.0
2013-10-02,1.27,1.32,1.25,1.3,1.3,471300,0.0000,1.0
2013-10-01,1.28,1.28,1.25,1.28,1.28,516600,0.0000,1.0
2013-09-30,1.25,1.31,1.25,1.29,1.29,337700,0.0000,1.0
2013-09-27,1.25,1.3,1.25,1.26,1.26,278700,0.0000,1.0
2013-09-26,1.28,1.32,1.25,1.25,1.25,275400,0.0000,1.0
2013-09-25,1.26,1.32,1.2599,1.29,1.29,485200,0.0000,1.0
2013-09-24,1.3,1.32,1.24,1.26,1.26,777900,0.0000,1.0
2013-09-23,1.32,1.35,1.285,1.32,1.32,405600,0.0000,1.0
2013-09-20,1.45,1.48,1.275,1.32,1.32,3130900,0.0000,1.0
2013-09-19,1.45,1.5,1.39,1.42,1.42,919600,0.0000,1.0
2013-09-18,1.32,1.45,1.27,1.44,1.44,1022000,0.0000,1.0
2013-09-17,1.32,1.36,1.29,1.32,1.32,359100,0.0000,1.0
2013-09-16,1.25,1.41,1.24,1.33,1.33,735100,0.0000,1.0
2013-09-13,1.3,1.3,1.23,1.24,1.24,556600,0.0000,1.0
2013-09-12,1.29,1.295,1.24,1.26,1.26,865700,0.0000,1.0
2013-09-11,1.29,1.35,1.27,1.29,1.29,567500,0.0000,1.0
2013-09-10,1.32,1.321,1.28,1.29,1.29,634200,0.0000,1.0
2013-09-09,1.41,1.44,1.31,1.32,1.32,703400,0.0000,1.0
2013-09-06,1.44,1.4401,1.39,1.41,1.41,286900,0.0000,1.0
2013-09-05,1.43,1.45,1.37,1.39,1.39,550000,0.0000,1.0
2013-09-04,1.44,1.46,1.41,1.44,1.44,426000,0.0000,1.0
2013-09-03,1.55,1.59,1.43,1.46,1.46,760300,0.0000,1.0
2013-08-30,1.57,1.57,1.51,1.52,1.52,374400,0.0000,1.0
2013-08-29,1.51,1.61,1.49,1.61,1.61,581000,0.0000,1.0
2013-08-28,1.57,1.62,1.51,1.52,1.52,408800,0.0000,1.0
2013-08-27,1.72,1.72,1.54,1.56,1.56,1041600,0.0000,1.0
2013-08-26,1.63,1.72,1.625,1.69,1.69,662400,0.0000,1.0
2013-08-23,1.61,1.65,1.58,1.63,1.63,487100,0.0000,1.0
2013-08-22,1.55,1.61,1.55,1.61,1.61,379700,0.0000,1.0
2013-08-21,1.61,1.61,1.53,1.55,1.55,352100,0.0000,1.0
2013-08-20,1.55,1.61,1.54,1.61,1.61,391200,0.0000,1.0
2013-08-19,1.56,1.65,1.53,1.53,1.53,805900,0.0000,1.0
2013-08-16,1.62,1.63,1.56,1.57,1.57,587200,0.0000,1.0
2013-08-15,1.58,1.63,1.55,1.62,1.62,714000,0.0000,1.0
2013-08-14,1.53,1.61,1.5,1.61,1.61,718900,0.0000,1.0
2013-08-13,1.5,1.54,1.39,1.53,1.53,730200,0.0000,1.0
2013-08-12,1.42,1.49,1.4,1.49,1.49,600800,0.0000,1.0
2013-08-09,1.33,1.41,1.33,1.38,1.38,380200,0.0000,1.0
2013-08-08,1.28,1.35,1.26,1.33,1.33,472600,0.0000,1.0
2013-08-07,1.23,1.3,1.22,1.28,1.28,287300,0.0000,1.0
2013-08-06,1.28,1.281,1.25,1.26,1.26,321800,0.0000,1.0
2013-08-05,1.35,1.359,1.27,1.28,1.28,383100,0.0000,1.0
2013-08-02,1.38,1.41,1.34,1.34,1.34,232900,0.0000,1.0
2013-08-01,1.39,1.419,1.34,1.39,1.39,385800,0.0000,1.0
2013-07-31,1.41,1.42,1.36,1.42,1.42,628900,0.0000,1.0
2013-07-30,1.4,1.43,1.35,1.42,1.42,601600,0.0000,1.0
2013-07-29,1.45,1.48,1.4,1.4,1.4,665600,0.0000,1.0
2013-07-26,1.44,1.51,1.41,1.48,1.48,315000,0.0000,1.0
2013-07-25,1.42,1.535,1.42,1.53,1.53,733300,0.0000,1.0
2013-07-24,1.51,1.52,1.36,1.41,1.41,784400,0.0000,1.0
2013-07-23,1.49,1.51,1.44,1.51,1.51,729500,0.0000,1.0
2013-07-22,1.4,1.5,1.4,1.49,1.49,1093500,0.0000,1.0
2013-07-19,1.31,1.39,1.29,1.39,1.39,449100,0.0000,1.0
2013-07-18,1.35,1.354,1.28,1.31,1.31,336100,0.0000,1.0
2013-07-17,1.4,1.41,1.3,1.33,1.33,706700,0.0000,1.0
2013-07-16,1.29,1.425,1.26,1.39,1.39,731400,0.0000,1.0
2013-07-15,1.27,1.31,1.21,1.28,1.28,659800,0.0000,1.0
2013-07-12,1.28,1.29,1.26,1.29,1.29,599200,0.0000,1.0
2013-07-11,1.25,1.29,1.23,1.29,1.29,625700,0.0000,1.0
2013-07-10,1.15,1.2,1.12,1.2,1.2,469500,0.0000,1.0
2013-07-09,1.15,1.17,1.14,1.17,1.17,398200,0.0000,1.0
2013-07-08,1.18,1.2,1.1,1.14,1.14,671700,0.0000,1.0
2013-07-05,1.13,1.17,1.07,1.17,1.17,765000,0.0000,1.0
2013-07-03,1.12,1.17,1.12,1.13,1.13,231100,0.0000,1.0
2013-07-02,1.16,1.19,1.12,1.12,1.12,559800,0.0000,1.0
2013-07-01,1.23,1.249,1.15,1.19,1.19,597800,0.0000,1.0
2013-06-28,1.07,1.19,1.06,1.19,1.19,1706500,0.0000,1.0
2013-06-27,1.06,1.1,1.04,1.07,1.07,974000,0.0000,1.0
2013-06-26,1.12,1.15,1.05,1.05,1.05,1193800,0.0000,1.0
2013-06-25,1.21,1.24,1.145,1.17,1.17,659000,0.0000,1.0
2013-06-24,1.21,1.25,1.11,1.19,1.19,1509000,0.0000,1.0
2013-06-21,1.33,1.36,1.2,1.22,1.22,3221900,0.0000,1.0
2013-06-20,1.36,1.4,1.31,1.32,1.32,1364500,0.0000,1.0
2013-06-19,1.45,1.47,1.37,1.4,1.4,655000,0.0000,1.0
2013-06-18,1.36,1.45,1.31,1.44,1.44,751900,0.0000,1.0
2013-06-17,1.37,1.42,1.29,1.36,1.36,1097300,0.0000,1.0
2013-06-14,1.44,1.47,1.36,1.36,1.36,440800,0.0000,1.0
2013-06-13,1.35,1.49,1.31,1.48,1.48,676300,0.0000,1.0
2013-06-12,1.41,1.44,1.34,1.35,1.35,653100,0.0000,1.0
2013-06-11,1.47,1.47,1.4,1.4,1.4,421200,0.0000,1.0
2013-06-10,1.41,1.55,1.4,1.5,1.5,589200,0.0000,1.0
2013-06-07,1.39,1.46,1.39,1.41,1.41,480000,0.0000,1.0
2013-06-06,1.43,1.46,1.39,1.42,1.42,672000,0.0000,1.0
2013-06-05,1.57,1.57,1.44,1.44,1.44,580300,0.0000,1.0
2013-06-04,1.68,1.68,1.55,1.55,1.55,637800,0.0000,1.0
2013-06-03,1.51,1.71,1.485,1.68,1.68,1248300,0.0000,1.0
2013-05-31,1.49,1.5,1.42,1.5,1.5,1035300,0.0000,1.0
2013-05-30,1.41,1.5,1.41,1.5,1.5,536000,0.0000,1.0
2013-05-29,1.38,1.45,1.36,1.44,1.44,660600,0.0000,1.0
2013-05-28,1.34,1.39,1.32,1.38,1.38,598600,0.0000,1.0
2013-05-24,1.32,1.34,1.31,1.34,1.34,194500,0.0000,1.0
2013-05-23,1.36,1.38,1.32,1.36,1.36,414800,0.0000,1.0
2013-05-22,1.38,1.39,1.3,1.33,1.33,654600,0.0000,1.0
2013-05-21,1.38,1.39,1.32,1.34,1.34,478200,0.0000,1.0
2013-05-20,1.25,1.41,1.2,1.4,1.4,940800,0.0000,1.0
2013-05-17,1.38,1.4,1.26,1.27,1.27,973400,0.0000,1.0
2013-05-16,1.36,1.41,1.35,1.39,1.39,492300,0.0000,1.0
2013-05-15,1.38,1.44,1.35,1.38,1.38,571400,0.0000,1.0
2013-05-14,1.41,1.45,1.38,1.43,1.43,500500,0.0000,1.0
2013-05-13,1.41,1.44,1.4,1.41,1.41,375300,0.0000,1.0
2013-05-10,1.34,1.45,1.34,1.45,1.45,655800,0.0000,1.0
2013-05-09,1.42,1.45,1.38,1.38,1.38,567700,0.0000,1.0
2013-05-08,1.43,1.44,1.35,1.43,1.43,631200,0.0000,1.0
2013-05-07,1.5,1.525,1.36,1.42,1.42,949000,0.0000,1.0
2013-05-06,1.51,1.52,1.5,1.51,1.51,488800,0.0000,1.0
2013-05-03,1.53,1.585,1.5,1.51,1.51,562600,0.0000,1.0
2013-05-02,1.51,1.56,1.51,1.52,1.52,602000,0.0000,1.0
2013-05-01,1.55,1.55,1.5,1.5,1.5,906100,0.0000,1.0
2013-04-30,1.61,1.61,1.55,1.58,1.58,645600,0.0000,1.0
2013-04-29,1.59,1.63,1.58,1.62,1.62,536200,0.0000,1.0
2013-04-26,1.62,1.62,1.55,1.59,1.59,684200,0.0000,1.0
2013-04-25,1.57,1.64,1.53,1.61,1.61,1049100,0.0000,1.0
2013-04-24,1.48,1.52,1.47,1.5,1.5,601600,0.0000,1.0
2013-04-23,1.5,1.5,1.44,1.46,1.46,759100,0.0000,1.0
2013-04-22,1.53,1.58,1.46,1.48,1.48,947000,0.0000,1.0
2013-04-19,1.57,1.58,1.46,1.47,1.47,993100,0.0000,1.0
2013-04-18,1.49,1.55,1.44,1.55,1.55,1145800,0.0000,1.0
2013-04-17,1.61,1.61,1.44,1.46,1.46,2058000,0.0000,1.0
2013-04-16,1.62,1.79,1.6,1.61,1.61,1489700,0.0000,1.0
2013-04-15,1.75,1.8,1.49,1.56,1.56,3186900,0.0000,1.0
2013-04-12,1.92,1.99,1.87,1.88,1.88,1136500,0.0000,1.0
2013-04-11,1.97,2.0,1.96,1.97,1.97,448000,0.0000,1.0
2013-04-10,2.06,2.1,1.96,1.97,1.97,805100,0.0000,1.0
2013-04-09,2.03,2.14,2.02,2.04,2.04,566600,0.0000,1.0
2013-04-08,2.05,2.1,2.01,2.03,2.03,344200,0.0000,1.0
2013-04-05,2.02,2.07,1.98,2.05,2.05,461800,0.0000,1.0
2013-04-04,1.95,2.0,1.91,1.97,1.97,762200,0.0000,1.0
2013-04-03,2.08,2.09,1.93,1.97,1.97,1436400,0.0000,1.0
2013-04-02,2.15,2.16,2.09,2.09,2.09,895900,0.0000,1.0
2013-04-01,2.23,2.25,2.16,2.17,2.17,756100,0.0000,1.0
2013-03-28,2.25,2.25,2.21,2.23,2.23,401800,0.0000,1.0
2013-03-27,2.21,2.26,2.17,2.23,2.23,1036400,0.0000,1.0
2013-03-26,2.17,2.19,2.13,2.16,2.16,539800,0.0000,1.0
2013-03-25,2.18,2.2,2.13,2.16,2.16,676500,0.0000,1.0
2013-03-22,2.28,2.28,2.17,2.18,2.18,470000,0.0000,1.0
2013-03-21,2.24,2.29,2.21,2.28,2.28,686400,0.0000,1.0
2013-03-20,2.22,2.22,2.15,2.22,2.22,517700,0.0000,1.0
2013-03-19,2.11,2.22,2.1,2.19,2.19,754000,0.0000,1.0
2013-03-18,2.22,2.22,2.11,2.11,2.11,727700,0.0000,1.0
2013-03-15,2.16,2.18,2.1,2.16,2.16,2523600,0.0000,1.0
2013-03-14,2.12,2.14,2.05,2.14,2.14,563500,0.0000,1.0
2013-03-13,2.19,2.2,2.07,2.09,2.09,1035700,0.0000,1.0
2013-03-12,2.12,2.19,2.07,2.18,2.18,1805700,0.0000,1.0
2013-03-11,2.03,2.09,1.98,2.03,2.03,660800,0.0000,1.0
2013-03-08,1.98,2.04,1.96,2.04,2.04,665700,0.0000,1.0
2013-03-07,2.01,2.02,1.95,1.98,1.98,522900,0.0000,1.0
2013-03-06,1.97,2.0,1.89,1.99,1.99,1386000,0.0000,1.0
2013-03-05,2.01,2.02,1.94,1.95,1.95,618200,0.0000,1.0
2013-03-04,2.08,2.1,1.95,1.96,1.96,1039800,0.0000,1.0
2013-03-01,2.06,2.1,2.03,2.06,2.06,728300,0.0000,1.0
2013-02-28,2.13,2.13,2.0,2.01,2.01,723500,0.0000,1.0
2013-02-27,2.09,2.09,2.0407,2.07,2.07,488100,0.0000,1.0
2013-02-26,2.04,2.1,2.0101,2.09,2.09,384900,0.0000,1.0
2013-02-25,2.1,2.13,2.04,2.04,2.04,734700,0.0000,1.0
2013-02-22,2.05,2.11,2.01,2.06,2.06,660000,0.0000,1.0
2013-02-21,1.9,2.02,1.9,2.0,2.0,804700,0.0000,1.0
2013-02-20,2.02,2.02,1.89,1.89,1.89,1674900,0.0000,1.0
2013-02-19,2.05,2.1,2.01,2.04,2.04,651100,0.0000,1.0
2013-02-15,2.1,2.19,2.05,2.05,2.05,673800,0.0000,1.0
2013-02-14,2.11,2.1301,2.08,2.09,2.09,387300,0.0000,1.0
2013-02-13,2.16,2.16,2.08,2.09,2.09,626200,0.0000,1.0
2013-02-12,2.19,2.195,2.12,2.15,2.15,491600,0.0000,1.0
2013-02-11,2.2,2.22,2.18,2.19,2.19,287600,0.0000,1.0
2013-02-08,2.19,2.22,2.18,2.21,2.21,398200,0.0000,1.0
2013-02-07,2.2,2.2,2.16,2.19,2.19,355700,0.0000,1.0
2013-02-06,2.2,2.22,2.18,2.19,2.19,221300,0.0000,1.0
2013-02-05,2.2,2.22,2.16,2.22,2.22,430100,0.0000,1.0
2013-02-04,2.23,2.23,2.18,2.18,2.18,551400,0.0000,1.0
2013-02-01,2.18,2.25,2.18,2.25,2.25,436400,0.0000,1.0
2013-01-31,2.22,2.25,2.18,2.21,2.21,440200,0.0000,1.0
2013-01-30,2.25,2.3,2.21,2.21,2.21,546000,0.0000,1.0
2013-01-29,2.17,2.27,2.17,2.27,2.27,571200,0.0000,1.0
2013-01-28,2.2,2.2,2.14,2.15,2.15,593900,0.0000,1.0
2013-01-25,2.22,2.24,2.17,2.2,2.2,811300,0.0000,1.0
2013-01-24,2.27,2.29,2.21,2.22,2.22,649400,0.0000,1.0
2013-01-23,2.3,2.34,2.28,2.3,2.3,346700,0.0000,1.0
2013-01-22,2.26,2.325,2.26,2.32,2.32,506900,0.0000,1.0
2013-01-18,2.27,2.32,2.27,2.31,2.31,418400,0.0000,1.0
2013-01-17,2.29,2.32,2.26,2.32,2.32,402100,0.0000,1.0
2013-01-16,2.32,2.33,2.28,2.28,2.28,255500,0.0000,1.0
2013-01-15,2.28,2.33,2.26,2.33,2.33,392800,0.0000,1.0
2013-01-14,2.32,2.32,2.275,2.29,2.29,375700,0.0000,1.0
2013-01-11,2.35,2.37,2.27,2.32,2.32,322300,0.0000,1.0
2013-01-10,2.32,2.36,2.31,2.35,2.35,335800,0.0000,1.0
2013-01-09,2.34,2.36,2.29,2.3,2.3,451100,0.0000,1.0
2013-01-08,2.27,2.32,2.26,2.32,2.32,342500,0.0000,1.0
2013-01-07,2.28,2.3224,2.27,2.27,2.27,629300,0.0000,1.0
2013-01-04,2.2966,2.35,2.26,2.35,2.35,544800,0.0000,1.0
2013-01-03,2.38,2.39,2.32,2.32,2.32,777700,0.0000,1.0
2013-01-02,2.35,2.42,2.34,2.39,2.39,1220400,0.0000,1.0
2012-12-31,2.25,2.32,2.24,2.32,2.32,1090700,0.0000,1.0
2012-12-28,2.2,2.26,2.19,2.24,2.24,571800,0.0000,1.0
2012-12-27,2.21,2.28,2.2,2.2,2.2,546800,0.0000,1.0
2012-12-26,2.16,2.25,2.16,2.22,2.22,368800,0.0000,1.0
2012-12-24,2.1,2.165,2.09,2.16,2.16,495300,0.0000,1.0
2012-12-21,2.21,2.26,2.08,2.08,2.08,2714400,0.0000,1.0
2012-12-20,2.17,2.23,2.13,2.22,2.22,972700,0.0000,1.0
2012-12-19,2.25,2.26,2.2,2.2,2.2,777800,0.0000,1.0
2012-12-18,2.24,2.26,2.22,2.24,2.24,612200,0.0000,1.0
2012-12-17,2.32,2.32,2.22,2.25,2.25,751200,0.0000,1.0
2012-12-14,2.28,2.32,2.24,2.32,2.32,449400,0.0000,1.0
2012-12-13,2.29,2.3,2.25,2.26,2.26,341000,0.0000,1.0
2012-12-12,2.29,2.38,2.28,2.29,2.29,827800,0.0000,1.0
2012-12-11,2.29,2.311,2.21,2.3,2.3,447700,0.0000,1.0
2012-12-10,2.29,2.29,2.22,2.27,2.27,379500,0.0000,1.0
2012-12-07,2.2,2.29,2.2,2.26,2.26,370000,0.0000,1.0
2012-12-06,2.27,2.3,2.21,2.21,2.21,621400,0.0000,1.0
2012-12-05,2.31,2.37,2.25,2.25,2.25,706600,0.0000,1.0
2012-12-04,2.27,2.33,2.26,2.32,2.32,418100,0.0000,1.0
2012-12-03,2.3,2.34,2.27,2.29,2.29,455300,0.0000,1.0
2012-11-30,2.38,2.4,2.31,2.32,2.32,793900,0.0000,1.0
2012-11-29,2.39,2.43,2.31,2.38,2.38,468200,0.0000,1.0
2012-11-28,2.3,2.38,2.27,2.37,2.37,540000,0.0000,1.0
2012-11-27,2.4,2.44,2.27,2.31,2.31,590700,0.0000,1.0
2012-11-26,2.47,2.47,2.4,2.42,2.42,409000,0.0000,1.0
2012-11-23,2.35,2.47,2.35,2.47,2.47,378300,0.0000,1.0
2012-11-21,2.33,2.36,2.3,2.36,2.36,319300,0.0000,1.0
2012-11-20,2.36,2.38,2.31,2.32,2.32,398500,0.0000,1.0
2012-11-19,2.35,2.43,2.34,2.37,2.37,592900,0.0000,1.0
2012-11-16,2.15,2.3,2.13,2.28,2.28,1223100,0.0000,1.0
2012-11-15,2.22,2.27,2.16,2.18,2.18,1086100,0.0000,1.0
2012-11-14,2.42,2.45,2.21,2.22,2.22,1694000,0.0000,1.0
2012-11-13,2.5,2.5199,2.41,2.41,2.41,826800,0.0000,1.0
2012-11-12,2.51,2.529,2.48,2.51,2.51,409900,0.0000,1.0
2012-11-09,2.51,2.54,2.49,2.5,2.5,639400,0.0000,1.0
2012-11-08,2.48,2.55,2.48,2.5,2.5,744000,0.0000,1.0
2012-11-07,2.58,2.58,2.46,2.47,2.47,1034700,0.0000,1.0
2012-11-06,2.58,2.6,2.53,2.6,2.6,440500,0.0000,1.0
2012-11-05,2.57,2.6,2.52,2.55,2.55,407700,0.0000,1.0
2012-11-02,2.67,2.67,2.56,2.56,2.56,650300,0.0000,1.0
2012-11-01,2.68,2.68,2.62,2.68,2.68,587000,0.0000,1.0
2012-10-31,2.55,2.67,2.53,2.66,2.66,1027500,0.0000,1.0
2012-10-26,2.53,2.59,2.53,2.59,2.59,578000,0.0000,1.0
2012-10-25,2.54,2.55,2.5,2.52,2.52,385200,0.0000,1.0
2012-10-24,2.52,2.56,2.48,2.49,2.49,320400,0.0000,1.0
2012-10-23,2.5,2.53,2.46,2.51,2.51,596100,0.0000,1.0
2012-10-22,2.48,2.64,2.48,2.56,2.56,871100,0.0000,1.0
2012-10-19,2.48,2.53,2.47,2.48,2.48,610200,0.0000,1.0
2012-10-18,2.5,2.55,2.48,2.48,2.48,472800,0.0000,1.0
2012-10-17,2.53,2.58,2.519,2.55,2.55,397500,0.0000,1.0
2012-10-16,2.56,2.5848,2.52,2.56,2.56,567500,0.0000,1.0
2012-10-15,2.5,2.54,2.42,2.53,2.53,793900,0.0000,1.0
2012-10-12,2.56,2.59,2.5,2.51,2.51,557000,0.0000,1.0
2012-10-11,2.53,2.6,2.53,2.56,2.56,364100,0.0000,1.0
2012-10-10,2.51,2.56,2.5,2.52,2.52,1017700,0.0000,1.0
2012-10-09,2.6,2.6001,2.51,2.52,2.52,688300,0.0000,1.0
2012-10-08,2.61,2.61,2.57,2.58,2.58,348300,0.0000,1.0
2012-10-05,2.69,2.7,2.61,2.62,2.62,467700,0.0000,1.0
2012-10-04,2.61,2.68,2.6,2.65,2.65,698400,0.0000,1.0
2012-10-03,2.62,2.64,2.56,2.58,2.58,687600,0.0000,1.0
2012-10-02,2.61,2.635,2.55,2.59,2.59,593100,0.0000,1.0
2012-10-01,2.7,2.7,2.6,2.61,2.61,705100,0.0000,1.0
2012-09-28,2.66,2.71,2.66,2.66,2.66,650100,0.0000,1.0
2012-09-27,2.65,2.71,2.61,2.7,2.7,851800,0.0000,1.0
2012-09-26,2.58,2.65,2.49,2.61,2.61,1427800,0.0000,1.0
2012-09-25,2.71,2.75,2.61,2.62,2.62,1229100,0.0000,1.0
2012-09-24,2.65,2.69,2.6,2.66,2.66,994200,0.0000,1.0
2012-09-21,2.7,2.77,2.62,2.69,2.69,2829600,0.0000,1.0
2012-09-20,2.75,2.78,2.68,2.68,2.68,1248300,0.0000,1.0
2012-09-19,2.74,2.79,2.68,2.78,2.78,1668300,0.0000,1.0
2012-09-18,2.73,2.76,2.67,2.7,2.7,1027100,0.0000,1.0
2012-09-17,2.73,2.77,2.7,2.73,2.73,1551200,0.0000,1.0
2012-09-14,2.78,2.79,2.58,2.7,2.7,1998200,0.0000,1.0
2012-09-13,2.63,2.78,2.58,2.73,2.73,2111200,0.0000,1.0
2012-09-12,2.65,2.65,2.54,2.62,2.62,977900,0.0000,1.0
2012-09-11,2.69,2.6983,2.58,2.6,2.6,1063900,0.0000,1.0
2012-09-10,2.79,2.8,2.67,2.68,2.68,925000,0.0000,1.0
2012-09-07,2.77,2.82,2.72,2.77,2.77,2572900,0.0000,1.0
2012-09-06,2.68,2.75,2.67,2.75,2.75,1974400,0.0000,1.0
2012-09-05,2.54,2.64,2.53,2.62,2.62,1727000,0.0000,1.0
2012-09-04,2.52,2.52,2.43,2.51,2.51,1060400,0.0000,1.0
2012-08-31,2.41,2.5,2.4,2.48,2.48,1093700,0.0000,1.0
2012-08-30,2.42,2.45,2.38,2.38,2.38,487100,0.0000,1.0
2012-08-29,2.45,2.46,2.4,2.42,2.42,475200,0.0000,1.0
2012-08-28,2.49,2.49,2.43,2.45,2.45,881800,0.0000,1.0
2012-08-27,2.46,2.49,2.42,2.48,2.48,744400,0.0000,1.0
2012-08-24,2.44,2.46,2.4,2.43,2.43,580200,0.0000,1.0
2012-08-23,2.53,2.55,2.42,2.46,2.46,901300,0.0000,1.0
2012-08-22,2.47,2.54,2.45,2.5,2.5,1718300,0.0000,1.0
2012-08-21,2.47,2.49,2.415,2.48,2.48,1383800,0.0000,1.0
2012-08-20,2.36,2.43,2.36,2.41,2.41,919600,0.0000,1.0
2012-08-17,2.34,2.38,2.3,2.37,2.37,828300,0.0000,1.0
2012-08-16,2.28,2.36,2.26,2.35,2.35,944100,0.0000,1.0
2012-08-15,2.28,2.3,2.24,2.27,2.27,703000,0.0000,1.0
2012-08-14,2.35,2.35,2.24,2.27,2.27,742600,0.0000,1.0
2012-08-13,2.4,2.44,2.32,2.35,2.35,599700,0.0000,1.0
2012-08-10,2.27,2.49,2.26,2.4,2.4,1800100,0.0000,1.0
2012-08-09,2.23,2.29,2.2111,2.27,2.27,495600,0.0000,1.0
2012-08-08,2.26,2.31,2.21,2.23,2.23,503100,0.0000,1.0
2012-08-07,2.31,2.36,2.26,2.28,2.28,698100,0.0000,1.0
2012-08-06,2.3,2.35,2.29,2.31,2.31,477200,0.0000,1.0
2012-08-03,2.24,2.31,2.24,2.28,2.28,729600,0.0000,1.0
2012-08-02,2.15,2.37,2.1,2.2,2.2,1047900,0.0000,1.0
2012-08-01,2.27,2.28,2.1,2.1,2.1,1443400,0.0000,1.0
2012-07-31,2.47,2.47,2.26,2.27,2.27,898200,0.0000,1.0
2012-07-30,2.43,2.45,2.385,2.42,2.42,529300,0.0000,1.0
2012-07-27,2.38,2.44,2.33,2.43,2.43,887200,0.0000,1.0
2012-07-26,2.42,2.45,2.32,2.37,2.37,948200,0.0000,1.0
2012-07-25,2.33,2.43,2.32,2.38,2.38,754100,0.0000,1.0
2012-07-24,2.27,2.32,2.26,2.27,2.27,484400,0.0000,1.0
2012-07-23,2.33,2.34,2.25,2.25,2.25,654400,0.0000,1.0
2012-07-20,2.4,2.44,2.35,2.36,2.36,485000,0.0000,1.0
2012-07-19,2.43,2.47,2.38,2.41,2.41,522400,0.0000,1.0
2012-07-18,2.46,2.46,2.41,2.42,2.42,448100,0.0000,1.0
2012-07-17,2.48,2.485,2.4,2.47,2.47,393700,0.0000,1.0
2012-07-16,2.49,2.5,2.43,2.46,2.46,687400,0.0000,1.0
2012-07-13,2.48,2.5,2.46,2.49,2.49,794500,0.0000,1.0
2012-07-12,2.31,2.49,2.31,2.47,2.47,1239800,0.0000,1.0
2012-07-11,2.33,2.36,2.31,2.32,2.32,528200,0.0000,1.0
2012-07-10,2.46,2.47,2.33,2.33,2.33,724200,0.0000,1.0
2012-07-09,2.4,2.45,2.35,2.45,2.45,511600,0.0000,1.0
2012-07-06,2.38,2.4201,2.29,2.4,2.4,743200,0.0000,1.0
2012-07-05,2.46,2.47,2.325,2.38,2.38,1116600,0.0000,1.0
2012-07-03,2.43,2.51,2.41,2.5,2.5,1063700,0.0000,1.0
2012-07-02,2.4,2.45,2.36,2.45,2.45,669000,0.0000,1.0
2012-06-29,2.36,2.4,2.32,2.4,2.4,942300,0.0000,1.0
2012-06-28,2.27,2.34,2.26,2.31,2.31,1134600,0.0000,1.0
2012-06-27,2.31,2.31,2.24,2.28,2.28,737100,0.0000,1.0
2012-06-26,2.4,2.4099,2.29,2.32,2.32,663900,0.0000,1.0
2012-06-25,2.39,2.43,2.35,2.4,2.4,718000,0.0000,1.0
2012-06-22,2.32,2.46,2.22,2.46,2.46,2172900,0.0000,1.0
2012-06-21,2.29,2.37,2.21,2.26,2.26,1006600,0.0000,1.0
2012-06-20,2.42,2.46,2.35,2.39,2.39,795700,0.0000,1.0
2012-06-19,2.41,2.5,2.4,2.45,2.45,1119100,0.0000,1.0
2012-06-18,2.34,2.44,2.26,2.42,2.42,1332600,0.0000,1.0
2012-06-15,2.41,2.41,2.345,2.37,2.37,962300,0.0000,1.0
2012-06-14,2.27,2.4,2.23,2.4,2.4,1024600,0.0000,1.0
2012-06-13,2.24,2.31,2.24,2.3,2.3,1010100,0.0000,1.0
2012-06-12,2.2,2.26,2.18,2.25,2.25,810700,0.0000,1.0
2012-06-11,2.27,2.29,2.18,2.19,2.19,983000,0.0000,1.0
2012-06-08,2.21,2.26,2.17,2.25,2.25,1020400,0.0000,1.0
2012-06-07,2.25,2.25,2.19,2.23,2.23,677900,0.0000,1.0
2012-06-06,2.23,2.26,2.19,2.25,2.25,1172500,0.0000,1.0
2012-06-05,2.14,2.22,2.14,2.21,2.21,742100,0.0000,1.0
2012-06-04,2.15,2.19,2.11,2.17,2.17,1219500,0.0000,1.0
2012-06-01,2.19,2.27,2.19,2.24,2.24,1660500,0.0000,1.0
2012-05-31,2.2,2.22,2.12,2.17,2.17,1655100,0.0000,1.0
2012-05-30,2.22,2.27,2.16,2.2,2.2,705900,0.0000,1.0
2012-05-29,2.27,2.27,2.16,2.25,2.25,975600,0.0000,1.0
2012-05-25,2.17,2.25,2.15,2.25,2.25,1080600,0.0000,1.0
2012-05-24,2.23,2.24,2.12,2.17,2.17,855000,0.0000,1.0
2012-05-23,2.19,2.24,2.09,2.22,2.22,1219500,0.0000,1.0
2012-05-22,2.27,2.27,2.16,2.22,2.22,1225800,0.0000,1.0
2012-05-21,2.21,2.27,2.16,2.26,2.26,867400,0.0000,1.0
2012-05-18,2.12,2.29,2.12,2.21,2.21,1392200,0.0000,1.0
2012-05-17,2.01,2.22,2.01,2.12,2.12,1614300,0.0000,1.0
2012-05-16,2.02,2.02,1.95,2.01,2.01,1257800,0.0000,1.0
2012-05-15,2.07,2.11,2.0,2.02,2.02,1155100,0.0000,1.0
2012-05-14,2.19,2.2,2.05,2.06,2.06,1385200,0.0000,1.0
2012-05-11,2.2,2.29,2.19,2.21,2.21,645500,0.0000,1.0
2012-05-10,2.31,2.33,2.23,2.24,2.24,557000,0.0000,1.0
2012-05-09,2.2,2.32,2.2,2.28,2.28,1019400,0.0000,1.0
2012-05-08,2.28,2.29,2.2,2.24,2.24,919200,0.0000,1.0
2012-05-07,2.25,2.32,2.23,2.3,2.3,708700,0.0000,1.0
2012-05-04,2.26,2.32,2.25,2.25,2.25,854300,0.0000,1.0
2012-05-03,2.39,2.44,2.26,2.27,2.27,1333900,0.0000,1.0
2012-05-02,2.43,2.44,2.37,2.39,2.39,720000,0.0000,1.0
2012-05-01,2.48,2.56,2.42,2.42,2.42,1044800,0.0000,1.0
2012-04-30,2.45,2.51,2.4399,2.44,2.44,1363500,0.0000,1.0
2012-04-27,2.39,2.47,2.39,2.45,2.45,780700,0.0000,1.0
2012-04-26,2.42,2.48,2.38,2.4,2.4,914500,0.0000,1.0
2012-04-25,2.45,2.46,2.34,2.43,2.43,1010200,0.0000,1.0
2012-04-24,2.36,2.445,2.35,2.43,2.43,1490100,0.0000,1.0
2012-04-23,2.33,2.38,2.29,2.35,2.35,1027700,0.0000,1.0
2012-04-20,2.28,2.41,2.27,2.38,2.38,1219200,0.0000,1.0
2012-04-19,2.29,2.32,2.25,2.26,2.26,690000,0.0000,1.0
2012-04-18,2.33,2.34,2.25,2.25,2.25,1171200,0.0000,1.0
2012-04-17,2.38,2.42,2.32,2.33,2.33,1047400,0.0000,1.0
2012-04-16,2.4,2.44,2.32,2.34,2.34,1182400,0.0000,1.0
2012-04-13,2.48,2.49,2.41,2.41,2.41,1037800,0.0000,1.0
2012-04-12,2.46,2.56,2.45,2.47,2.47,1718800,0.0000,1.0
2012-04-11,2.48,2.48,2.4,2.47,2.47,865400,0.0000,1.0
2012-04-10,2.41,2.495,2.37,2.43,2.43,1164500,0.0000,1.0
2012-04-09,2.46,2.52,2.41,2.42,2.42,1187000,0.0000,1.0
2012-04-05,2.47,2.53,2.44,2.47,2.47,1135300,0.0000,1.0
2012-04-04,2.36,2.51,2.35,2.47,2.47,2056000,0.0000,1.0
2012-04-03,2.42,2.6,2.39,2.41,2.41,3975200,0.0000,1.0
2012-04-02,2.27,2.37,2.27,2.35,2.35,1385500,0.0000,1.0
2012-03-30,2.27,2.35,2.25,2.26,2.26,1050900,0.0000,1.0
2012-03-29,2.22,2.31,2.15,2.26,2.26,1326300,0.0000,1.0
2012-03-28,2.29,2.29,2.15,2.2,2.2,2214500,0.0000,1.0
2012-03-27,2.415,2.46,2.31,2.33,2.33,807500,0.0000,1.0
2012-03-26,2.46,2.48,2.4,2.43,2.43,1047000,0.0000,1.0
2012-03-23,2.32,2.44,2.31,2.42,2.42,1230100,0.0000,1.0
2012-03-22,2.26,2.34,2.25,2.3,2.3,542700,0.0000,1.0
2012-03-21,2.25,2.35,2.25,2.32,2.32,774900,0.0000,1.0
2012-03-20,2.22,2.31,2.21,2.27,2.27,626500,0.0000,1.0
2012-03-19,2.26,2.3,2.23,2.25,2.25,908400,0.0000,1.0
2012-03-16,2.34,2.34,2.25,2.25,2.25,999900,0.0000,1.0
2012-03-15,2.3,2.34,2.29,2.32,2.32,397900,0.0000,1.0
2012-03-14,2.35,2.35,2.28,2.29,2.29,953800,0.0000,1.0
2012-03-13,2.32,2.4,2.32,2.38,2.38,459600,0.0000,1.0
2012-03-12,2.41,2.41,2.32,2.33,2.33,406300,0.0000,1.0
2012-03-09,2.39,2.47,2.36,2.41,2.41,500800,0.0000,1.0
2012-03-08,2.38,2.43,2.33,2.41,2.41,499400,0.0000,1.0
2012-03-07,2.33,2.42,2.31,2.37,2.37,733800,0.0000,1.0
2012-03-06,2.38,2.43,2.27,2.29,2.29,1593400,0.0000,1.0
2012-03-05,2.52,2.52,2.43,2.43,2.43,900900,0.0000,1.0
2012-03-02,2.55,2.57,2.45,2.45,2.45,967100,0.0000,1.0
2012-03-01,2.56,2.67,2.55,2.55,2.55,734600,0.0000,1.0
2012-02-29,2.73,2.79,2.54,2.55,2.55,2007500,0.0000,1.0
2012-02-28,2.68,2.74,2.68,2.69,2.69,1466400,0.0000,1.0
2012-02-27,2.63,2.71,2.53,2.67,2.67,1434100,0.0000,1.0
2012-02-24,2.74,2.74,2.62,2.62,2.62,759200,0.0000,1.0
2012-02-23,2.65,2.74,2.551,2.71,2.71,1770300,0.0000,1.0
2012-02-22,2.55,2.63,2.52,2.55,2.55,779900,0.0000,1.0
2012-02-21,2.57,2.65,2.49,2.57,2.57,1054000,0.0000,1.0
2012-02-17,2.57,2.65,2.51,2.55,2.55,1235700,0.0000,1.0
2012-02-16,2.52,2.5601,2.49,2.54,2.54,1422900,0.0000,1.0
2012-02-15,2.44,2.49,2.4,2.42,2.42,760100,0.0000,1.0
2012-02-14,2.48,2.49,2.39,2.42,2.42,784900,0.0000,1.0
2012-02-13,2.45,2.5201,2.42,2.48,2.48,667700,0.0000,1.0
2012-02-10,2.5,2.53,2.41,2.49,2.49,920000,0.0000,1.0
2012-02-09,2.61,2.66,2.52,2.54,2.54,774200,0.0000,1.0
2012-02-08,2.72,2.75,2.61,2.61,2.61,1224400,0.0000,1.0
2012-02-07,2.73,2.77,2.65,2.72,2.72,946700,0.0000,1.0
2012-02-06,2.7,2.73,2.64,2.7,2.7,717600,0.0000,1.0
2012-02-03,2.68,2.75,2.64,2.75,2.75,1114900,0.0000,1.0
2012-02-02,2.68,2.72,2.65,2.69,2.69,1085100,0.0000,1.0
2012-02-01,2.62,2.69,2.6,2.69,2.69,1497500,0.0000,1.0
2012-01-31,2.51,2.58,2.43,2.58,2.58,1770200,0.0000,1.0
2012-01-30,2.49,2.51,2.46,2.48,2.48,612600,0.0000,1.0
2012-01-27,2.47,2.56,2.47,2.51,2.51,1184000,0.0000,1.0
2012-01-26,2.51,2.53,2.41,2.49,2.49,1551900,0.0000,1.0
2012-01-25,2.39,2.5,2.37,2.5,2.5,1416100,0.0000,1.0
2012-01-24,2.38,2.41,2.34,2.4,2.4,632900,0.0000,1.0
2012-01-23,2.33,2.43,2.33,2.38,2.38,1061600,0.0000,1.0
2012-01-20,2.3,2.33,2.27,2.29,2.29,765400,0.0000,1.0
2012-01-19,2.37,2.38,2.3,2.3,2.3,743000,0.0000,1.0
2012-01-18,2.36,2.39,2.35,2.37,2.37,461100,0.0000,1.0
2012-01-17,2.47,2.55,2.33,2.36,2.36,1617000,0.0000,1.0
2012-01-13,2.32,2.4,2.32,2.38,2.38,1103900,0.0000,1.0
2012-01-12,2.34,2.4,2.3,2.34,2.34,672800,0.0000,1.0
2012-01-11,2.34,2.38,2.29,2.32,2.32,694600,0.0000,1.0
2012-01-10,2.38,2.43,2.32,2.33,2.33,778800,0.0000,1.0
2012-01-09,2.35,2.39,2.28,2.3,2.3,794100,0.0000,1.0
2012-01-06,2.38,2.4,2.31,2.33,2.33,822300,0.0000,1.0
2012-01-05,2.32,2.39,2.26,2.35,2.35,837500,0.0000,1.0
2012-01-04,2.39,2.42,2.27,2.33,2.33,823800,0.0000,1.0
2012-01-03,2.2,2.33,2.18,2.32,2.32,1420000,0.0000,1.0
2011-12-30,2.1,2.14,2.075,2.14,2.14,1444300,0.0000,1.0
2011-12-29,2.09,2.11,2.03,2.07,2.07,1449300,0.0000,1.0
2011-12-28,2.18,2.18,2.06,2.06,2.06,664000,0.0000,1.0
2011-12-27,2.2,2.21,2.11,2.13,2.13,671500,0.0000,1.0
2011-12-23,2.14,2.2,2.11,2.2,2.2,753700,0.0000,1.0
2011-12-22,2.17,2.2,2.1,2.1,2.1,1108400,0.0000,1.0
2011-12-21,2.16,2.23,2.14,2.2,2.2,766300,0.0000,1.0
2011-12-20,2.18,2.2,2.08,2.15,2.15,1989800,0.0000,1.0
2011-12-19,2.21,2.26,2.05,2.05,2.05,1572300,0.0000,1.0
2011-12-16,2.34,2.41,2.17,2.22,2.22,3412400,0.0000,1.0
2011-12-15,2.45,2.45,2.27,2.3,2.3,1253100,0.0000,1.0
2011-12-14,2.29,2.43,2.21,2.39,2.39,1848700,0.0000,1.0
2011-12-13,2.48,2.56,2.34,2.34,2.34,1559700,0.0000,1.0
2011-12-12,2.49,2.65,2.43,2.48,2.48,1451300,0.0000,1.0
2011-12-09,2.49,2.61,2.46,2.59,2.59,668700,0.0000,1.0
2011-12-08,2.63,2.63,2.44,2.44,2.44,1181500,0.0000,1.0
2011-12-07,2.67,2.67,2.59,2.63,2.63,659200,0.0000,1.0
2011-12-06,2.55,2.7,2.51,2.68,2.68,731200,0.0000,1.0
2011-12-05,2.65,2.66,2.52,2.56,2.56,671700,0.0000,1.0
2011-12-02,2.8,2.83,2.57,2.59,2.59,826900,0.0000,1.0
2011-12-01,2.67,2.75,2.58,2.63,2.63,991000,0.0000,1.0
2011-11-30,2.55,2.64,2.5,2.64,2.64,1433700,0.0000,1.0
2011-11-29,2.41,2.55,2.39,2.41,2.41,1529600,0.0000,1.0
2011-11-28,2.33,2.43,2.33,2.43,2.43,1237500,0.0000,1.0
2011-11-25,2.28,2.35,2.22,2.22,2.22,551700,0.0000,1.0
2011-11-23,2.37,2.41,2.25,2.25,2.25,1428600,0.0000,1.0
2011-11-22,2.32,2.46,2.31,2.4,2.4,1291900,0.0000,1.0
2011-11-21,2.44,2.44,2.25,2.31,2.31,1713300,0.0000,1.0
2011-11-18,2.59,2.6,2.42,2.42,2.42,1437500,0.0000,1.0
2011-11-17,2.71,2.73,2.55,2.55,2.55,1049700,0.0000,1.0
2011-11-16,2.77,2.79,2.7,2.7,2.7,843000,0.0000,1.0
2011-11-15,2.72,2.82,2.71,2.81,2.81,588600,0.0000,1.0
2011-11-14,2.82,2.9,2.71,2.74,2.74,873700,0.0000,1.0
2011-11-11,2.83,2.9,2.79,2.86,2.86,793000,0.0000,1.0
2011-11-10,2.87,2.9,2.7,2.76,2.76,1294000,0.0000,1.0
2011-11-09,2.96,2.999,2.84,2.84,2.84,1312100,0.0000,1.0
2011-11-08,3.01,3.06,2.94,3.0,3.0,1360100,0.0000,1.0
2011-11-07,2.98,3.049,2.92,2.94,2.94,1298200,0.0000,1.0
2011-11-04,2.85,2.95,2.82,2.92,2.92,1104100,0.0000,1.0
2011-11-03,2.82,2.9,2.71,2.9,2.9,1089400,0.0000,1.0
2011-11-02,2.7,2.79,2.63,2.75,2.75,884900,0.0000,1.0
2011-11-01,2.57,2.67,2.46,2.61,2.61,1324900,0.0000,1.0
2011-10-31,2.78,2.84,2.66,2.66,2.66,829700,0.0000,1.0
2011-10-28,2.8,2.94,2.76,2.85,2.85,1251100,0.0000,1.0
2011-10-27,2.71,2.82,2.66,2.81,2.81,2069900,0.0000,1.0
2011-10-26,2.66,2.68,2.49,2.66,2.66,1177200,0.0000,1.0
2011-10-25,2.56,2.67,2.47,2.58,2.58,1442700,0.0000,1.0
2011-10-24,2.4,2.57,2.4,2.57,2.57,1265300,0.0000,1.0
2011-10-21,2.37,2.43,2.35,2.4,2.4,765000,0.0000,1.0
2011-10-20,2.36,2.42,2.26,2.31,2.31,712500,0.0000,1.0
2011-10-19,2.38,2.44,2.31,2.34,2.34,776600,0.0000,1.0
2011-10-18,2.35,2.45,2.23,2.43,2.43,1183600,0.0000,1.0
2011-10-17,2.57,2.57,2.37,2.37,2.37,810600,0.0000,1.0
2011-10-14,2.62,2.62,2.44,2.54,2.54,657800,0.0000,1.0
2011-10-13,2.53,2.54,2.4,2.48,2.48,875100,0.0000,1.0
2011-10-12,2.59,2.63,2.5,2.59,2.59,957800,0.0000,1.0
2011-10-11,2.45,2.55,2.4,2.53,2.53,678100,0.0000,1.0
2011-10-10,2.43,2.53,2.37,2.53,2.53,929200,0.0000,1.0
2011-10-07,2.57,2.57,2.29,2.33,2.33,1185100,0.0000,1.0
2011-10-06,2.36,2.56,2.36,2.49,2.49,1414100,0.0000,1.0
2011-10-05,2.3,2.36,2.22,2.36,2.36,1021600,0.0000,1.0
2011-10-04,2.2,2.25,2.01,2.2,2.2,2202300,0.0000,1.0
2011-10-03,2.36,2.45,2.17,2.17,2.17,1610400,0.0000,1.0
2011-09-30,2.41,2.48,2.33,2.36,2.36,1462900,0.0000,1.0
2011-09-29,2.56,2.57,2.34,2.41,2.41,929000,0.0000,1.0
2011-09-28,2.61,2.71,2.41,2.41,2.41,1554400,0.0000,1.0
2011-09-27,2.84,2.95,2.6,2.64,2.64,2296700,0.0000,1.0
2011-09-26,2.46,2.62,2.35,2.61,2.61,1472600,0.0000,1.0
2011-09-23,2.58,2.59,2.33,2.42,2.42,1798100,0.0000,1.0
2011-09-22,2.79,2.82,2.53,2.58,2.58,2316000,0.0000,1.0
2011-09-21,2.98,3.14,2.925,2.94,2.94,1877000,0.0000,1.0
2011-09-20,3.05,3.17,2.97,2.99,2.99,2392100,0.0000,1.0
2011-09-19,2.8,3.06,2.74,2.95,2.95,2894000,0.0000,1.0
2011-09-16,2.7,2.89,2.65,2.71,2.71,2070300,0.0000,1.0
2011-09-15,2.87,2.87,2.62,2.69,2.69,1853100,0.0000,1.0
2011-09-14,3.04,3.23,2.78,2.86,2.86,3732200,0.0000,1.0
2011-09-13,2.38,2.99,2.32,2.92,2.92,4045200,0.0000,1.0
2011-09-12,2.39,2.42,2.26,2.39,2.39,1075700,0.0000,1.0
2011-09-09,2.5,2.56,2.36,2.38,2.38,977900,0.0000,1.0
2011-09-08,2.45,2.56,2.45,2.54,2.54,1038900,0.0000,1.0
2011-09-07,2.41,2.5,2.35,2.46,2.46,818000,0.0000,1.0
2011-09-06,2.32,2.48,2.31,2.39,2.39,815300,0.0000,1.0
2011-09-02,2.41,2.54,2.36,2.36,2.36,968300,0.0000,1.0
2011-09-01,2.45,2.5,2.37,2.37,2.37,648000,0.0000,1.0
2011-08-31,2.54,2.56,2.41,2.44,2.44,642700,0.0000,1.0
2011-08-30,2.41,2.54,2.4,2.52,2.52,915000,0.0000,1.0
2011-08-29,2.36,2.39,2.2701,2.39,2.39,690000,0.0000,1.0
2011-08-26,2.23,2.38,2.21,2.38,2.38,1165300,0.0000,1.0
2011-08-25,2.28,2.31,2.21,2.21,2.21,1015700,0.0000,1.0
2011-08-24,2.33,2.38,2.2,2.31,2.31,983000,0.0000,1.0
2011-08-23,2.42,2.42,2.32,2.41,2.41,932400,0.0000,1.0
2011-08-22,2.54,2.61,2.41,2.41,2.41,1301900,0.0000,1.0
2011-08-19,2.37,2.58,2.34,2.43,2.43,1186800,0.0000,1.0
2011-08-18,2.51,2.5299,2.37,2.37,2.37,1146500,0.0000,1.0
2011-08-17,2.56,2.71,2.5,2.57,2.57,882900,0.0000,1.0
2011-08-16,2.615,2.68,2.5,2.51,2.51,838700,0.0000,1.0
2011-08-15,2.41,2.64,2.36,2.63,2.63,1249600,0.0000,1.0
2011-08-12,2.55,2.56,2.33,2.36,2.36,1156100,0.0000,1.0
2011-08-11,2.54,2.62,2.4051,2.56,2.56,1329800,0.0000,1.0
2011-08-10,2.37,2.7,2.33,2.52,2.52,2143600,0.0000,1.0
2011-08-09,2.21,2.32,2.0,2.32,2.32,3167800,0.0000,1.0
2011-08-08,2.39,2.45,2.0,2.07,2.07,2987000,0.0000,1.0
2011-08-05,2.62,2.7,2.25,2.46,2.46,2678200,0.0000,1.0
2011-08-04,2.9,2.91,2.64,2.64,2.64,2643800,0.0000,1.0
2011-08-03,3.02,3.04,2.87,2.91,2.91,1181500,0.0000,1.0
2011-08-02,3.07,3.1,3.0,3.01,3.01,687700,0.0000,1.0
2011-08-01,3.02,3.15,3.01,3.06,3.06,644000,0.0000,1.0
2011-07-29,2.91,3.02,2.85,3.01,3.01,808500,0.0000,1.0
2011-07-28,3.06,3.09,2.85,2.93,2.93,1496000,0.0000,1.0
2011-07-27,3.185,3.2,3.0,3.0,3.0,1271200,0.0000,1.0
2011-07-26,3.2,3.2205,3.15,3.15,3.15,707500,0.0000,1.0
2011-07-25,3.19,3.22,3.13,3.13,3.13,837400,0.0000,1.0
2011-07-22,3.17,3.18,3.12,3.13,3.13,806500,0.0000,1.0
2011-07-21,3.15,3.22,3.1,3.12,3.12,886800,0.0000,1.0
2011-07-20,3.18,3.24,3.12,3.15,3.15,837700,0.0000,1.0
2011-07-19,3.31,3.31,3.16,3.2,3.2,988400,0.0000,1.0
2011-07-18,3.43,3.43,3.22,3.27,3.27,1335700,0.0000,1.0
2011-07-15,3.27,3.36,3.25,3.34,3.34,804700,0.0000,1.0
2011-07-14,3.44,3.44,3.24,3.25,3.25,937100,0.0000,1.0
2011-07-13,3.34,3.46,3.31,3.34,3.34,1562100,0.0000,1.0
2011-07-12,3.21,3.37,3.18,3.31,3.31,1032000,0.0000,1.0
2011-07-11,3.4,3.42,3.21,3.27,3.27,1095900,0.0000,1.0
2011-07-08,3.36,3.39,3.231,3.37,3.37,955300,0.0000,1.0
2011-07-07,3.41,3.45,3.31,3.33,3.33,973400,0.0000,1.0
2011-07-06,3.31,3.38,3.28,3.33,3.33,1297400,0.0000,1.0
2011-07-05,3.3,3.32,3.21,3.29,3.29,1391600,0.0000,1.0
2011-07-01,3.28,3.28,3.02,3.18,3.18,1844500,0.0000,1.0
2011-06-30,3.32,3.38,3.25,3.26,3.26,1384700,0.0000,1.0
2011-06-29,3.48,3.48,3.3201,3.35,3.35,950500,0.0000,1.0
2011-06-28,3.36,3.39,3.28,3.38,3.38,1301400,0.0000,1.0
2011-06-27,3.3,3.335,3.21,3.3,3.3,1578400,0.0000,1.0
2011-06-24,3.5,3.62,3.36,3.5,3.5,15287200,0.0000,1.0
2011-06-23,3.62,3.65,3.43,3.55,3.55,3635200,0.0000,1.0
2011-06-22,3.76,3.85,3.6,3.74,3.74,2109000,0.0000,1.0
2011-06-21,3.76,3.87,3.73,3.85,3.85,1898200,0.0000,1.0
2011-06-20,3.72,3.8,3.68,3.79,3.79,1409100,0.0000,1.0
2011-06-17,3.48,3.82,3.35,3.82,3.82,5470800,0.0000,1.0
2011-06-16,3.66,3.73,3.36,3.51,3.51,2313400,0.0000,1.0
2011-06-15,3.68,3.76,3.38,3.75,3.75,2742800,0.0000,1.0
2011-06-14,3.58,3.76,3.55,3.68,3.68,2575200,0.0000,1.0
2011-06-13,3.33,3.6,3.3,3.57,3.57,4951700,0.0000,1.0
2011-06-10,3.16,3.3396,3.0801,3.3,3.3,1198500,0.0000,1.0
2011-06-09,3.03,3.19,2.99,3.18,3.18,663200,0.0000,1.0
2011-06-08,3.04,3.09,2.96,3.09,3.09,1306500,0.0000,1.0
2011-06-07,3.06,3.14,3.03,3.08,3.08,831100,0.0000,1.0
2011-06-06,3.21,3.22,3.05,3.05,3.05,753000,0.0000,1.0
2011-06-03,3.12,3.36,3.01,3.24,3.24,1300500,0.0000,1.0
2011-06-02,3.3,3.31,3.09,3.13,3.13,1274400,0.0000,1.0
2011-06-01,3.36,3.37,3.2,3.26,3.26,984500,0.0000,1.0
2011-05-31,3.47,3.47,3.2,3.39,3.39,4152400,0.0000,1.0
2011-05-27,3.37,3.46,3.36,3.46,3.46,1061400,0.0000,1.0
2011-05-26,3.4,3.4,3.2,3.35,3.35,1034800,0.0000,1.0
2011-05-25,3.26,3.4,3.23,3.4,3.4,1152300,0.0000,1.0
2011-05-24,3.2,3.29,3.13,3.26,3.26,1195400,0.0000,1.0
2011-05-23,3.04,3.22,3.0,3.17,3.17,1502600,0.0000,1.0
2011-05-20,2.81,3.04,2.81,3.01,3.01,1313700,0.0000,1.0
2011-05-19,2.79,2.85,2.77,2.85,2.85,555200,0.0000,1.0
2011-05-18,2.79,2.86,2.75,2.81,2.81,695400,0.0000,1.0
2011-05-17,2.76,2.79,2.65,2.79,2.79,1163300,0.0000,1.0
2011-05-16,2.69,2.85,2.65,2.79,2.79,1065000,0.0000,1.0
2011-05-13,2.8,2.85,2.63,2.67,2.67,1282100,0.0000,1.0
2011-05-12,2.71,2.81,2.58,2.79,2.79,1672600,0.0000,1.0
2011-05-11,2.95,2.96,2.76,2.79,2.79,1169100,0.0000,1.0
2011-05-10,2.99,3.11,2.95,2.96,2.96,1140300,0.0000,1.0
2011-05-09,2.86,2.99,2.86,2.99,2.99,1050900,0.0000,1.0
2011-05-06,2.8,2.91,2.72,2.83,2.83,2446500,0.0000,1.0
2011-05-05,2.79,2.79,2.6,2.67,2.67,1900000,0.0000,1.0
2011-05-04,2.9,2.94,2.65,2.8,2.8,5106000,0.0000,1.0
2011-05-03,3.08,3.11,2.95,2.97,2.97,2212900,0.0000,1.0
2011-05-02,3.19,3.23,3.1,3.1,3.1,794500,0.0000,1.0
2011-04-29,3.3,3.35,3.18,3.25,3.25,883000,0.0000,1.0
2011-04-28,3.49,3.49,3.27,3.3,3.3,1242600,0.0000,1.0
2011-04-27,3.44,3.53,3.28,3.45,3.45,1934800,0.0000,1.0
2011-04-26,3.09,3.4,3.0,3.38,3.38,3200000,0.0000,1.0
2011-04-25,3.14,3.16,3.03,3.05,3.05,1126800,0.0000,1.0
2011-04-21,3.31,3.33,3.1,3.17,3.17,1202600,0.0000,1.0
2011-04-20,3.28,3.3299,3.23,3.25,3.25,1048100,0.0000,1.0
2011-04-19,3.2,3.24,3.16,3.21,3.21,999200,0.0000,1.0
2011-04-18,3.2,3.2,3.03,3.18,3.18,2339900,0.0000,1.0
2011-04-15,3.37,3.4,3.2,3.21,3.21,1999700,0.0000,1.0
2011-04-14,3.41,3.46,3.34,3.36,3.36,1163100,0.0000,1.0
2011-04-13,3.47,3.54,3.36,3.39,3.39,1258200,0.0000,1.0
2011-04-12,3.62,3.62,3.37,3.45,3.45,2147200,0.0000,1.0
2011-04-11,4.06,4.07,3.16,3.55,3.55,7656100,0.0000,1.0
2011-04-08,4.08,4.12,3.9301,3.98,3.98,1733200,0.0000,1.0
2011-04-07,3.97,4.029,3.86,3.91,3.91,677500,0.0000,1.0
2011-04-06,4.05,4.17,3.82,3.92,3.92,1943200,0.0000,1.0
2011-04-05,3.75,4.02,3.65,4.01,4.01,1838700,0.0000,1.0
2011-04-04,3.87,3.88,3.7,3.74,3.74,1154900,0.0000,1.0
2011-04-01,3.9,3.95,3.8,3.8,3.8,757100,0.0000,1.0
2011-03-31,3.96,3.97,3.87,3.88,3.88,548000,0.0000,1.0
2011-03-30,3.94,3.97,3.85,3.86,3.86,544000,0.0000,1.0
2011-03-29,3.9,3.93,3.8,3.9,3.9,621500,0.0000,1.0
2011-03-28,3.81,3.97,3.78,3.83,3.83,875600,0.0000,1.0
2011-03-25,3.9,3.96,3.8,3.8,3.8,1024200,0.0000,1.0
2011-03-24,4.07,4.11,3.77,3.88,3.88,2092100,0.0000,1.0
2011-03-23,4.1,4.1,4.02,4.09,4.09,1394800,0.0000,1.0
2011-03-22,3.91,4.08,3.86,4.07,4.07,1801900,0.0000,1.0
2011-03-21,3.87,3.94,3.84,3.86,3.86,1366300,0.0000,1.0
2011-03-18,3.65,3.82,3.63,3.74,3.74,1603400,0.0000,1.0
2011-03-17,3.57,3.6,3.43,3.57,3.57,1253700,0.0000,1.0
2011-03-16,3.58,3.71,3.49,3.51,3.51,1397000,0.0000,1.0
2011-03-15,3.49,3.64,3.3,3.59,3.59,2600400,0.0000,1.0
2011-03-14,4.05,4.08,3.76,3.79,3.79,1328400,0.0000,1.0
2011-03-11,3.84,4.03,3.73,3.97,3.97,2134100,0.0000,1.0
2011-03-10,4.0,4.07,3.76,3.93,3.93,2388800,0.0000,1.0
2011-03-09,4.33,4.37,4.16,4.16,4.16,1400000,0.0000,1.0
2011-03-08,4.38,4.4,4.21,4.32,4.32,1560400,0.0000,1.0
2011-03-07,4.22,4.52,4.19,4.42,4.42,3713300,0.0000,1.0
2011-03-04,4.18,4.33,4.12,4.15,4.15,2775700,0.0000,1.0
2011-03-03,4.01,4.19,3.95,4.17,4.17,1698400,0.0000,1.0
2011-03-02,4.33,4.35,4.03,4.07,4.07,2620400,0.0000,1.0
2011-03-01,4.0,4.25,3.81,4.24,4.24,3914600,0.0000,1.0
2011-02-28,4.11,4.13,3.89,3.99,3.99,2193400,0.0000,1.0
2011-02-25,4.1,4.18,3.97,4.04,4.04,1544600,0.0000,1.0
2011-02-24,4.24,4.44,3.93,4.02,4.02,3771100,0.0000,1.0
2011-02-23,4.0,4.25,4.0,4.24,4.24,2715700,0.0000,1.0
2011-02-22,4.01,4.09,3.91,3.96,3.96,2170200,0.0000,1.0
2011-02-18,3.92,4.02,3.85,3.91,3.91,2047800,0.0000,1.0
2011-02-17,3.9,3.92,3.82,3.91,3.91,1182500,0.0000,1.0
2011-02-16,3.89,3.93,3.8,3.84,3.84,1048000,0.0000,1.0
2011-02-15,3.77,3.96,3.75,3.91,3.91,2198300,0.0000,1.0
2011-02-14,3.51,3.65,3.51,3.63,3.63,587500,0.0000,1.0
2011-02-11,3.57,3.64,3.51,3.56,3.56,800400,0.0000,1.0
2011-02-10,3.55,3.6,3.51,3.54,3.54,884900,0.0000,1.0
2011-02-09,3.64,3.67,3.55,3.61,3.61,890200,0.0000,1.0
2011-02-08,3.7,3.75,3.5801,3.64,3.64,1621500,0.0000,1.0
2011-02-07,3.68,3.78,3.4701,3.52,3.52,1820500,0.0000,1.0
2011-02-04,3.55,3.74,3.52,3.69,3.69,2484200,0.0000,1.0
2011-02-03,3.27,3.5,3.23,3.49,3.49,1592900,0.0000,1.0
2011-02-02,3.3,3.31,3.23,3.26,3.26,873900,0.0000,1.0
2011-02-01,3.45,3.45,3.31,3.33,3.33,1387000,0.0000,1.0
2011-01-31,3.35,3.45,3.19,3.35,3.35,1642200,0.0000,1.0
2011-01-28,3.13,3.4,3.13,3.39,3.39,1771400,0.0000,1.0
2011-01-27,3.38,3.45,3.15,3.17,3.17,1500900,0.0000,1.0
2011-01-26,3.09,3.3,3.05,3.3,3.3,1285400,0.0000,1.0
2011-01-25,3.11,3.171,3.01,3.09,3.09,1961500,0.0000,1.0
2011-01-24,3.09,3.3,3.08,3.16,3.16,1490300,0.0000,1.0
2011-01-21,3.11,3.26,3.1,3.13,3.13,1658700,0.0000,1.0
2011-01-20,3.18,3.23,3.09,3.15,3.15,3191200,0.0000,1.0
2011-01-19,3.67,3.67,3.37,3.41,3.41,1997700,0.0000,1.0
2011-01-18,3.68,3.73,3.51,3.59,3.59,1793700,0.0000,1.0
2011-01-14,3.6,3.66,3.53,3.62,3.62,1934000,0.0000,1.0
2011-01-13,3.95,4.08,3.74,3.74,3.74,1799700,0.0000,1.0
2011-01-12,3.96,4.0,3.88,3.935,3.935,1463600,0.0000,1.0
2011-01-11,3.79,3.9,3.76,3.86,3.86,1827300,0.0000,1.0
2011-01-10,3.65,3.73,3.6,3.73,3.73,1410800,0.0000,1.0
2011-01-07,3.68,3.8,3.63,3.72,3.72,1458800,0.0000,1.0
2011-01-06,3.92,3.93,3.67,3.73,3.73,1665300,0.0000,1.0
2011-01-05,3.68,3.95,3.55,3.93,3.93,2635700,0.0000,1.0
2011-01-04,3.84,3.96,3.47,3.74,3.74,5743900,0.0000,1.0
2011-01-03,4.07,4.29,3.98,3.99,3.99,4236400,0.0000,1.0
2010-12-31,3.74,4.03,3.71,3.99,3.99,2881100,0.0000,1.0
2010-12-30,3.75,3.77,3.65,3.69,3.69,1295400,0.0000,1.0
2010-12-29,3.86,3.86,3.68,3.75,3.75,2967400,0.0000,1.0
2010-12-28,3.7,3.93,3.61,3.85,3.85,3522500,0.0000,1.0
2010-12-27,3.28,3.48,3.26,3.48,3.48,1307300,0.0000,1.0
2010-12-23,3.37,3.38,3.17,3.28,3.28,1839700,0.0000,1.0
2010-12-22,3.47,3.51,3.25,3.36,3.36,3573400,0.0000,1.0
2010-12-21,3.4,3.47,3.2,3.46,3.46,4572200,0.0000,1.0
2010-12-20,3.16,3.3,3.05,3.2,3.2,7271600,0.0000,1.0
2010-12-17,2.63,2.75,2.5,2.74,2.74,2104800,0.0000,1.0
2010-12-16,2.7,2.72,2.48,2.54,2.54,3179200,0.0000,1.0
2010-12-15,2.77,2.84,2.6901,2.72,2.72,1779500,0.0000,1.0
2010-12-14,2.8,2.96,2.61,2.87,2.87,3509100,0.0000,1.0
2010-12-13,2.78,3.14,2.63,2.84,2.84,9376100,0.0000,1.0
2010-12-10,1.88,2.62,1.86,2.59,2.59,6704200,0.0000,1.0
2010-12-09,1.72,1.91,1.72,1.84,1.84,2639000,0.0000,1.0
2010-12-08,1.78,1.78,1.69,1.72,1.72,682400,0.0000,1.0
2010-12-07,1.84,1.84,1.75,1.77,1.77,677300,0.0000,1.0
2010-12-06,1.83,1.83,1.79,1.81,1.81,679200,0.0000,1.0
2010-12-03,1.77,1.82,1.74,1.8,1.8,805400,0.0000,1.0
2010-12-02,1.78,1.81,1.76,1.77,1.77,463100,0.0000,1.0
2010-12-01,1.79,1.83,1.7282,1.76,1.76,830700,0.0000,1.0
2010-11-30,1.67,1.79,1.66,1.78,1.78,1863100,0.0000,1.0
2010-11-29,1.69,1.69,1.6,1.67,1.67,640400,0.0000,1.0
2010-11-26,1.7,1.7,1.6285,1.63,1.63,312000,0.0000,1.0
2010-11-24,1.65,1.7,1.63,1.69,1.69,359200,0.0000,1.0
2010-11-23,1.65,1.67,1.62,1.64,1.64,346900,0.0000,1.0
2010-11-22,1.68,1.69,1.62,1.63,1.63,470100,0.0000,1.0
2010-11-19,1.69,1.69,1.65,1.66,1.66,437400,0.0000,1.0
2010-11-18,1.68,1.69,1.64,1.69,1.69,798300,0.0000,1.0
2010-11-17,1.68,1.68,1.5996,1.61,1.61,518800,0.0000,1.0
2010-11-16,1.61,1.62,1.55,1.55,1.55,698800,0.0000,1.0
2010-11-15,1.71,1.71,1.62,1.62,1.62,432900,0.0000,1.0
2010-11-12,1.75,1.75,1.66,1.68,1.68,673100,0.0000,1.0
2010-11-11,1.77,1.8,1.7,1.75,1.75,528900,0.0000,1.0
2010-11-10,1.75,1.79,1.69,1.78,1.78,876200,0.0000,1.0
2010-11-09,1.84,1.9,1.71,1.75,1.75,1518300,0.0000,1.0
2010-11-08,1.79,1.87,1.72,1.84,1.84,1842800,0.0000,1.0
2010-11-05,1.72,1.82,1.72,1.74,1.74,1153400,0.0000,1.0
2010-11-04,1.66,1.75,1.6199,1.73,1.73,1431800,0.0000,1.0
2010-11-03,1.65,1.66,1.6,1.63,1.63,562600,0.0000,1.0
2010-11-02,1.65,1.68,1.63,1.64,1.64,352100,0.0000,1.0
2010-11-01,1.7,1.73,1.64,1.64,1.64,509100,0.0000,1.0
2010-10-29,1.65,1.695,1.63,1.69,1.69,696700,0.0000,1.0
2010-10-28,1.64,1.65,1.62,1.64,1.64,313400,0.0000,1.0
2010-10-27,1.66,1.66,1.6,1.62,1.62,457600,0.0000,1.0
2010-10-26,1.66,1.68,1.64,1.66,1.66,319100,0.0000,1.0
2010-10-25,1.62,1.71,1.62,1.69,1.69,405800,0.0000,1.0
2010-10-22,1.6,1.63,1.59,1.61,1.61,346800,0.0000,1.0
2010-10-21,1.66,1.7,1.59,1.61,1.61,467200,0.0000,1.0
2010-10-20,1.63,1.7,1.63,1.66,1.66,354600,0.0000,1.0
2010-10-19,1.72,1.75,1.6,1.61,1.61,874700,0.0000,1.0
2010-10-18,1.74,1.78,1.7199,1.77,1.77,449100,0.0000,1.0
2010-10-15,1.8,1.8,1.7,1.74,1.74,632800,0.0000,1.0
2010-10-14,1.84,1.84,1.75,1.8,1.8,490800,0.0000,1.0
2010-10-13,1.8,1.83,1.77,1.8,1.8,1032200,0.0000,1.0
2010-10-12,1.79,1.86,1.75,1.8,1.8,755900,0.0000,1.0
2010-10-11,1.81,1.85,1.73,1.84,1.84,622100,0.0000,1.0
2010-10-08,1.81,1.81,1.73,1.77,1.77,543300,0.0000,1.0
2010-10-07,1.81,1.84,1.72,1.78,1.78,839500,0.0000,1.0
2010-10-06,1.81,1.87,1.75,1.81,1.81,1560900,0.0000,1.0
2010-10-05,1.7,1.83,1.69,1.81,1.81,1463100,0.0000,1.0
2010-10-04,1.62,1.7002,1.61,1.65,1.65,913900,0.0000,1.0
2010-10-01,1.53,1.68,1.52,1.68,1.68,1095500,0.0000,1.0
2010-09-30,1.59,1.6,1.5,1.53,1.53,590400,0.0000,1.0
2010-09-29,1.5799,1.63,1.57,1.59,1.59,753300,0.0000,1.0
2010-09-28,1.55,1.59,1.51,1.58,1.58,760900,0.0000,1.0
2010-09-27,1.53,1.56,1.52,1.56,1.56,446000,0.0000,1.0
2010-09-24,1.5,1.56,1.5,1.54,1.54,423500,0.0000,1.0
2010-09-23,1.5,1.53,1.48,1.48,1.48,528500,0.0000,1.0
2010-09-22,1.58,1.58,1.48,1.5,1.5,403900,0.0000,1.0
2010-09-21,1.57,1.6,1.48,1.54,1.54,533400,0.0000,1.0
2010-09-20,1.54,1.61,1.52,1.58,1.58,830100,0.0000,1.0
2010-09-17,1.49,1.56,1.48,1.55,1.55,759600,0.0000,1.0
2010-09-16,1.49,1.51,1.47,1.48,1.48,396200,0.0000,1.0
2010-09-15,1.48,1.5,1.45,1.46,1.46,576700,0.0000,1.0
2010-09-14,1.41,1.5199,1.4,1.48,1.48,1226300,0.0000,1.0
2010-09-13,1.57,1.6,1.41,1.47,1.47,923800,0.0000,1.0
2010-09-10,1.58,1.6,1.5389,1.54,1.54,433400,0.0000,1.0
2010-09-09,1.62,1.62,1.52,1.58,1.58,514600,0.0000,1.0
2010-09-08,1.47,1.62,1.47,1.58,1.58,1757500,0.0000,1.0
2010-09-07,1.38,1.45,1.36,1.45,1.45,753000,0.0000,1.0
2010-09-03,1.33,1.38,1.32,1.35,1.35,467100,0.0000,1.0
2010-09-02,1.33,1.35,1.3,1.34,1.34,394100,0.0000,1.0
2010-09-01,1.32,1.34,1.3,1.3,1.3,278700,0.0000,1.0
2010-08-31,1.34,1.35,1.31,1.31,1.31,410300,0.0000,1.0
2010-08-30,1.33,1.37,1.32,1.34,1.34,349200,0.0000,1.0
2010-08-27,1.33,1.34,1.29,1.34,1.34,373700,0.0000,1.0
2010-08-26,1.31,1.34,1.24,1.3,1.3,524400,0.0000,1.0
2010-08-25,1.23,1.32,1.23,1.32,1.32,411900,0.0000,1.0
2010-08-24,1.24,1.28,1.23,1.24,1.24,329300,0.0000,1.0
2010-08-23,1.33,1.34,1.23,1.25,1.25,685600,0.0000,1.0
2010-08-20,1.24,1.32,1.24,1.31,1.31,384800,0.0000,1.0
2010-08-19,1.3,1.331,1.25,1.25,1.25,542300,0.0000,1.0
2010-08-18,1.31,1.35,1.26,1.3,1.3,873400,0.0000,1.0
2010-08-17,1.36,1.38,1.31,1.31,1.31,341100,0.0000,1.0
2010-08-16,1.35,1.4,1.34,1.36,1.36,157500,0.0000,1.0
2010-08-13,1.36,1.37,1.34,1.35,1.35,344900,0.0000,1.0
2010-08-12,1.32,1.39,1.32,1.39,1.39,362600,0.0000,1.0
2010-08-11,1.43,1.45,1.32,1.32,1.32,358400,0.0000,1.0
2010-08-10,1.4,1.42,1.38,1.4,1.4,166700,0.0000,1.0
2010-08-09,1.46,1.46,1.4,1.42,1.42,213300,0.0000,1.0
2010-08-06,1.44,1.45,1.41,1.42,1.42,357200,0.0000,1.0
2010-08-05,1.43,1.43,1.4,1.41,1.41,106400,0.0000,1.0
2010-08-04,1.38,1.44,1.38,1.43,1.43,791800,0.0000,1.0
2010-08-03,1.4,1.42,1.38,1.38,1.38,179200,0.0000,1.0
2010-08-02,1.47,1.47,1.38,1.39,1.39,232000,0.0000,1.0
2010-07-30,1.38,1.42,1.35,1.41,1.41,346200,0.0000,1.0
2010-07-29,1.48,1.51,1.4,1.43,1.43,201300,0.0000,1.0
2010-07-28,1.43,1.45,1.39,1.43,1.43,227000,0.0000,1.0
2010-07-27,1.5,1.51,1.37,1.37,1.37,761300,0.0000,1.0
2010-07-26,1.43,1.47,1.41,1.47,1.47,716300,0.0000,1.0
2010-07-23,1.43,1.43,1.35,1.4,1.4,288800,0.0000,1.0
2010-07-22,1.38,1.4,1.34,1.37,1.37,306200,0.0000,1.0
2010-07-21,1.42,1.43,1.32,1.33,1.33,971000,0.0000,1.0
2010-07-20,1.23,1.27,1.21,1.27,1.27,268300,0.0000,1.0
2010-07-19,1.28,1.28,1.2,1.23,1.23,723800,0.0000,1.0
2010-07-16,1.27,1.285,1.23,1.27,1.27,476000,0.0000,1.0
2010-07-15,1.27,1.3,1.23,1.28,1.28,385200,0.0000,1.0
2010-07-14,1.27,1.3,1.22,1.29,1.29,361200,0.0000,1.0
2010-07-13,1.24,1.31,1.24,1.28,1.28,274800,0.0000,1.0
2010-07-12,1.29,1.31,1.23,1.26,1.26,310300,0.0000,1.0
2010-07-09,1.25,1.31,1.22,1.31,1.31,452600,0.0000,1.0
2010-07-08,1.22,1.24,1.2,1.23,1.23,327400,0.0000,1.0
2010-07-07,1.2,1.24,1.2,1.21,1.21,474700,0.0000,1.0
2010-07-06,1.25,1.27,1.18,1.19,1.19,516000,0.0000,1.0
2010-07-02,1.26,1.27,1.2,1.24,1.24,547400,0.0000,1.0
2010-07-01,1.31,1.31,1.15,1.24,1.24,718800,0.0000,1.0
2010-06-30,1.26,1.31,1.26,1.3,1.3,826500,0.0000,1.0
2010-06-29,1.47,1.47,1.26,1.26,1.26,882800,0.0000,1.0
2010-06-28,1.42,1.42,1.34,1.34,1.34,586600,0.0000,1.0
2010-06-25,1.35,1.44,1.33,1.33,1.33,6798500,0.0000,1.0
2010-06-24,1.46,1.46,1.36,1.36,1.36,474900,0.0000,1.0
2010-06-23,1.45,1.45,1.34,1.38,1.38,997600,0.0000,1.0
2010-06-22,1.54,1.54,1.42,1.43,1.43,289700,0.0000,1.0
2010-06-21,1.57,1.57,1.42,1.45,1.45,488000,0.0000,1.0
2010-06-18,1.55,1.62,1.5,1.5,1.5,1031600,0.0000,1.0
2010-06-17,1.42,1.51,1.4196,1.5,1.5,638500,0.0000,1.0
2010-06-16,1.41,1.46,1.39,1.41,1.41,278900,0.0000,1.0
2010-06-15,1.4,1.43,1.33,1.42,1.42,546700,0.0000,1.0
2010-06-14,1.44,1.45,1.25,1.35,1.35,943500,0.0000,1.0
2010-06-11,1.49,1.5,1.4,1.42,1.42,679300,0.0000,1.0
2010-06-10,1.47,1.48,1.44,1.48,1.48,295900,0.0000,1.0
2010-06-09,1.53,1.53,1.43,1.44,1.44,358600,0.0000,1.0
2010-06-08,1.47,1.51,1.43,1.5,1.5,548000,0.0000,1.0
2010-06-07,1.6,1.6,1.45,1.46,1.46,576800,0.0000,1.0
2010-06-04,1.52,1.52,1.48,1.49,1.49,745500,0.0000,1.0
2010-06-03,1.62,1.62,1.49,1.52,1.52,346600,0.0000,1.0
2010-06-02,1.53,1.54,1.48,1.52,1.52,461700,0.0000,1.0
2010-06-01,1.54,1.58,1.52,1.53,1.53,461800,0.0000,1.0
2010-05-28,1.64,1.64,1.55,1.55,1.55,521600,0.0000,1.0
2010-05-27,1.59,1.64,1.56,1.64,1.64,491500,0.0000,1.0
2010-05-26,1.57,1.73,1.48,1.48,1.48,1109600,0.0000,1.0
2010-05-25,1.52,1.57,1.52,1.55,1.55,433900,0.0000,1.0
2010-05-24,1.55,1.68,1.55,1.61,1.61,513400,0.0000,1.0
2010-05-21,1.5,1.57,1.48,1.56,1.56,622300,0.0000,1.0
2010-05-20,1.51,1.56,1.49,1.5,1.5,736900,0.0000,1.0
2010-05-19,1.66,1.66,1.55,1.58,1.58,690300,0.0000,1.0
2010-05-18,1.66,1.7,1.6,1.62,1.62,439800,0.0000,1.0
2010-05-17,1.75,1.75,1.64,1.68,1.68,562200,0.0000,1.0
2010-05-14,1.79,1.8,1.69,1.75,1.75,674200,0.0000,1.0
2010-05-13,1.88,1.88,1.8,1.82,1.82,560300,0.0000,1.0
2010-05-12,1.9,1.9,1.8,1.85,1.85,820800,0.0000,1.0
2010-05-11,1.82,1.86,1.74,1.86,1.86,832900,0.0000,1.0
2010-05-10,1.73,1.77,1.65,1.77,1.77,806800,0.0000,1.0
2010-05-07,1.81,1.81,1.63,1.63,1.63,834600,0.0000,1.0
2010-05-06,1.84,1.84,1.72,1.75,1.75,802500,0.0000,1.0
2010-05-05,1.81,1.85,1.7405,1.79,1.79,769800,0.0000,1.0
2010-05-04,1.97,1.97,1.75,1.82,1.82,1136700,0.0000,1.0
2010-05-03,1.82,1.95,1.82,1.93,1.93,2286600,0.0000,1.0
2010-04-30,1.85,1.9,1.8,1.9,1.9,1245400,0.0000,1.0
2010-04-29,1.8,1.83,1.75,1.81,1.81,552700,0.0000,1.0
2010-04-28,1.79,1.81,1.75,1.8,1.8,385300,0.0000,1.0
2010-04-27,1.79,1.81,1.73,1.74,1.74,708600,0.0000,1.0
2010-04-26,1.79,1.87,1.79,1.8,1.8,906200,0.0000,1.0
2010-04-23,1.62,1.85,1.62,1.79,1.79,1224500,0.0000,1.0
2010-04-22,1.62,1.66,1.61,1.65,1.65,361400,0.0000,1.0
2010-04-21,1.7,1.76,1.66,1.67,1.67,762200,0.0000,1.0
2010-04-20,1.62,1.75,1.6,1.71,1.71,1316500,0.0000,1.0
2010-04-19,1.56,1.62,1.56,1.6,1.6,2645600,0.0000,1.0
2010-04-16,1.5,1.6,1.46,1.54,1.54,1920200,0.0000,1.0
2010-04-15,1.49,1.49,1.43,1.45,1.45,179300,0.0000,1.0
2010-04-14,1.46,1.49,1.42,1.47,1.47,266600,0.0000,1.0
2010-04-13,1.47,1.48,1.41,1.43,1.43,533800,0.0000,1.0
2010-04-12,1.46,1.51,1.45,1.46,1.46,381300,0.0000,1.0
2010-04-09,1.44,1.52,1.44,1.46,1.46,443300,0.0000,1.0
2010-04-08,1.43,1.48,1.415,1.46,1.46,446500,0.0000,1.0
2010-04-07,1.46,1.48,1.39,1.46,1.46,1350000,0.0000,1.0
2010-04-06,1.47,1.47,1.43,1.44,1.44,462000,0.0000,1.0
2010-04-05,1.62,1.62,1.44,1.47,1.47,401400,0.0000,1.0
2010-04-01,1.43,1.48,1.4,1.43,1.43,401900,0.0000,1.0
2010-03-31,1.47,1.47,1.39,1.39,1.39,535300,0.0000,1.0
2010-03-30,1.49,1.5,1.43,1.45,1.45,328200,0.0000,1.0
2010-03-29,1.4,1.48,1.4,1.47,1.47,290600,0.0000,1.0
2010-03-26,1.4,1.43,1.39,1.4,1.4,612000,0.0000,1.0
2010-03-25,1.45,1.45,1.38,1.4,1.4,837600,0.0000,1.0
2010-03-24,1.42,1.47,1.41,1.43,1.43,507000,0.0000,1.0
2010-03-23,1.48,1.48,1.43,1.46,1.46,487200,0.0000,1.0
2010-03-22,1.47,1.47,1.4,1.45,1.45,746100,0.0000,1.0
2010-03-19,1.53,1.55,1.42,1.42,1.42,937800,0.0000,1.0
2010-03-18,1.55,1.56,1.46,1.52,1.52,1040600,0.0000,1.0
2010-03-17,1.57,1.59,1.53,1.55,1.55,694900,0.0000,1.0
2010-03-16,1.7,1.7,1.53,1.56,1.56,1134900,0.0000,1.0
2010-03-15,1.7,1.71,1.61,1.63,1.63,537000,0.0000,1.0
2010-03-12,1.69,1.71,1.67,1.7,1.7,512500,0.0000,1.0
2010-03-11,1.9,1.9,1.63,1.67,1.67,1239500,0.0000,1.0
2010-03-10,1.76,1.79,1.69,1.71,1.71,814900,0.0000,1.0
2010-03-09,1.85,1.85,1.69,1.76,1.76,741700,0.0000,1.0
2010-03-08,1.95,1.95,1.81,1.82,1.82,1013700,0.0000,1.0
2010-03-05,1.88,1.884,1.79,1.86,1.86,472900,0.0000,1.0
2010-03-04,1.85,1.89,1.74,1.79,1.79,746900,0.0000,1.0
2010-03-03,1.9,1.94,1.86,1.88,1.88,800800,0.0000,1.0
2010-03-02,1.78,1.89,1.75,1.88,1.88,1213700,0.0000,1.0
2010-03-01,1.69,1.75,1.63,1.75,1.75,539600,0.0000,1.0
2010-02-26,1.62,1.66,1.6,1.65,1.65,250000,0.0000,1.0
2010-02-25,1.63,1.6399,1.58,1.6,1.6,417100,0.0000,1.0
2010-02-24,1.62,1.6699,1.6,1.63,1.63,272200,0.0000,1.0
2010-02-23,1.67,1.72,1.6,1.65,1.65,479300,0.0000,1.0
2010-02-22,1.7,1.76,1.66,1.68,1.68,319500,0.0000,1.0
2010-02-19,1.69,1.7,1.66,1.69,1.69,303500,0.0000,1.0
2010-02-18,1.7,1.71,1.65,1.69,1.69,242500,0.0000,1.0
2010-02-17,1.71,1.71,1.65,1.68,1.68,349400,0.0000,1.0
2010-02-16,1.72,1.72,1.62,1.7,1.7,510300,0.0000,1.0
2010-02-12,1.7,1.71,1.65,1.65,1.65,363900,0.0000,1.0
2010-02-11,1.7,1.73,1.65,1.73,1.73,259500,0.0000,1.0
2010-02-10,1.69,1.71,1.66,1.71,1.71,391000,0.0000,1.0
2010-02-09,1.72,1.72,1.67,1.7,1.7,326300,0.0000,1.0
2010-02-08,1.69,1.71,1.65,1.65,1.65,350100,0.0000,1.0
2010-02-05,1.55,1.69,1.53,1.67,1.67,728300,0.0000,1.0
2010-02-04,1.67,1.7,1.52,1.55,1.55,817100,0.0000,1.0
2010-02-03,1.69,1.73,1.66,1.71,1.71,400300,0.0000,1.0
2010-02-02,1.67,1.73,1.65,1.69,1.69,574300,0.0000,1.0
2010-02-01,1.55,1.65,1.52,1.64,1.64,535600,0.0000,1.0
2010-01-29,1.39,1.57,1.39,1.5,1.5,931400,0.0000,1.0
2010-01-28,1.62,1.64,1.49,1.51,1.51,999400,0.0000,1.0
2010-01-27,1.7,1.7,1.53,1.61,1.61,574900,0.0000,1.0
2010-01-26,1.69,1.7,1.63,1.67,1.67,512600,0.0000,1.0
2010-01-25,1.83,1.83,1.68,1.7,1.7,682000,0.0000,1.0
2010-01-22,1.85,1.9,1.75,1.77,1.77,648200,0.0000,1.0
2010-01-21,1.94,1.94,1.74,1.86,1.86,1467600,0.0000,1.0
2010-01-20,1.84,1.84,1.72,1.79,1.79,1021900,0.0000,1.0
2010-01-19,1.99,1.99,1.85,1.87,1.87,848900,0.0000,1.0
2010-01-15,2.0,2.01,1.84,1.92,1.92,1308000,0.0000,1.0
2010-01-14,1.81,2.02,1.81,1.95,1.95,2075400,0.0000,1.0
2010-01-13,1.69,1.81,1.65,1.8,1.8,753000,0.0000,1.0
2010-01-12,1.76,1.7601,1.6,1.63,1.63,939700,0.0000,1.0
2010-01-11,1.85,1.9,1.73,1.76,1.76,1077800,0.0000,1.0
2010-01-08,1.77,1.85,1.75,1.81,1.81,1229700,0.0000,1.0
2010-01-07,1.6,1.75,1.5796,1.73,1.73,2046900,0.0000,1.0
2010-01-06,1.53,1.59,1.51,1.57,1.57,538600,0.0000,1.0
2010-01-05,1.55,1.55,1.48,1.53,1.53,438700,0.0000,1.0
2010-01-04,1.54,1.55,1.43,1.55,1.55,721900,0.0000,1.0
2009-12-31,1.47,1.47,1.42,1.45,1.45,332400,0.0000,1.0
2009-12-30,1.44,1.47,1.39,1.45,1.45,248200,0.0000,1.0
2009-12-29,1.48,1.49,1.41,1.47,1.47,460200,0.0000,1.0
2009-12-28,1.55,1.55,1.45,1.47,1.47,425400,0.0000,1.0
2009-12-24,1.45,1.53,1.41,1.48,1.48,371900,0.0000,1.0
2009-12-23,1.42,1.44,1.39,1.4,1.4,336000,0.0000,1.0
2009-12-22,1.48,1.51,1.39,1.39,1.39,642600,0.0000,1.0
2009-12-21,1.44,1.55,1.35,1.5,1.5,1542400,0.0000,1.0
2009-12-18,1.29,1.4,1.29,1.4,1.4,1423100,0.0000,1.0
2009-12-17,1.35,1.35,1.3,1.3,1.3,359500,0.0000,1.0
2009-12-16,1.31,1.35,1.31,1.32,1.32,509200,0.0000,1.0
2009-12-15,1.35,1.35,1.31,1.31,1.31,397500,0.0000,1.0
2009-12-14,1.28,1.34,1.28,1.34,1.34,360400,0.0000,1.0
2009-12-11,1.34,1.34,1.28,1.3,1.3,328100,0.0000,1.0
2009-12-10,1.34,1.34,1.28,1.3,1.3,267300,0.0000,1.0
2009-12-09,1.29,1.3,1.27,1.3,1.3,339800,0.0000,1.0
2009-12-08,1.29,1.29,1.25,1.27,1.27,752500,0.0000,1.0
2009-12-07,1.28,1.3,1.25,1.3,1.3,292300,0.0000,1.0
2009-12-04,1.33,1.33,1.24,1.29,1.29,721100,0.0000,1.0
2009-12-03,1.33,1.33,1.27,1.3,1.3,470500,0.0000,1.0
2009-12-02,1.3,1.35,1.28,1.29,1.29,507900,0.0000,1.0
2009-12-01,1.3,1.31,1.25,1.3,1.3,642000,0.0000,1.0
2009-11-30,1.28,1.31,1.26,1.3,1.3,459900,0.0000,1.0
2009-11-27,1.29,1.34,1.25,1.31,1.31,316300,0.0000,1.0
2009-11-25,1.37,1.37,1.33,1.35,1.35,484200,0.0000,1.0
2009-11-24,1.32,1.35,1.28,1.35,1.35,446800,0.0000,1.0
2009-11-23,1.34,1.37,1.3,1.32,1.32,934600,0.0000,1.0
2009-11-20,1.27,1.32,1.25,1.29,1.29,553200,0.0000,1.0
2009-11-19,1.33,1.35,1.28,1.31,1.31,602300,0.0000,1.0
2009-11-18,1.36,1.36,1.31,1.33,1.33,501700,0.0000,1.0
2009-11-17,1.33,1.36,1.3,1.34,1.34,638900,0.0000,1.0
2009-11-16,1.29,1.35,1.26,1.34,1.34,1328600,0.0000,1.0
2009-11-13,1.25,1.28,1.21,1.26,1.26,1059300,0.0000,1.0
2009-11-12,1.25,1.25,1.18,1.2,1.2,852200,0.0000,1.0
2009-11-11,1.28,1.28,1.24,1.25,1.25,554000,0.0000,1.0
2009-11-10,1.24,1.27,1.22,1.25,1.25,1687700,0.0000,1.0
2009-11-09,1.24,1.26,1.2,1.24,1.24,1795000,0.0000,1.0
2009-11-06,1.17,1.219,1.15,1.21,1.21,1277500,0.0000,1.0
2009-11-05,1.095,1.2,1.095,1.17,1.17,2334600,0.0000,1.0
2009-11-04,1.21,1.23,1.09,1.11,1.11,1816300,0.0000,1.0
2009-11-03,1.14,1.23,1.12,1.2,1.2,2132300,0.0000,1.0
2009-11-02,1.15,1.18,1.1,1.16,1.16,624000,0.0000,1.0
2009-10-30,1.25,1.25,1.12,1.12,1.12,2025700,0.0000,1.0
2009-10-29,1.2,1.27,1.2,1.24,1.24,764800,0.0000,1.0
2009-10-28,1.27,1.3,1.19,1.2,1.2,759000,0.0000,1.0
2009-10-27,1.21,1.27,1.21,1.27,1.27,671400,0.0000,1.0
2009-10-26,1.26,1.3,1.2,1.21,1.21,874000,0.0000,1.0
2009-10-23,1.33,1.33,1.24,1.24,1.24,930800,0.0000,1.0
2009-10-22,1.31,1.34,1.24,1.27,1.27,994200,0.0000,1.0
2009-10-21,1.37,1.37,1.3,1.3,1.3,1082700,0.0000,1.0
2009-10-20,1.39,1.4,1.31,1.31,1.31,1162600,0.0000,1.0
2009-10-19,1.4,1.42,1.35,1.37,1.37,563600,0.0000,1.0
2009-10-16,1.39,1.43,1.36,1.38,1.38,673600,0.0000,1.0
2009-10-15,1.3,1.44,1.2701,1.44,1.44,2884400,0.0000,1.0
2009-10-14,1.32,1.34,1.28,1.29,1.29,632300,0.0000,1.0
2009-10-13,1.35,1.35,1.3,1.33,1.33,805700,0.0000,1.0
2009-10-12,1.31,1.35,1.29,1.33,1.33,757700,0.0000,1.0
2009-10-09,1.29,1.33,1.26,1.3,1.3,2950500,0.0000,1.0
2009-10-08,1.31,1.38,1.31,1.36,1.36,891900,0.0000,1.0
2009-10-07,1.36,1.38,1.3,1.32,1.32,561800,0.0000,1.0
2009-10-06,1.38,1.38,1.35,1.36,1.36,602600,0.0000,1.0
2009-10-05,1.32,1.36,1.27,1.35,1.35,669200,0.0000,1.0
2009-10-02,1.44,1.44,1.35,1.42,1.42,308200,0.0000,1.0
2009-10-01,1.43,1.53,1.38,1.46,1.46,834800,0.0000,1.0
2009-09-30,1.32,1.37,1.32,1.37,1.37,267100,0.0000,1.0
2009-09-29,1.39,1.39,1.24,1.32,1.32,765700,0.0000,1.0
2009-09-28,1.37,1.38,1.31,1.31,1.31,632200,0.0000,1.0
2009-09-25,1.41,1.47,1.3401,1.4,1.4,732600,0.0000,1.0
2009-09-24,1.4,1.5,1.35,1.46,1.46,924400,0.0000,1.0
2009-09-23,1.45,1.48,1.4,1.4,1.4,256800,0.0000,1.0
2009-09-22,1.5,1.51,1.44,1.44,1.44,245800,0.0000,1.0
2009-09-21,1.55,1.55,1.44,1.47,1.47,385900,0.0000,1.0
2009-09-18,1.44,1.55,1.44,1.55,1.55,641300,0.0000,1.0
2009-09-17,1.48,1.52,1.43,1.5,1.5,282400,0.0000,1.0
2009-09-16,1.54,1.54,1.43,1.47,1.47,624900,0.0000,1.0
2009-09-15,1.53,1.53,1.38,1.44,1.44,831200,0.0000,1.0
2009-09-14,1.54,1.54,1.46,1.54,1.54,397000,0.0000,1.0
2009-09-11,1.5,1.56,1.5,1.54,1.54,661000,0.0000,1.0
2009-09-10,1.41,1.5,1.35,1.5,1.5,563600,0.0000,1.0
2009-09-09,1.43,1.45,1.35,1.43,1.43,456500,0.0000,1.0
2009-09-08,1.42,1.43,1.33,1.35,1.35,567500,0.0000,1.0
2009-09-04,1.45,1.45,1.32,1.35,1.35,959100,0.0000,1.0
2009-09-03,1.3,1.41,1.27,1.38,1.38,1177500,0.0000,1.0
2009-09-02,1.2,1.27,1.1601,1.26,1.26,777300,0.0000,1.0
2009-09-01,1.2,1.21,1.17,1.17,1.17,462900,0.0000,1.0
2009-08-31,1.28,1.28,1.19,1.2,1.2,619100,0.0000,1.0
2009-08-28,1.23,1.26,1.23,1.25,1.25,451400,0.0000,1.0
2009-08-27,1.25,1.25,1.2,1.22,1.22,472700,0.0000,1.0
2009-08-26,1.26,1.27,1.24,1.24,1.24,259700,0.0000,1.0
2009-08-25,1.27,1.3,1.25,1.26,1.26,216000,0.0000,1.0
2009-08-24,1.25,1.2899,1.23,1.26,1.26,261500,0.0000,1.0
2009-08-21,1.25,1.3,1.25,1.27,1.27,486800,0.0000,1.0
2009-08-20,1.28,1.28,1.22,1.23,1.23,291900,0.0000,1.0
2009-08-19,1.25,1.27,1.22,1.27,1.27,193600,0.0000,1.0
2009-08-18,1.23,1.25,1.22,1.25,1.25,206600,0.0000,1.0
2009-08-17,1.25,1.27,1.22,1.23,1.23,433100,0.0000,1.0
2009-08-14,1.31,1.3299,1.26,1.29,1.29,324100,0.0000,1.0
2009-08-13,1.25,1.35,1.25,1.32,1.32,284300,0.0000,1.0
2009-08-12,1.27,1.27,1.22,1.26,1.26,385900,0.0000,1.0
2009-08-11,1.29,1.29,1.23,1.25,1.25,372500,0.0000,1.0
2009-08-10,1.3,1.3,1.23,1.29,1.29,716000,0.0000,1.0
2009-08-07,1.27,1.3001,1.26,1.29,1.29,306600,0.0000,1.0
2009-08-06,1.3,1.3,1.26,1.29,1.29,198300,0.0000,1.0
2009-08-05,1.31,1.31,1.27,1.29,1.29,423900,0.0000,1.0
2009-08-04,1.32,1.32,1.28,1.3,1.3,220600,0.0000,1.0
2009-08-03,1.32,1.32,1.27,1.29,1.29,461900,0.0000,1.0
2009-07-31,1.29,1.34,1.27,1.29,1.29,647000,0.0000,1.0
2009-07-30,1.32,1.32,1.24,1.25,1.25,484700,0.0000,1.0
2009-07-29,1.3,1.31,1.24,1.24,1.24,385700,0.0000,1.0
2009-07-28,1.35,1.35,1.28,1.3,1.3,470400,0.0000,1.0
2009-07-27,1.39,1.4,1.34,1.36,1.36,426800,0.0000,1.0
2009-07-24,1.34,1.37,1.32,1.35,1.35,469000,0.0000,1.0
2009-07-23,1.38,1.38,1.32,1.35,1.35,401800,0.0000,1.0
2009-07-22,1.32,1.3401,1.27,1.33,1.33,824400,0.0000,1.0
2009-07-21,1.49,1.49,1.3,1.36,1.36,792300,0.0000,1.0
2009-07-20,1.42,1.5,1.38,1.43,1.43,623800,0.0000,1.0
2009-07-17,1.43,1.46,1.42,1.44,1.44,216800,0.0000,1.0
2009-07-16,1.42,1.44,1.39,1.44,1.44,199200,0.0000,1.0
2009-07-15,1.45,1.48,1.39,1.42,1.42,289700,0.0000,1.0
2009-07-14,1.39,1.41,1.32,1.38,1.38,258600,0.0000,1.0
2009-07-13,1.29,1.33,1.25,1.32,1.32,232600,0.0000,1.0
2009-07-10,1.27,1.3,1.23,1.29,1.29,171700,0.0000,1.0
2009-07-09,1.26,1.35,1.26,1.27,1.27,212500,0.0000,1.0
2009-07-08,1.28,1.3199,1.21,1.27,1.27,572300,0.0000,1.0
2009-07-07,1.39,1.4,1.28,1.3,1.3,511200,0.0000,1.0
2009-07-06,1.4,1.42,1.36,1.4,1.4,407300,0.0000,1.0
2009-07-02,1.51,1.51,1.4,1.45,1.45,265500,0.0000,1.0
2009-07-01,1.54,1.54,1.47,1.47,1.47,469700,0.0000,1.0
2009-06-30,1.62,1.62,1.51,1.52,1.52,303800,0.0000,1.0
2009-06-29,1.75,1.75,1.56,1.62,1.62,710500,0.0000,1.0
2009-06-26,1.51,1.74,1.51,1.74,1.74,6975900,0.0000,1.0
2009-06-25,1.26,1.5,1.26,1.49,1.49,764400,0.0000,1.0
2009-06-24,1.4,1.4,1.3,1.34,1.34,230300,0.0000,1.0
2009-06-23,1.3,1.4,1.17,1.29,1.29,641200,0.0000,1.0
2009-06-22,1.34,1.36,1.25,1.28,1.28,535600,0.0000,1.0
2009-06-19,1.44,1.44,1.29,1.42,1.42,418200,0.0000,1.0
2009-06-18,1.42,1.43,1.35,1.4,1.4,294500,0.0000,1.0
2009-06-17,1.35,1.43,1.29,1.43,1.43,481900,0.0000,1.0
2009-06-16,1.48,1.48,1.4,1.41,1.41,367700,0.0000,1.0
2009-06-15,1.54,1.54,1.41,1.42,1.42,292800,0.0000,1.0
2009-06-12,1.5,1.57,1.5,1.54,1.54,236400,0.0000,1.0
2009-06-11,1.49,1.55,1.49,1.53,1.53,302300,0.0000,1.0
2009-06-10,1.6,1.64,1.49,1.49,1.49,423200,0.0000,1.0
2009-06-09,1.64,1.65,1.55,1.59,1.59,290500,0.0000,1.0
2009-06-08,1.68,1.68,1.54,1.58,1.58,424400,0.0000,1.0
2009-06-05,1.7,1.7,1.59,1.65,1.65,451800,0.0000,1.0
2009-06-04,1.59,1.68,1.54,1.6699,1.6699,383400,0.0000,1.0
2009-06-03,1.8,1.8,1.52,1.54,1.54,667400,0.0000,1.0
2009-06-02,1.83,1.84,1.67,1.75,1.75,612200,0.0000,1.0
2009-06-01,1.81,1.92,1.73,1.77,1.77,974300,0.0000,1.0
2009-05-29,1.63,1.75,1.5881,1.75,1.75,1275200,0.0000,1.0
2009-05-28,1.59,1.59,1.41,1.48,1.48,405600,0.0000,1.0
2009-05-27,1.57,1.6,1.55,1.59,1.59,123900,0.0000,1.0
2009-05-26,1.46,1.57,1.46,1.57,1.57,207900,0.0000,1.0
2009-05-22,1.59,1.7,1.52,1.52,1.52,309900,0.0000,1.0
2009-05-21,1.58,1.58,1.48,1.55,1.55,236200,0.0000,1.0
2009-05-20,1.59,1.61,1.5,1.52,1.52,332800,0.0000,1.0
2009-05-19,1.65,1.65,1.5,1.55,1.55,154500,0.0000,1.0
2009-05-18,1.51,1.59,1.5,1.51,1.51,102400,0.0000,1.0
2009-05-15,1.48,1.56,1.45,1.54,1.54,173400,0.0000,1.0
2009-05-14,1.41,1.47,1.41,1.43,1.43,105800,0.0000,1.0
2009-05-13,1.55,1.56,1.4,1.42,1.42,313000,0.0000,1.0
2009-05-12,1.67,1.67,1.4,1.56,1.56,326000,0.0000,1.0
2009-05-11,1.57,1.74,1.46,1.53,1.53,344600,0.0000,1.0
2009-05-08,1.45,1.58,1.3999,1.58,1.58,217400,0.0000,1.0
2009-05-07,1.32,1.41,1.31,1.41,1.41,241400,0.0000,1.0
2009-05-06,1.3,1.35,1.28,1.33,1.33,312500,0.0000,1.0
2009-05-05,1.43,1.43,1.24,1.28,1.28,250400,0.0000,1.0
2009-05-04,1.27,1.5,1.27,1.37,1.37,625000,0.0000,1.0
2009-05-01,1.25,1.28,1.16,1.27,1.27,729400,0.0000,1.0
2009-04-30,1.14,1.25,1.01,1.14,1.14,2143900,0.0000,1.0
2009-04-29,0.9,0.9503,0.87,0.9,0.9,411300,0.0000,1.0
2009-04-28,0.99,1.0094,0.87,0.88,0.88,569800,0.0000,1.0
2009-04-27,1.0,1.04,0.95,1.0,1.0,545200,0.0000,1.0
2009-04-24,0.9501,1.03,0.94,0.985,0.985,546200,0.0000,1.0
2009-04-23,0.9,0.97,0.8999,0.91,0.91,219600,0.0000,1.0
2009-04-22,0.938,0.95,0.87,0.9,0.9,214900,0.0000,1.0
2009-04-21,0.96,0.99,0.88,0.88,0.88,237600,0.0000,1.0
2009-04-20,0.96,1.09,0.9,0.95,0.95,323500,0.0000,1.0
2009-04-17,1.11,1.11,0.88,0.9,0.9,538200,0.0000,1.0
2009-04-16,1.18,1.18,0.99,1.03,1.03,862700,0.0000,1.0
2009-04-15,0.89,1.25,0.87,1.01,1.01,1985900,0.0000,1.0
2009-04-14,0.7799,0.7799,0.74,0.74,0.74,23800,0.0000,1.0
2009-04-13,0.75,0.789,0.75,0.789,0.789,45900,0.0000,1.0
2009-04-09,0.73,0.75,0.73,0.75,0.75,60600,0.0000,1.0
2009-04-08,0.73,0.73,0.72,0.73,0.73,1100,0.0000,1.0
2009-04-07,0.7299,0.7301,0.72,0.7301,0.7301,8300,0.0000,1.0
2009-04-06,0.73,0.73,0.6954,0.7199,0.7199,13800,0.0000,1.0
2009-04-03,0.77,0.7803,0.7322,0.75,0.75,37300,0.0000,1.0
2009-04-02,0.75,0.79,0.7405,0.77,0.77,24400,0.0000,1.0
2009-04-01,0.75,0.7699,0.73,0.76,0.76,13100,0.0000,1.0
2009-03-31,0.75,0.75,0.74,0.75,0.75,39700,0.0000,1.0
2009-03-30,0.78,0.79,0.74,0.74,0.74,27800,0.0000,1.0
2009-03-27,0.75,0.75,0.72,0.72,0.72,17500,0.0000,1.0
2009-03-26,0.82,0.88,0.71,0.7399,0.7399,123100,0.0000,1.0
2009-03-25,0.7989,0.8201,0.78,0.7999,0.7999,44700,0.0000,1.0
2009-03-24,0.82,0.85,0.7645,0.7645,0.7645,67200,0.0000,1.0
2009-03-23,0.88,0.889,0.78,0.8254,0.8254,156300,0.0000,1.0
2009-03-20,0.84,0.8899,0.78,0.78,0.78,104800,0.0000,1.0
2009-03-19,0.84,0.9,0.8301,0.84,0.84,55100,0.0000,1.0
2009-03-18,0.75,0.82,0.75,0.82,0.82,18500,0.0000,1.0
2009-03-17,0.72,0.798,0.72,0.798,0.798,86400,0.0000,1.0
2009-03-16,0.8,0.85,0.7,0.72,0.72,78400,0.0000,1.0
2009-03-13,0.82,0.85,0.8003,0.83,0.83,60000,0.0000,1.0
2009-03-12,0.86,0.86,0.7887,0.791,0.791,49000,0.0000,1.0
2009-03-11,0.83,0.909,0.829,0.84,0.84,28900,0.0000,1.0
2009-03-10,0.97,0.97,0.8,0.83,0.83,81700,0.0000,1.0
2009-03-09,0.78,0.9295,0.77,0.88,0.88,121600,0.0000,1.0
2009-03-06,0.71,0.79,0.7,0.7599,0.7599,149000,0.0000,1.0
2009-03-05,0.68,0.7,0.61,0.7,0.7,242500,0.0000,1.0
2009-03-04,0.5708,0.67,0.57,0.64,0.64,156300,0.0000,1.0
2009-03-03,0.5,0.57,0.5,0.54,0.54,112100,0.0000,1.0
2009-03-02,0.59,0.6,0.55,0.55,0.55,59700,0.0000,1.0
2009-02-27,0.6,0.6,0.55,0.5899,0.5899,32100,0.0000,1.0
2009-02-26,0.58,0.6,0.57,0.6,0.6,57900,0.0000,1.0
2009-02-25,0.6,0.62,0.59,0.6,0.6,102700,0.0000,1.0
2009-02-24,0.67,0.67,0.6,0.6299,0.6299,99500,0.0000,1.0
2009-02-23,0.61,0.64,0.56,0.64,0.64,77800,0.0000,1.0
2009-02-20,0.6,0.66,0.56,0.6,0.6,169900,0.0000,1.0
2009-02-19,0.55,0.615,0.54,0.59,0.59,39400,0.0000,1.0
2009-02-18,0.6,0.6,0.54,0.55,0.55,39500,0.0000,1.0
2009-02-17,0.64,0.64,0.58,0.6,0.6,99800,0.0000,1.0
2009-02-13,0.6,0.6,0.57,0.58,0.58,26500,0.0000,1.0
2009-02-12,0.59,0.6,0.56,0.6,0.6,35200,0.0000,1.0
2009-02-11,0.57,0.57,0.521,0.57,0.57,49600,0.0000,1.0
2009-02-10,0.58,0.64,0.53,0.57,0.57,83900,0.0000,1.0
2009-02-09,0.62,0.63,0.57,0.6,0.6,75600,0.0000,1.0
2009-02-06,0.47,0.6,0.47,0.5999,0.5999,108500,0.0000,1.0
2009-02-05,0.47,0.489,0.42,0.479,0.479,180400,0.0000,1.0
2009-02-04,0.49,0.49,0.43,0.45,0.45,32900,0.0000,1.0
2009-02-03,0.4401,0.45,0.4,0.43,0.43,70800,0.0000,1.0
2009-02-02,0.4994,0.4994,0.42,0.46,0.46,63300,0.0000,1.0
2009-01-30,0.44,0.47,0.43,0.47,0.47,67600,0.0000,1.0
2009-01-29,0.43,0.44,0.42,0.44,0.44,25500,0.0000,1.0
2009-01-28,0.44,0.44,0.39,0.4099,0.4099,33300,0.0000,1.0
2009-01-27,0.42,0.43,0.41,0.43,0.43,38600,0.0000,1.0
2009-01-26,0.43,0.52,0.4201,0.43,0.43,63100,0.0000,1.0
2009-01-23,0.44,0.44,0.39,0.43,0.43,66400,0.0000,1.0
2009-01-22,0.39,0.4,0.38,0.3999,0.3999,67400,0.0000,1.0
2009-01-21,0.39,0.4,0.381,0.4,0.4,54400,0.0000,1.0
2009-01-20,0.38,0.41,0.38,0.39,0.39,95300,0.0000,1.0
2009-01-16,0.39,0.39,0.37,0.38,0.38,41400,0.0000,1.0
2009-01-15,0.37,0.3801,0.35,0.38,0.38,64300,0.0000,1.0
2009-01-14,0.39,0.39,0.36,0.3601,0.3601,17200,0.0000,1.0
2009-01-13,0.4,0.4,0.36,0.3799,0.3799,37100,0.0000,1.0
2009-01-12,0.39,0.41,0.38,0.4,0.4,56600,0.0000,1.0
2009-01-09,0.4,0.4,0.38,0.38,0.38,15000,0.0000,1.0
2009-01-08,0.41,0.41,0.39,0.4,0.4,42600,0.0000,1.0
2009-01-07,0.41,0.43,0.4,0.4099,0.4099,59100,0.0000,1.0
2009-01-06,0.47,0.47,0.41,0.4401,0.4401,92900,0.0000,1.0
2009-01-05,0.47,0.48,0.43,0.46,0.46,68400,0.0000,1.0
2009-01-02,0.55,0.55,0.47,0.5,0.5,55400,0.0000,1.0
2008-12-31,0.44,0.55,0.42,0.46,0.46,158100,0.0000,1.0
2008-12-30,0.4,0.45,0.38,0.43,0.43,66700,0.0000,1.0
2008-12-29,0.39,0.41,0.31,0.4,0.4,33000,0.0000,1.0
2008-12-26,0.39,0.4,0.33,0.3876,0.3876,48700,0.0000,1.0
2008-12-24,0.38,0.4,0.37,0.4,0.4,27100,0.0000,1.0
2008-12-23,0.44,0.4401,0.37,0.37,0.37,25500,0.0000,1.0
2008-12-22,0.44,0.45,0.39,0.4201,0.4201,36500,0.0000,1.0
2008-12-19,0.38,0.42,0.36,0.42,0.42,50700,0.0000,1.0
2008-12-18,0.41,0.41,0.37,0.37,0.37,25800,0.0000,1.0
2008-12-17,0.4,0.41,0.37,0.4001,0.4001,30500,0.0000,1.0
2008-12-16,0.44,0.44,0.4,0.4,0.4,101200,0.0000,1.0
2008-12-15,0.38,0.45,0.35,0.44,0.44,67100,0.0000,1.0
2008-12-12,0.44,0.45,0.4,0.44,0.44,60200,0.0000,1.0
2008-12-11,0.39,0.43,0.39,0.42,0.42,51500,0.0000,1.0
2008-12-10,0.4,0.41,0.36,0.39,0.39,67800,0.0000,1.0
2008-12-09,0.44,0.44,0.38,0.4,0.4,18600,0.0000,1.0
2008-12-08,0.37,0.44,0.37,0.43,0.43,28700,0.0000,1.0
2008-12-05,0.42,0.42,0.38,0.4,0.4,11400,0.0000,1.0
2008-12-04,0.44,0.44,0.378,0.3901,0.3901,72600,0.0000,1.0
2008-12-03,0.43,0.43,0.4016,0.42,0.42,34700,0.0000,1.0
2008-12-02,0.5,0.5,0.39,0.39,0.39,110100,0.0000,1.0
2008-12-01,0.51,0.51,0.47,0.5,0.5,82600,0.0000,1.0
2008-11-28,0.42,0.51,0.4101,0.51,0.51,88500,0.0000,1.0
2008-11-26,0.3296,0.42,0.3296,0.38,0.38,101500,0.0000,1.0
2008-11-25,0.32,0.34,0.29,0.34,0.34,84700,0.0000,1.0
2008-11-24,0.35,0.35,0.22,0.32,0.32,36800,0.0000,1.0
2008-11-21,0.29,0.3,0.25,0.3,0.3,20400,0.0000,1.0
2008-11-20,0.29,0.29,0.26,0.28,0.28,73500,0.0000,1.0
2008-11-19,0.29,0.29,0.25,0.2599,0.2599,38000,0.0000,1.0
2008-11-18,0.28,0.31,0.25,0.27,0.27,39800,0.0000,1.0
2008-11-17,0.34,0.34,0.28,0.3099,0.3099,6500,0.0000,1.0
2008-11-14,0.3352,0.3352,0.3,0.3,0.3,20400,0.0000,1.0
2008-11-13,0.31,0.34,0.29,0.3,0.3,93700,0.0000,1.0
2008-11-12,0.34,0.36,0.3,0.31,0.31,43200,0.0000,1.0
2008-11-11,0.33,0.36,0.33,0.3399,0.3399,16100,0.0000,1.0
2008-11-10,0.4,0.4,0.33,0.35,0.35,30300,0.0000,1.0
2008-11-07,0.3699,0.3699,0.35,0.35,0.35,30400,0.0000,1.0
2008-11-06,0.37,0.37,0.36,0.36,0.36,10300,0.0000,1.0
2008-11-05,0.39,0.4,0.371,0.3997,0.3997,10900,0.0000,1.0
2008-11-04,0.41,0.41,0.37,0.39,0.39,11600,0.0000,1.0
2008-11-03,0.42,0.42,0.3699,0.39,0.39,32300,0.0000,1.0
2008-10-31,0.4,0.4,0.35,0.36,0.36,12100,0.0000,1.0
2008-10-30,0.42,0.42,0.35,0.4,0.4,69100,0.0000,1.0
2008-10-29,0.35,0.44,0.35,0.4099,0.4099,123800,0.0000,1.0
2008-10-28,0.43,0.43,0.38,0.38,0.38,35600,0.0000,1.0
2008-10-27,0.429,0.43,0.3799,0.389,0.389,48600,0.0000,1.0
2008-10-24,0.41,0.45,0.38,0.43,0.43,144100,0.0000,1.0
2008-10-23,0.46,0.46,0.4,0.42,0.42,102500,0.0000,1.0
2008-10-22,0.42,0.58,0.4199,0.43,0.43,107000,0.0000,1.0
2008-10-21,0.48,0.5,0.43,0.4401,0.4401,98300,0.0000,1.0
2008-10-20,0.43,0.49,0.43,0.47,0.47,40400,0.0000,1.0
2008-10-17,0.48,0.48,0.42,0.4299,0.4299,19900,0.0000,1.0
2008-10-16,0.5,0.52,0.415,0.47,0.47,38100,0.0000,1.0
2008-10-15,0.58,0.58,0.4778,0.52,0.52,42200,0.0000,1.0
2008-10-14,0.5,0.5799,0.5,0.5699,0.5699,28700,0.0000,1.0
2008-10-13,0.41,0.56,0.4,0.52,0.52,84700,0.0000,1.0
2008-10-10,0.48,0.5099,0.38,0.43,0.43,81600,0.0000,1.0
2008-10-09,0.5701,0.61,0.48,0.4806,0.4806,64200,0.0000,1.0
2008-10-08,0.43,0.54,0.43,0.54,0.54,90600,0.0000,1.0
2008-10-07,0.39,0.45,0.36,0.42,0.42,106600,0.0000,1.0
2008-10-06,0.43,0.49,0.36,0.36,0.36,147400,0.0000,1.0
2008-10-03,0.53,0.598,0.46,0.4601,0.4601,173600,0.0000,1.0
2008-10-02,0.65,0.65,0.53,0.54,0.54,87300,0.0000,1.0
2008-10-01,0.65,0.67,0.56,0.64,0.64,95900,0.0000,1.0
2008-09-30,0.65,0.6699,0.61,0.639,0.639,3100,0.0000,1.0
2008-09-29,0.69,0.69,0.6,0.6499,0.6499,71500,0.0000,1.0
2008-09-26,0.71,0.7498,0.67,0.6801,0.6801,44300,0.0000,1.0
2008-09-25,0.8,0.8,0.7301,0.74,0.74,50500,0.0000,1.0
2008-09-24,0.92,0.94,0.8,0.8,0.8,39800,0.0000,1.0
2008-09-23,0.85,0.95,0.845,0.8968,0.8968,79700,0.0000,1.0
2008-09-22,0.89,0.89,0.8024,0.85,0.85,93700,0.0000,1.0
2008-09-19,0.8,0.95,0.74,0.95,0.95,34800,0.0000,1.0
2008-09-18,0.71,0.8399,0.69,0.76,0.76,92300,0.0000,1.0
2008-09-17,0.55,0.7001,0.53,0.66,0.66,120700,0.0000,1.0
2008-09-16,0.61,0.61,0.51,0.53,0.53,83800,0.0000,1.0
2008-09-15,0.77,0.8,0.65,0.6501,0.6501,27800,0.0000,1.0
2008-09-12,0.8,0.839,0.76,0.76,0.76,33800,0.0000,1.0
2008-09-11,0.8,0.81,0.76,0.79,0.79,36300,0.0000,1.0
2008-09-10,0.75,0.77,0.55,0.7699,0.7699,159600,0.0000,1.0
2008-09-09,0.9,0.9299,0.65,0.79,0.79,66600,0.0000,1.0
2008-09-08,0.99,0.99,0.92,0.95,0.95,63400,0.0000,1.0
2008-09-05,0.94,0.95,0.9,0.92,0.92,27500,0.0000,1.0
2008-09-04,0.76,0.9501,0.76,0.9,0.9,61900,0.0000,1.0
2008-09-03,1.03,1.03,0.964,0.97,0.97,35200,0.0000,1.0
2008-09-02,1.03,1.04,0.95,1.0299,1.0299,38600,0.0000,1.0
2008-08-29,1.04,1.06,1.0,1.06,1.06,35100,0.0000,1.0
2008-08-28,1.06,1.06,1.03,1.04,1.04,13400,0.0000,1.0
2008-08-27,1.08,1.08,1.02,1.06,1.06,11900,0.0000,1.0
2008-08-26,1.11,1.11,1.0,1.07,1.07,14700,0.0000,1.0
2008-08-25,1.14,1.14,1.05,1.06,1.06,15100,0.0000,1.0
2008-08-22,1.14,1.14,1.0501,1.1,1.1,10900,0.0000,1.0
2008-08-21,0.97,1.07,0.97,1.04,1.04,41600,0.0000,1.0
2008-08-20,1.0,1.03,0.95,0.97,0.97,20500,0.0000,1.0
2008-08-19,1.0,1.03,0.98,1.02,1.02,33400,0.0000,1.0
2008-08-18,1.07,1.07,1.01,1.02,1.02,37600,0.0000,1.0
2008-08-15,1.04,1.06,0.93,1.05,1.05,48100,0.0000,1.0
2008-08-14,1.13,1.13,1.01,1.07,1.07,33100,0.0000,1.0
2008-08-13,1.25,1.25,1.12,1.16,1.16,32400,0.0000,1.0
2008-08-12,1.1,1.23,1.1,1.23,1.23,50400,0.0000,1.0
2008-08-11,1.14,1.24,1.03,1.13,1.13,46400,0.0000,1.0
2008-08-08,1.24,1.24,1.23,1.24,1.24,7700,0.0000,1.0
2008-08-07,1.19,1.28,1.14,1.26,1.26,25600,0.0000,1.0
2008-08-06,1.22,1.26,1.17,1.17,1.17,75000,0.0000,1.0
2008-08-05,1.29,1.3,1.16,1.22,1.22,65100,0.0000,1.0
2008-08-04,1.35,1.35,1.2272,1.26,1.26,25000,0.0000,1.0
2008-08-01,1.34,1.35,1.29,1.33,1.33,15000,0.0000,1.0
2008-07-31,1.3,1.4,1.28,1.3499,1.3499,18400,0.0000,1.0
2008-07-30,1.25,1.33,1.2,1.29,1.29,34800,0.0000,1.0
2008-07-29,1.28,1.28,1.25,1.25,1.25,17800,0.0000,1.0
2008-07-28,1.3501,1.3501,1.29,1.29,1.29,17100,0.0000,1.0
2008-07-25,1.33,1.41,1.3,1.3899,1.3899,30200,0.0000,1.0
2008-07-24,1.33,1.4,1.33,1.34,1.34,72500,0.0000,1.0
2008-07-23,1.3801,1.4,1.32,1.3799,1.3799,26400,0.0000,1.0
2008-07-22,1.3,1.4099,1.3,1.35,1.35,76000,0.0000,1.0
2008-07-21,1.27,1.35,1.26,1.3,1.3,45300,0.0000,1.0
2008-07-18,1.42,1.42,1.27,1.27,1.27,12000,0.0000,1.0
2008-07-17,1.34,1.3999,1.3,1.37,1.37,54500,0.0000,1.0
2008-07-16,1.28,1.31,1.18,1.3,1.3,149600,0.0000,1.0
2008-07-15,1.37,1.44,1.32,1.4,1.4,26200,0.0000,1.0
2008-07-14,1.41,1.42,1.35,1.42,1.42,29100,0.0000,1.0
2008-07-11,1.34,1.43,1.34,1.41,1.41,17200,0.0000,1.0
2008-07-10,1.3499,1.35,1.29,1.34,1.34,19700,0.0000,1.0
2008-07-09,1.44,1.44,1.27,1.27,1.27,55000,0.0000,1.0
2008-07-08,1.41,1.5299,1.37,1.42,1.42,53600,0.0000,1.0
2008-07-07,1.65,1.65,1.35,1.44,1.44,89800,0.0000,1.0
2008-07-03,1.7,1.7,1.65,1.6799,1.6799,11500,0.0000,1.0
2008-07-02,1.75,1.75,1.65,1.67,1.67,6100,0.0000,1.0
2008-07-01,1.72,1.9,1.65,1.75,1.75,34600,0.0000,1.0
2008-06-30,1.72,1.76,1.6801,1.71,1.71,59000,0.0000,1.0
2008-06-27,1.83,1.83,1.72,1.75,1.75,53300,0.0000,1.0
2008-06-26,1.98,1.98,1.83,1.84,1.84,56800,0.0000,1.0
2008-06-25,2.0,2.09,1.92,1.95,1.95,172900,0.0000,1.0
2008-06-24,1.8,2.08,1.8,1.99,1.99,48200,0.0000,1.0
2008-06-23,1.85,2.04,1.85,1.98,1.98,161600,0.0000,1.0
2008-06-20,1.9,1.99,1.88,1.93,1.93,84400,0.0000,1.0
2008-06-19,1.82,1.89,1.78,1.88,1.88,30200,0.0000,1.0
2008-06-18,1.75,1.8,1.61,1.8,1.8,41900,0.0000,1.0
2008-06-17,1.5,1.7599,1.48,1.7599,1.7599,24700,0.0000,1.0
2008-06-16,1.53,1.53,1.51,1.52,1.52,14800,0.0000,1.0
2008-06-13,1.43,1.54,1.35,1.5399,1.5399,72500,0.0000,1.0
2008-06-12,1.38,1.49,1.35,1.4,1.4,134400,0.0000,1.0
2008-06-11,1.45,1.45,1.36,1.3799,1.3799,109500,0.0000,1.0
2008-06-10,1.44,1.46,1.42,1.43,1.43,56000,0.0000,1.0
2008-06-09,1.46,1.47,1.42,1.45,1.45,52300,0.0000,1.0
2008-06-06,1.46,1.4799,1.45,1.46,1.46,23600,0.0000,1.0
2008-06-05,1.48,1.48,1.43,1.48,1.48,20000,0.0000,1.0
2008-06-04,1.5,1.5,1.47,1.49,1.49,23500,0.0000,1.0
2008-06-03,1.51,1.53,1.45,1.5,1.5,56300,0.0000,1.0
2008-06-02,1.5,1.5699,1.45,1.51,1.51,84400,0.0000,1.0
2008-05-30,1.5,1.5699,1.49,1.5,1.5,98100,0.0000,1.0
2008-05-29,1.51,1.54,1.43,1.54,1.54,75800,0.0000,1.0
2008-05-28,1.42,1.56,1.42,1.56,1.56,122900,0.0000,1.0
2008-05-27,1.45,1.58,1.45,1.46,1.46,32300,0.0000,1.0
2008-05-23,1.6,1.6,1.5,1.56,1.56,16600,0.0000,1.0
2008-05-22,1.52,1.57,1.45,1.57,1.57,19900,0.0000,1.0
2008-05-21,1.52,1.59,1.52,1.55,1.55,31800,0.0000,1.0
2008-05-20,1.43,1.6,1.43,1.52,1.52,47600,0.0000,1.0
2008-05-19,1.59,1.59,1.43,1.45,1.45,84400,0.0000,1.0
2008-05-16,1.5,1.59,1.5,1.59,1.59,85100,0.0000,1.0
2008-05-15,1.73,1.73,1.5,1.51,1.51,31200,0.0000,1.0
2008-05-14,1.55,1.59,1.52,1.58,1.58,61500,0.0000,1.0
2008-05-13,1.57,1.6,1.55,1.58,1.58,40800,0.0000,1.0
2008-05-12,1.64,1.64,1.45,1.5,1.5,47200,0.0000,1.0
2008-05-09,1.49,1.6,1.47,1.55,1.55,83100,0.0000,1.0
2008-05-08,1.65,1.67,1.22,1.54,1.54,96500,0.0000,1.0
2008-05-07,1.72,1.75,1.69,1.69,1.69,23500,0.0000,1.0
2008-05-06,1.75,1.7636,1.68,1.72,1.72,36300,0.0000,1.0
2008-05-05,1.81,1.85,1.73,1.75,1.75,62400,0.0000,1.0
2008-05-02,1.7,1.8,1.7,1.7499,1.7499,22600,0.0000,1.0
2008-05-01,1.77,1.79,1.7,1.78,1.78,110000,0.0000,1.0
2008-04-30,1.8,1.9,1.76,1.79,1.79,38800,0.0000,1.0
2008-04-29,1.87,1.87,1.87,1.87,1.87,0,0.0000,1.0
2008-04-28,1.87,1.87,1.87,1.87,1.87,0,0.0000,1.0
2008-04-25,1.87,1.87,1.87,1.87,1.87,0,0.0000,1.0
2008-04-24,1.87,1.87,1.87,1.87,1.87,0,0.0000,1.0
2008-04-23,1.87,1.87,1.87,1.87,1.87,0,0.0000,1.0
2008-04-22,1.87,1.87,1.87,1.87,1.87,0,0.0000,1.0
2008-04-21,1.87,1.87,1.87,1.87,1.87,0,0.0000,1.0
2008-04-18,1.87,1.87,1.87,1.87,1.87,0,0.0000,1.0
2008-04-17,1.87,1.87,1.87,1.87,1.87,0,0.0000,1.0
2008-04-16,1.87,1.87,1.87,1.87,1.87,0,0.0000,1.0
2008-04-15,1.87,1.87,1.87,1.87,1.87,0,0.0000,1.0
2008-04-14,1.87,1.87,1.87,1.87,1.87,0,0.0000,1.0
2008-04-11,1.87,1.87,1.87,1.87,1.87,0,0.0000,1.0
2008-04-10,1.87,1.87,1.87,1.87,1.87,0,0.0000,1.0
2008-04-09,1.87,1.87,1.87,1.87,1.87,0,0.0000,1.0
2008-04-08,1.87,1.87,1.87,1.87,1.87,0,0.0000,1.0
2008-04-07,1.87,1.87,1.87,1.87,1.87,0,0.0000,1.0
2008-04-04,1.87,1.87,1.87,1.87,1.87,0,0.0000,1.0
2008-04-03,1.87,1.87,1.87,1.87,1.87,0,0.0000,1.0
2008-04-02,1.82,1.93,1.8,1.87,1.87,31700,0.0000,1.0
2008-04-01,1.85,1.93,1.8,1.85,1.85,49200,0.0000,1.0
2008-03-31,2.05,2.05,1.79,1.8699,1.8699,55400,0.0000,1.0
2008-03-28,1.95,1.95,1.7263,1.9,1.9,135000,0.0000,1.0
2008-03-27,2.1,2.1,2.1,2.1,2.1,0,0.0000,1.0
2008-03-26,2.1,2.1,2.1,2.1,2.1,0,0.0000,1.0
2008-03-25,2.1,2.1,2.1,2.1,2.1,0,0.0000,1.0
2008-03-24,2.1,2.1,2.1,2.1,2.1,0,0.0000,1.0
2008-03-20,2.1,2.1,2.1,2.1,2.1,0,0.0000,1.0
2008-03-19,2.1,2.1,2.1,2.1,2.1,0,0.0000,1.0
2008-03-18,2.1,2.1,2.1,2.1,2.1,0,0.0000,1.0
2008-03-17,2.1,2.1,2.1,2.1,2.1,0,0.0000,1.0
2008-03-14,2.1,2.1,2.1,2.1,2.1,0,0.0000,1.0
2008-03-13,2.1,2.1,2.1,2.1,2.1,0,0.0000,1.0
2008-03-12,2.2,2.2099,2.1,2.1,2.1,25600,0.0000,1.0
2008-03-11,2.18,2.21,2.162,2.2,2.2,4500,0.0000,1.0
2008-03-10,2.14,2.23,2.14,2.1801,2.1801,32300,0.0000,1.0
2008-03-07,2.26,2.26,2.17,2.19,2.19,21000,0.0000,1.0
2008-03-06,2.22,2.27,2.1401,2.16,2.16,53600,0.0000,1.0
2008-03-05,2.33,2.33,2.2301,2.27,2.27,57300,0.0000,1.0
2008-03-04,2.25,2.32,2.23,2.28,2.28,114800,0.0000,1.0
2008-03-03,2.24,2.25,2.19,2.23,2.23,57700,0.0000,1.0
2008-02-29,2.16,2.3499,2.15,2.1699,2.1699,194200,0.0000,1.0
2008-02-28,2.22,2.22,2.1,2.15,2.15,95300,0.0000,1.0
2008-02-27,2.3,2.32,2.16,2.19,2.19,130300,0.0000,1.0
2008-02-26,2.41,2.41,2.25,2.27,2.27,68300,0.0000,1.0
2008-02-25,2.35,2.36,2.29,2.29,2.29,50100,0.0000,1.0
2008-02-22,2.3,2.35,2.25,2.26,2.26,32600,0.0000,1.0
2008-02-21,2.41,2.41,2.3,2.37,2.37,25400,0.0000,1.0
2008-02-20,2.37,2.41,2.26,2.41,2.41,44300,0.0000,1.0
2008-02-19,2.37,2.45,2.3502,2.42,2.42,56100,0.0000,1.0
2008-02-15,2.47,2.47,2.34,2.37,2.37,14500,0.0000,1.0
2008-02-14,2.31,2.37,2.25,2.35,2.35,114000,0.0000,1.0
2008-02-13,2.34,2.37,2.25,2.3399,2.3399,174900,0.0000,1.0
2008-02-12,2.37,2.48,2.37,2.37,2.37,37100,0.0000,1.0
2008-02-11,2.47,2.5001,2.4,2.41,2.41,54500,0.0000,1.0
2008-02-08,2.45,2.502,2.4,2.45,2.45,32100,0.0000,1.0
2008-02-07,2.42,2.47,2.37,2.47,2.47,16900,0.0000,1.0
2008-02-06,2.37,2.55,2.3101,2.43,2.43,85600,0.0000,1.0
2008-02-05,2.47,2.47,2.4,2.44,2.44,39200,0.0000,1.0
2008-02-04,2.51,2.66,2.41,2.58,2.58,202400,0.0000,1.0
2008-02-01,2.38,2.56,2.38,2.52,2.52,93100,0.0000,1.0
2008-01-31,2.5,2.56,2.2,2.4,2.4,120400,0.0000,1.0
2008-01-30,2.61,2.61,2.54,2.5599,2.5599,58300,0.0000,1.0
2008-01-29,2.68,2.68,2.54,2.55,2.55,127200,0.0000,1.0
2008-01-28,2.44,2.6,2.35,2.5399,2.5399,215400,0.0000,1.0
2008-01-25,2.41,2.45,2.27,2.4,2.4,133500,0.0000,1.0
2008-01-24,2.1,2.32,2.08,2.3,2.3,145100,0.0000,1.0
2008-01-23,2.07,2.09,1.9,2.09,2.09,396200,0.0000,1.0
2008-01-22,1.8,2.03,1.8,2.03,2.03,164400,0.0000,1.0
2008-01-18,1.98,1.9901,1.95,1.95,1.95,63900,0.0000,1.0
2008-01-17,1.98,2.06,1.97,2.05,2.05,43100,0.0000,1.0
2008-01-16,2.03,2.05,1.97,2.05,2.05,96200,0.0000,1.0
2008-01-15,2.02,2.1,2.01,2.05,2.05,172400,0.0000,1.0
2008-01-14,1.98,2.08,1.96,2.06,2.06,74300,0.0000,1.0
2008-01-11,2.0,2.0,1.8705,1.96,1.96,19300,0.0000,1.0
2008-01-10,2.03,2.03,1.85,1.95,1.95,29800,0.0000,1.0
2008-01-09,2.0,2.06,1.88,1.88,1.88,59300,0.0000,1.0
2008-01-08,1.9,1.98,1.85,1.98,1.98,35000,0.0000,1.0
2008-01-07,1.92,1.93,1.81,1.81,1.81,61300,0.0000,1.0
2008-01-04,1.98,1.98,1.9,1.91,1.91,56800,0.0000,1.0
2008-01-03,1.99,2.0,1.91,1.98,1.98,96300,0.0000,1.0
2008-01-02,1.98,2.03,1.94,1.97,1.97,51200,0.0000,1.0
2007-12-31,1.99,2.05,1.9,2.05,2.05,72300,0.0000,1.0
2007-12-28,1.68,1.87,1.68,1.87,1.87,153800,0.0000,1.0
2007-12-27,1.67,1.73,1.66,1.7,1.7,64600,0.0000,1.0
2007-12-26,1.79,1.79,1.71,1.77,1.77,18200,0.0000,1.0
2007-12-24,1.66,1.8,1.66,1.72,1.72,35200,0.0000,1.0
2007-12-21,1.77,1.8,1.72,1.8,1.8,53100,0.0000,1.0
2007-12-20,1.8,1.8,1.72,1.75,1.75,58100,0.0000,1.0
2007-12-19,1.76,1.8,1.72,1.76,1.76,115400,0.0000,1.0
2007-12-18,1.89,1.9,1.75,1.76,1.76,42100,0.0000,1.0
2007-12-17,1.85,2.0,1.81,1.89,1.89,38600,0.0000,1.0
2007-12-14,1.89,2.03,1.89,1.91,1.91,38200,0.0000,1.0
2007-12-13,1.95,2.01,1.92,2.0,2.0,19200,0.0000,1.0
2007-12-12,1.95,1.99,1.91,1.9101,1.9101,39800,0.0000,1.0
2007-12-11,2.03,2.05,1.9,1.9,1.9,27300,0.0000,1.0
2007-12-10,1.81,2.05,1.81,1.9,1.9,48900,0.0000,1.0
2007-12-07,1.98,2.04,1.91,1.92,1.92,63800,0.0000,1.0
2007-12-06,2.05,2.07,1.91,1.94,1.94,42400,0.0000,1.0
2007-12-05,2.0,2.11,2.0,2.05,2.05,81400,0.0000,1.0
2007-12-04,1.9,1.98,1.9,1.93,1.93,27300,0.0000,1.0
2007-12-03,1.95,2.0,1.83,1.95,1.95,48000,0.0000,1.0
2007-11-30,2.0,2.0,1.76,1.81,1.81,73100,0.0000,1.0
2007-11-29,2.01,2.04,1.97,1.99,1.99,36000,0.0000,1.0
2007-11-28,2.01,2.08,2.01,2.05,2.05,21000,0.0000,1.0
2007-11-27,2.07,2.07,2.02,2.07,2.07,13900,0.0000,1.0
2007-11-26,2.22,2.22,2.06,2.09,2.09,18200,0.0000,1.0
2007-11-23,2.15,2.15,1.99,2.13,2.13,61500,0.0000,1.0
2007-11-21,2.12,2.14,2.01,2.05,2.05,46700,0.0000,1.0
2007-11-20,2.1,2.1,2.05,2.09,2.09,8900,0.0000,1.0
2007-11-19,2.07,2.1,2.05,2.07,2.07,10500,0.0000,1.0
2007-11-16,2.1,2.21,2.08,2.1,2.1,23900,0.0000,1.0
2007-11-15,2.27,2.27,2.1,2.14,2.14,32100,0.0000,1.0
2007-11-14,2.15,2.2,2.08,2.1,2.1,77200,0.0000,1.0
2007-11-13,2.29,2.3,2.11,2.12,2.12,33100,0.0000,1.0
2007-11-12,2.34,2.51,2.28,2.28,2.28,30900,0.0000,1.0
2007-11-09,2.51,2.55,2.4,2.48,2.48,41500,0.0000,1.0
2007-11-08,2.44,2.59,2.31,2.42,2.42,163800,0.0000,1.0
2007-11-07,2.38,2.38,2.16,2.34,2.34,44600,0.0000,1.0
2007-11-06,2.13,2.34,2.08,2.23,2.23,68500,0.0000,1.0
2007-11-05,2.15,2.2,2.1,2.1,2.1,33800,0.0000,1.0
2007-11-02,2.1,2.25,2.05,2.2,2.2,91900,0.0000,1.0
2007-11-01,2.15,2.2,2.1,2.1,2.1,74100,0.0000,1.0
2007-10-31,2.27,2.27,2.15,2.2,2.2,55000,0.0000,1.0
2007-10-30,2.33,2.33,2.15,2.24,2.24,49500,0.0000,1.0
2007-10-29,2.38,2.38,2.3,2.3,2.3,46100,0.0000,1.0
2007-10-26,2.18,2.35,2.16,2.35,2.35,86800,0.0000,1.0
2007-10-25,2.23,2.25,2.19,2.19,2.19,21000,0.0000,1.0
2007-10-24,2.26,2.26,2.18,2.2,2.2,22400,0.0000,1.0
2007-10-23,2.27,2.27,2.2,2.2,2.2,42600,0.0000,1.0
2007-10-22,2.29,2.31,2.17,2.3,2.3,39900,0.0000,1.0
2007-10-19,2.38,2.4,2.25,2.3,2.3,35500,0.0000,1.0
2007-10-18,2.29,2.37,2.28,2.29,2.29,21500,0.0000,1.0
2007-10-17,2.28,2.46,2.28,2.28,2.28,49200,0.0000,1.0
2007-10-16,2.37,2.41,2.2,2.2,2.2,69800,0.0000,1.0
2007-10-15,2.35,2.47,2.35,2.36,2.36,35600,0.0000,1.0
2007-10-12,2.5,2.52,2.4,2.41,2.41,40000,0.0000,1.0
2007-10-11,2.4,2.6,2.4,2.42,2.42,56400,0.0000,1.0
2007-10-10,2.42,2.44,2.32,2.37,2.37,21300,0.0000,1.0
2007-10-09,2.4,2.42,2.32,2.34,2.34,51400,0.0000,1.0
2007-10-08,2.48,2.49,2.35,2.4324,2.4324,6600,0.0000,1.0
2007-10-05,2.52,2.66,2.42,2.44,2.44,42200,0.0000,1.0
2007-10-04,2.35,2.57,2.35,2.57,2.57,24600,0.0000,1.0
2007-10-03,2.35,2.4,2.29,2.35,2.35,41500,0.0000,1.0
2007-10-02,2.42,2.42,2.25,2.39,2.39,68800,0.0000,1.0
2007-10-01,2.59,2.63,2.45,2.45,2.45,37600,0.0000,1.0
2007-09-28,2.59,2.686,2.49,2.61,2.61,59500,0.0000,1.0
2007-09-27,2.63,2.66,2.58,2.6,2.6,26900,0.0000,1.0
2007-09-26,2.67,2.67,2.45,2.63,2.63,47800,0.0000,1.0
2007-09-25,2.62,2.67,2.6001,2.62,2.62,18900,0.0000,1.0
2007-09-24,2.79,2.81,2.69,2.71,2.71,42400,0.0000,1.0
2007-09-21,2.6,2.81,2.6,2.81,2.81,58000,0.0000,1.0
2007-09-20,2.75,2.8,2.59,2.61,2.61,37900,0.0000,1.0
2007-09-19,2.75,2.77,2.67,2.7,2.7,92400,0.0000,1.0
2007-09-18,2.66,2.75,2.56,2.72,2.72,95700,0.0000,1.0
2007-09-17,2.5,2.68,2.5,2.63,2.63,39700,0.0000,1.0
2007-09-14,2.51,2.59,2.48,2.57,2.57,32900,0.0000,1.0
2007-09-13,2.6,2.65,2.54,2.566,2.566,83000,0.0000,1.0
2007-09-12,2.51,2.63,2.51,2.63,2.63,26300,0.0000,1.0
2007-09-11,2.55,2.65,2.51,2.6,2.6,50300,0.0000,1.0
2007-09-10,2.55,2.69,2.43,2.69,2.69,74000,0.0000,1.0
2007-09-07,2.5,2.58,2.45,2.57,2.57,43800,0.0000,1.0
2007-09-06,2.5,2.54,2.49,2.54,2.54,38500,0.0000,1.0
2007-09-05,2.4,2.56,2.35,2.48,2.48,23700,0.0000,1.0
2007-09-04,2.4001,2.42,2.4,2.4,2.4,62200,0.0000,1.0
2007-08-31,2.4,2.4,2.4,2.4,2.4,3500,0.0000,1.0
2007-08-30,2.35,2.45,2.34,2.4,2.4,13200,0.0000,1.0
2007-08-29,2.3,2.55,2.0,2.55,2.55,72600,0.0000,1.0
2007-08-28,2.22,2.35,2.15,2.2,2.2,39400,0.0000,1.0
2007-08-27,2.28,2.4,2.13,2.25,2.25,50000,0.0000,1.0
2007-08-24,2.26,2.4,2.25,2.28,2.28,8800,0.0000,1.0
2007-08-23,2.48,2.5,2.21,2.37,2.37,37400,0.0000,1.0
2007-08-22,2.5,2.5,2.3,2.42,2.42,56900,0.0000,1.0
2007-08-21,2.5,2.55,2.42,2.55,2.55,15500,0.0000,1.0
2007-08-20,2.54,2.56,2.25,2.55,2.55,18400,0.0000,1.0
2007-08-17,2.5,2.55,2.3,2.54,2.54,55300,0.0000,1.0
2007-08-16,2.45,2.5,2.17,2.5,2.5,96600,0.0000,1.0
2007-08-15,2.53,2.7,2.466,2.5,2.5,70600,0.0000,1.0
2007-08-14,2.84,2.84,2.57,2.57,2.57,54900,0.0000,1.0
2007-08-13,2.57,2.84,2.51,2.84,2.84,45900,0.0000,1.0
2007-08-10,2.65,2.65,2.55,2.65,2.65,63000,0.0000,1.0
2007-08-09,2.85,2.85,2.6,2.73,2.73,44500,0.0000,1.0
2007-08-08,2.73,2.98,2.5,2.98,2.98,89900,0.0000,1.0
2007-08-07,2.8,2.9,2.6,2.75,2.75,33600,0.0000,1.0
2007-08-06,2.96,2.96,2.78,2.85,2.85,38900,0.0000,1.0
2007-08-03,2.8,3.0,2.7,3.0,3.0,124500,0.0000,1.0
2007-08-02,2.75,2.8,2.65,2.75,2.75,51200,0.0000,1.0
2007-08-01,2.65,2.75,2.65,2.7,2.7,192900,0.0000,1.0
2007-07-31,2.61,2.65,2.59,2.61,2.61,83500,0.0000,1.0
2007-07-30,2.49,2.67,2.48,2.65,2.65,245300,0.0000,1.0
2007-07-27,2.38,2.5,2.38,2.38,2.38,109000,0.0000,1.0
2007-07-26,2.37,2.48,2.35,2.46,2.46,105900,0.0000,1.0
2007-07-25,2.31,2.4,2.31,2.37,2.37,7400,0.0000,1.0
2007-07-24,2.42,2.44,2.28,2.28,2.28,25700,0.0000,1.0
2007-07-23,2.43,2.46,2.4,2.44,2.44,53100,0.0000,1.0
2007-07-20,2.38,2.54,2.35,2.4,2.4,46700,0.0000,1.0
2007-07-19,2.35,2.4,2.25,2.35,2.35,24900,0.0000,1.0
2007-07-18,2.29,2.4,2.27,2.35,2.35,59000,0.0000,1.0
2007-07-17,2.3,2.32,2.28,2.3,2.3,38900,0.0000,1.0
2007-07-16,2.35,2.35,2.33,2.33,2.33,6000,0.0000,1.0
2007-07-13,2.34,2.35,2.25,2.35,2.35,14100,0.0000,1.0
2007-07-12,2.3,2.35,2.24,2.35,2.35,19100,0.0000,1.0
2007-07-11,2.24,2.32,2.17,2.25,2.25,68600,0.0000,1.0
2007-07-10,2.27,2.28,2.24,2.25,2.25,315200,0.0000,1.0
2007-07-09,2.23,2.35,2.22,2.3,2.3,54600,0.0000,1.0
2007-07-06,2.17,2.22,2.17,2.22,2.22,15400,0.0000,1.0
2007-07-05,2.1,2.17,2.09,2.17,2.17,56400,0.0000,1.0
2007-07-03,2.14,2.14,2.1,2.12,2.12,40100,0.0000,1.0
2007-07-02,2.16,2.16,2.15,2.15,2.15,8900,0.0000,1.0
2007-06-29,2.14,2.16,2.11,2.13,2.13,16600,0.0000,1.0
2007-06-28,2.13,2.14,2.1,2.14,2.14,67500,0.0000,1.0
2007-06-27,2.2,2.2,2.15,2.16,2.16,27000,0.0000,1.0
2007-06-26,2.26,2.26,2.2,2.24,2.24,102900,0.0000,1.0
2007-06-25,2.25,2.3,2.25,2.3,2.3,37300,0.0000,1.0
2007-06-22,2.2,2.25,2.2,2.25,2.25,46700,0.0000,1.0
2007-06-21,2.2,2.21,2.1,2.16,2.16,46700,0.0000,1.0
2007-06-20,2.25,2.25,2.22,2.24,2.24,19000,0.0000,1.0
2007-06-19,2.26,2.3,2.2,2.3,2.3,14200,0.0000,1.0
2007-06-18,2.25,2.3,2.25,2.3,2.3,77600,0.0000,1.0
2007-06-15,2.22,2.25,2.21,2.25,2.25,22400,0.0000,1.0
2007-06-14,2.24,2.3,2.2,2.23,2.23,32900,0.0000,1.0
2007-06-13,2.22,2.25,2.2,2.23,2.23,52600,0.0000,1.0
2007-06-12,2.35,2.35,2.2,2.25,2.25,90600,0.0000,1.0
2007-06-11,2.38,2.39,2.35,2.39,2.39,52500,0.0000,1.0
2007-06-08,2.38,2.4,2.38,2.39,2.39,13100,0.0000,1.0
2007-06-07,2.43,2.45,2.37,2.37,2.37,45900,0.0000,1.0
2007-06-06,2.46,2.49,2.46,2.49,2.49,15000,0.0000,1.0
2007-06-05,2.48,2.48,2.46,2.47,2.47,20600,0.0000,1.0
2007-06-04,2.57,2.57,2.47,2.5,2.5,42000,0.0000,1.0
2007-06-01,2.53,2.57,2.5,2.56,2.56,25900,0.0000,1.0
2007-05-31,2.6,2.6,2.5,2.53,2.53,12300,0.0000,1.0
2007-05-30,2.53,2.63,2.51,2.6,2.6,64000,0.0000,1.0
2007-05-29,2.4,2.5,2.4,2.465,2.465,73400,0.0000,1.0
2007-05-25,2.39,2.39,2.27,2.38,2.38,53900,0.0000,1.0
2007-05-24,2.5,2.51,2.36,2.38,2.38,183700,0.0000,1.0
2007-05-23,2.6,2.61,2.52,2.55,2.55,67800,0.0000,1.0
2007-05-22,2.64,2.65,2.61,2.62,2.62,56900,0.0000,1.0
2007-05-21,2.7,2.7,2.65,2.7,2.7,22200,0.0000,1.0
2007-05-18,2.7,2.76,2.7,2.76,2.76,11400,0.0000,1.0
2007-05-17,2.77,2.77,2.7,2.7,2.7,27300,0.0000,1.0
2007-05-16,2.82,2.82,2.77,2.77,2.77,18100,0.0000,1.0
2007-05-15,2.85,2.85,2.83,2.83,2.83,32100,0.0000,1.0
2007-05-14,2.82,2.87,2.82,2.83,2.83,18000,0.0000,1.0
2007-05-11,2.87,2.9,2.87,2.89,2.89,14400,0.0000,1.0
2007-05-10,2.95,2.97,2.93,2.93,2.93,26000,0.0000,1.0
2007-05-09,2.87,2.92,2.87,2.92,2.92,12200,0.0000,1.0
2007-05-08,2.96,2.98,2.85,2.86,2.86,64500,0.0000,1.0
2007-05-07,2.96,3.02,2.95,2.97,2.97,72100,0.0000,1.0
2007-05-04,3.03,3.03,2.96,2.99,2.99,85100,0.0000,1.0
2007-05-03,2.85,3.08,2.85,3.04,3.04,307900,0.0000,1.0
2007-05-02,2.71,2.85,2.71,2.82,2.82,91000,0.0000,1.0
2007-05-01,2.79,2.84,2.73,2.84,2.84,41800,0.0000,1.0
2007-04-30,2.7,2.82,2.65,2.8,2.8,152400,0.0000,1.0
2007-04-27,2.67,2.71,2.64,2.7,2.7,123700,0.0000,1.0
2007-04-26,2.66,2.7,2.66,2.67,2.67,37100,0.0000,1.0
2007-04-25,2.7,2.77,2.64,2.7,2.7,54900,0.0000,1.0
2007-04-24,2.75,2.75,2.64,2.7,2.7,122700,0.0000,1.0
2007-04-23,2.73,2.76,2.7,2.76,2.76,83000,0.0000,1.0
2007-04-20,2.75,2.75,2.67,2.71,2.71,45300,0.0000,1.0
2007-04-19,2.7,2.8,2.63,2.71,2.71,58200,0.0000,1.0
2007-04-18,2.75,2.75,2.67,2.7,2.7,38600,0.0000,1.0
2007-04-17,2.65,2.72,2.63,2.72,2.72,71500,0.0000,1.0
2007-04-16,2.79,2.8,2.69,2.73,2.73,66600,0.0000,1.0
2007-04-13,2.8,2.8,2.74,2.74,2.74,19400,0.0000,1.0
2007-04-12,2.8,2.86,2.8,2.8,2.8,22300,0.0000,1.0
2007-04-11,2.8,2.89,2.72,2.8,2.8,67400,0.0000,1.0
2007-04-10,2.65,2.79,2.64,2.77,2.77,91000,0.0000,1.0
2007-04-09,2.73,2.75,2.61,2.63,2.63,47800,0.0000,1.0
2007-04-05,2.9,2.9,2.64,2.73,2.73,120300,0.0000,1.0
2007-04-04,2.91,2.95,2.75,2.92,2.92,93600,0.0000,1.0
2007-04-03,3.04,3.04,2.95,3.0,3.0,23700,0.0000,1.0
2007-04-02,3.04,3.04,2.95,3.04,3.04,27900,0.0000,1.0
2007-03-30,3.01,3.04,2.89,3.04,3.04,67800,0.0000,1.0
2007-03-29,3.0,3.08,2.95,2.95,2.95,60500,0.0000,1.0
2007-03-28,3.13,3.15,2.95,3.08,3.08,72200,0.0000,1.0
2007-03-27,3.1,3.14,3.07,3.13,3.13,88500,0.0000,1.0
2007-03-26,3.16,3.25,3.02,3.1,3.1,124500,0.0000,1.0
2007-03-23,3.09,3.2,3.08,3.11,3.11,135100,0.0000,1.0
2007-03-22,2.84,3.1,2.8,3.09,3.09,200800,0.0000,1.0
2007-03-21,2.89,3.01,2.83,2.88,2.88,244300,0.0000,1.0
2007-03-20,3.16,3.16,2.83,2.91,2.91,545900,0.0000,1.0
2007-03-19,2.99,3.1,2.99,3.1,3.1,539500,0.0000,1.0
2007-03-16,2.805,2.94,2.8,2.9,2.9,274300,0.0000,1.0
2007-03-15,2.57,2.66,2.52,2.65,2.65,119400,0.0000,1.0
2007-03-14,2.47,2.48,2.4,2.48,2.48,115000,0.0000,1.0
2007-03-13,2.4,2.54,2.4,2.47,2.47,113500,0.0000,1.0
2007-03-12,2.35,2.4,2.35,2.4,2.4,4000,0.0000,1.0
2007-03-09,2.35,2.37,2.25,2.3,2.3,82400,0.0000,1.0
2007-03-08,2.46,2.46,2.36,2.4,2.4,138700,0.0000,1.0
2007-03-07,2.55,2.55,2.37,2.42,2.42,141800,0.0000,1.0
2007-03-06,2.47,2.51,2.47,2.5,2.5,177300,0.0000,1.0
2007-03-05,2.59,2.6,2.42,2.46,2.46,150100,0.0000,1.0
2007-03-02,2.49,2.68,2.45,2.68,2.68,656300,0.0000,1.0
2007-03-01,2.34,2.36,2.25,2.3,2.3,87600,0.0000,1.0
2007-02-28,2.45,2.46,2.28,2.45,2.45,150300,0.0000,1.0
2007-02-27,2.7,2.7,2.46,2.47,2.47,235400,0.0000,1.0
2007-02-26,2.58,2.68,2.45,2.55,2.55,427700,0.0000,1.0
2007-02-23,2.1,2.39,2.08,2.36,2.36,268200,0.0000,1.0
2007-02-22,2.1,2.1,2.04,2.06,2.06,94100,0.0000,1.0
2007-02-21,2.13,2.13,2.07,2.09,2.09,35100,0.0000,1.0
2007-02-20,2.08,2.15,2.07,2.13,2.13,138800,0.0000,1.0
2007-02-16,2.05,2.165,2.05,2.07,2.07,111700,0.0000,1.0
2007-02-15,2.18,2.225,2.1,2.12,2.12,93000,0.0000,1.0
2007-02-14,2.21,2.25,2.17,2.21,2.21,54800,0.0000,1.0
2007-02-13,2.175,2.25,2.17,2.21,2.21,104900,0.0000,1.0
2007-02-12,2.16,2.18,2.13,2.17,2.17,46500,0.0000,1.0
2007-02-09,2.17,2.2,2.09,2.2,2.2,95200,0.0000,1.0
2007-02-08,2.17,2.25,2.13,2.13,2.13,53300,0.0000,1.0
2007-02-07,2.26,2.28,2.13,2.2,2.2,90000,0.0000,1.0
2007-02-06,2.31,2.32,2.24,2.27,2.27,65900,0.0000,1.0
2007-02-05,2.34,2.34,2.26,2.32,2.32,73400,0.0000,1.0
2007-02-02,2.31,2.36,2.26,2.36,2.36,149500,0.0000,1.0
2007-02-01,2.33,2.37,2.29,2.32,2.32,102200,0.0000,1.0
2007-01-31,2.38,2.39,2.32,2.35,2.35,107300,0.0000,1.0
2007-01-30,2.35,2.4,2.32,2.38,2.38,70600,0.0000,1.0
2007-01-29,2.34,2.38,2.28,2.38,2.38,87900,0.0000,1.0
2007-01-26,2.5,2.5,2.36,2.37,2.37,85700,0.0000,1.0
2007-01-25,2.4,2.45,2.35,2.45,2.45,132700,0.0000,1.0
2007-01-24,2.37,2.43,2.32,2.4,2.4,86700,0.0000,1.0
2007-01-23,2.33,2.38,2.26,2.37,2.37,66800,0.0000,1.0
2007-01-22,2.34,2.34,2.18,2.33,2.33,85300,0.0000,1.0
2007-01-19,2.35,2.45,2.32,2.34,2.34,72200,0.0000,1.0
2007-01-18,2.42,2.44,2.35,2.35,2.35,51000,0.0000,1.0
2007-01-17,2.39,2.47,2.37,2.44,2.44,82100,0.0000,1.0
2007-01-16,2.48,2.52,2.38,2.49,2.49,108400,0.0000,1.0
2007-01-12,2.44,2.48,2.4,2.47,2.47,63000,0.0000,1.0
2007-01-11,2.51,2.52,2.4,2.45,2.45,115800,0.0000,1.0
2007-01-10,2.41,2.5,2.37,2.5,2.5,87600,0.0000,1.0
2007-01-09,2.4,2.47,2.34,2.4,2.4,103900,0.0000,1.0
2007-01-08,2.41,2.41,2.28,2.4,2.4,44400,0.0000,1.0
2007-01-05,2.44,2.48,2.25,2.41,2.41,166300,0.0000,1.0
2007-01-04,2.3,2.43,2.27,2.43,2.43,199100,0.0000,1.0
2007-01-03,2.17,2.27,2.16,2.25,2.25,338400,0.0000,1.0
2006-12-29,2.11,2.16,2.03,2.1,2.1,149900,0.0000,1.0
2006-12-28,2.15,2.16,2.11,2.11,2.11,36100,0.0000,1.0
2006-12-27,2.07,2.15,2.07,2.15,2.15,72000,0.0000,1.0
2006-12-26,2.14,2.14,2.14,2.14,2.14,0,0.0000,1.0
2006-12-22,2.11,2.15,2.03,2.14,2.14,98600,0.0000,1.0
2006-12-21,2.1,2.12,2.01,2.12,2.12,58200,0.0000,1.0
2006-12-20,2.18,2.18,2.08,2.1,2.1,101400,0.0000,1.0
2006-12-19,2.0,2.15,1.97,2.15,2.15,114600,0.0000,1.0
2006-12-18,1.95,2.0,1.82,1.98,1.98,184100,0.0000,1.0
2006-12-15,2.02,2.07,1.9,2.07,2.07,55700,0.0000,1.0
2006-12-14,2.17,2.17,1.99,2.05,2.05,111200,0.0000,1.0
2006-12-13,2.12,2.13,2.0,2.09,2.09,92600,0.0000,1.0
2006-12-12,2.15,2.2,2.04,2.2,2.2,82800,0.0000,1.0
2006-12-11,2.12,2.2,2.04,2.17,2.17,73400,0.0000,1.0
2006-12-08,2.1,2.2,2.05,2.2,2.2,51800,0.0000,1.0
2006-12-07,2.2,2.21,2.1,2.1,2.1,69500,0.0000,1.0
2006-12-06,2.25,2.3,2.15,2.21,2.21,86800,0.0000,1.0
2006-12-05,2.25,2.27,2.15,2.25,2.25,68800,0.0000,1.0
2006-12-04,2.22,2.23,2.19,2.19,2.19,36900,0.0000,1.0
2006-12-01,2.17,2.22,2.17,2.22,2.22,98300,0.0000,1.0
2006-11-30,2.13,2.2,2.09,2.17,2.17,61100,0.0000,1.0
2006-11-29,2.1,2.15,2.07,2.11,2.11,110100,0.0000,1.0
2006-11-28,2.0,2.15,2.0,2.12,2.12,79100,0.0000,1.0
2006-11-27,2.02,2.02,1.97,2.0,2.0,74000,0.0000,1.0
2006-11-24,2.01,2.06,2.01,2.02,2.02,20200,0.0000,1.0
2006-11-22,2.065,2.11,2.01,2.01,2.01,79400,0.0000,1.0
2006-11-21,2.05,2.08,2.05,2.065,2.065,70600,0.0000,1.0
2006-11-20,2.05,2.08,2.05,2.05,2.05,51200,0.0000,1.0
2006-11-17,1.99,2.66,1.99,2.02,2.02,153100,0.0000,1.0
2006-11-16,2.1,2.11,1.94,1.99,1.99,177100,0.0000,1.0
2006-11-15,2.1,2.1,2.08,2.09,2.09,35200,0.0000,1.0
2006-11-14,2.1,2.1,2.08,2.08,2.08,32400,0.0000,1.0
2006-11-13,2.12,2.16,2.08,2.1,2.1,60600,0.0000,1.0
2006-11-10,2.16,2.19,2.12,2.13,2.13,119600,0.0000,1.0
2006-11-09,2.13,2.15,2.09,2.14,2.14,77400,0.0000,1.0
2006-11-08,2.12,2.19,2.1,2.19,2.19,81300,0.0000,1.0
2006-11-07,2.13,2.18,2.09,2.16,2.16,35300,0.0000,1.0
2006-11-06,2.19,2.19,2.07,2.11,2.11,68900,0.0000,1.0
2006-11-03,2.2,2.205,2.08,2.2,2.2,47400,0.0000,1.0
2006-11-02,2.07,2.22,2.07,2.22,2.22,42800,0.0000,1.0
2006-11-01,2.03,2.109,2.03,2.05,2.05,19500,0.0000,1.0
2006-10-31,2.12,2.12,2.0,2.02,2.02,67200,0.0000,1.0
2006-10-30,2.06,2.13,2.06,2.12,2.12,47000,0.0000,1.0
2006-10-27,2.15,2.18,2.06,2.06,2.06,65600,0.0000,1.0
2006-10-26,2.11,2.15,2.07,2.14,2.14,71700,0.0000,1.0
2006-10-25,2.17,2.18,2.1,2.1,2.1,41600,0.0000,1.0
2006-10-24,2.15,2.18,2.08,2.18,2.18,55100,0.0000,1.0
2006-10-23,2.24,2.24,2.17,2.17,2.17,37900,0.0000,1.0
2006-10-20,2.3,2.3,2.22,2.25,2.25,38600,0.0000,1.0
2006-10-19,2.4,2.43,2.27,2.3,2.3,117800,0.0000,1.0
2006-10-18,2.39,2.39,2.2,2.27,2.27,62400,0.0000,1.0
2006-10-17,2.43,2.43,2.36,2.36,2.36,63300,0.0000,1.0
2006-10-16,2.55,2.55,2.38,2.45,2.45,193400,0.0000,1.0
2006-10-13,2.47,2.57,2.34,2.57,2.57,208700,0.0000,1.0
2006-10-12,2.26,2.46,2.25,2.46,2.46,252700,0.0000,1.0
2006-10-11,2.06,2.18,2.06,2.18,2.18,96300,0.0000,1.0
2006-10-10,2.17,2.19,2.05,2.1,2.1,79900,0.0000,1.0
2006-10-09,2.18,2.19,2.07,2.19,2.19,32100,0.0000,1.0
2006-10-06,2.05,2.2,2.0,2.19,2.19,51000,0.0000,1.0
2006-10-05,2.02,2.12,1.98,2.05,2.05,103400,0.0000,1.0
2006-10-04,2.11,2.12,1.9,1.95,1.95,112900,0.0000,1.0
2006-10-03,2.2,2.2,2.09,2.12,2.12,116400,0.0000,1.0
2006-10-02,2.12,2.2,2.12,2.18,2.18,13600,0.0000,1.0
2006-09-29,2.18,2.22,2.1,2.12,2.12,123300,0.0000,1.0
2006-09-28,2.23,2.24,2.13,2.15,2.15,115700,0.0000,1.0
2006-09-27,2.35,2.4,2.16,2.19,2.19,225700,0.0000,1.0
2006-09-26,2.29,2.31,2.22,2.31,2.31,68700,0.0000,1.0
2006-09-25,2.26,2.35,2.21,2.35,2.35,32800,0.0000,1.0
2006-09-22,2.47,2.47,2.25,2.26,2.26,121000,0.0000,1.0
2006-09-21,2.66,2.66,2.46,2.46,2.46,242100,0.0000,1.0
2006-09-20,2.54,2.67,2.54,2.66,2.66,160500,0.0000,1.0
2006-09-19,2.72,2.72,2.58,2.62,2.62,74800,0.0000,1.0
2006-09-18,2.47,2.72,2.47,2.72,2.72,104200,0.0000,1.0
2006-09-15,2.6,2.6,2.45,2.57,2.57,55200,0.0000,1.0
2006-09-14,2.62,2.71,2.51,2.6,2.6,353700,0.0000,1.0
2006-09-13,2.4,2.63,2.36,2.6,2.6,177100,0.0000,1.0
2006-09-12,2.4,2.45,2.33,2.42,2.42,304700,0.0000,1.0
2006-09-11,2.45,2.45,2.23,2.35,2.35,204000,0.0000,1.0
2006-09-08,2.23,2.45,2.23,2.45,2.45,96300,0.0000,1.0
2006-09-07,2.28,2.28,2.21,2.25,2.25,47800,0.0000,1.0
2006-09-06,2.24,2.28,2.23,2.28,2.28,50300,0.0000,1.0
2006-09-05,2.35,2.36,2.24,2.24,2.24,59000,0.0000,1.0
2006-09-01,2.31,2.32,2.23,2.32,2.32,115800,0.0000,1.0
2006-08-31,2.25,2.3,2.24,2.29,2.29,73700,0.0000,1.0
2006-08-30,2.28,2.29,2.24,2.28,2.28,20800,0.0000,1.0
2006-08-29,2.26,2.28,2.2,2.28,2.28,121100,0.0000,1.0
2006-08-28,2.4,2.4,2.24,2.26,2.26,87500,0.0000,1.0
2006-08-25,2.18,2.4,2.17,2.4,2.4,166400,0.0000,1.0
2006-08-24,2.12,2.19,2.08,2.19,2.19,88100,0.0000,1.0
2006-08-23,2.12,2.16,2.08,2.15,2.15,53600,0.0000,1.0
2006-08-22,2.18,2.19,2.11,2.12,2.12,98800,0.0000,1.0
2006-08-21,2.16,2.17,2.08,2.11,2.11,90000,0.0000,1.0
2006-08-18,2.17,2.2,2.13,2.16,2.16,37400,0.0000,1.0
2006-08-17,2.16,2.2,2.1,2.19,2.19,91100,0.0000,1.0
2006-08-16,2.24,2.24,2.15,2.2,2.2,20800,0.0000,1.0
2006-08-15,2.21,2.26,2.11,2.24,2.24,85800,0.0000,1.0
2006-08-14,2.24,2.25,2.15,2.24,2.24,48600,0.0000,1.0
2006-08-11,2.25,2.35,2.0,2.25,2.25,139700,0.0000,1.0
2006-08-10,2.25,2.39,2.2,2.2,2.2,39100,0.0000,1.0
2006-08-09,1.95,2.39,1.95,2.33,2.33,170200,0.0000,1.0
2006-08-08,2.15,2.3,2.03,2.2,2.2,138700,0.0000,1.0
2006-08-07,2.33,2.33,2.2,2.25,2.25,48800,0.0000,1.0
2006-08-04,2.49,2.51,2.35,2.35,2.35,78700,0.0000,1.0
2006-08-03,2.5,2.62,2.37,2.51,2.51,218300,0.0000,1.0
2006-08-02,2.63,2.71,2.45,2.64,2.64,617200,0.0000,1.0
2006-08-01,2.35,2.44,2.3,2.38,2.38,147300,0.0000,1.0
2006-07-31,2.25,2.45,2.23,2.36,2.36,42700,0.0000,1.0
2006-07-28,2.3,2.3,2.21,2.21,2.21,46400,0.0000,1.0
2006-07-27,2.33,2.33,2.21,2.28,2.28,21000,0.0000,1.0
2006-07-26,2.32,2.35,2.25,2.3,2.3,60500,0.0000,1.0
2006-07-25,2.2,2.49,2.15,2.32,2.32,251400,0.0000,1.0
2006-07-24,2.13,2.19,2.05,2.12,2.12,52500,0.0000,1.0
2006-07-21,2.1,2.19,1.99,2.13,2.13,85100,0.0000,1.0
2006-07-20,2.27,2.27,2.09,2.1,2.1,71100,0.0000,1.0
2006-07-19,2.25,2.28,2.23,2.23,2.23,73900,0.0000,1.0
2006-07-18,2.28,2.28,2.21,2.26,2.26,43400,0.0000,1.0
2006-07-17,2.3,2.32,2.25,2.32,2.32,91600,0.0000,1.0
2006-07-14,2.38,2.4,2.3,2.4,2.4,60100,0.0000,1.0
2006-07-13,2.43,2.47,2.21,2.44,2.44,171100,0.0000,1.0
2006-07-12,2.55,2.55,2.38,2.5,2.5,112100,0.0000,1.0
2006-07-11,2.55,2.6,2.46,2.55,2.55,140100,0.0000,1.0
2006-07-10,2.55,2.68,2.42,2.65,2.65,136600,0.0000,1.0
2006-07-07,2.61,2.61,2.44,2.55,2.55,100900,0.0000,1.0
2006-07-06,2.65,2.68,2.37,2.68,2.68,211600,0.0000,1.0
2006-07-05,2.8,2.8,2.64,2.67,2.67,79600,0.0000,1.0
2006-07-03,2.79,2.79,2.63,2.77,2.77,43600,0.0000,1.0
2006-06-30,2.74,2.77,2.7,2.74,2.74,82700,0.0000,1.0
2006-06-29,2.58,2.8,2.58,2.74,2.74,165000,0.0000,1.0
2006-06-28,2.5,2.6,2.41,2.57,2.57,78700,0.0000,1.0
2006-06-27,2.6,2.6,2.38,2.42,2.42,85400,0.0000,1.0
2006-06-26,2.65,2.7,2.56,2.63,2.63,115200,0.0000,1.0
2006-06-23,2.55,2.74,2.35,2.71,2.71,168000,0.0000,1.0
2006-06-22,2.63,2.7,2.41,2.55,2.55,117500,0.0000,1.0
2006-06-21,2.2,2.75,2.2,2.63,2.63,179700,0.0000,1.0
2006-06-20,2.35,2.37,2.15,2.2,2.2,128900,0.0000,1.0
2006-06-19,2.64,2.64,2.15,2.35,2.35,99900,0.0000,1.0
2006-06-16,2.73,2.79,2.57,2.66,2.66,65000,0.0000,1.0
2006-06-15,2.57,2.84,2.54,2.82,2.82,424500,0.0000,1.0
2006-06-14,2.4,2.45,2.25,2.3,2.3,184300,0.0000,1.0
2006-06-13,2.28,2.28,1.84,2.04,2.04,641800,0.0000,1.0
2006-06-12,2.54,2.66,2.4,2.4,2.4,135400,0.0000,1.0
2006-06-09,2.53,2.74,2.53,2.68,2.68,222300,0.0000,1.0
2006-06-08,2.76,2.76,2.49,2.52,2.52,266100,0.0000,1.0
2006-06-07,2.9,2.9,2.72,2.83,2.83,209200,0.0000,1.0
2006-06-06,2.89,3.0,2.72,2.97,2.97,284000,0.0000,1.0
2006-06-05,3.0,3.15,2.92,3.0,3.0,290600,0.0000,1.0
2006-06-02,3.05,3.12,2.97,3.1,3.1,86300,0.0000,1.0
2006-06-01,3.1,3.12,2.97,3.12,3.12,106900,0.0000,1.0
2006-05-31,3.25,3.27,3.08,3.17,3.17,76500,0.0000,1.0
2006-05-30,3.24,3.36,3.2,3.25,3.25,89200,0.0000,1.0
2006-05-26,3.24,3.25,3.07,3.21,3.21,124200,0.0000,1.0
2006-05-25,3.16,3.3,3.16,3.25,3.25,65200,0.0000,1.0
2006-05-24,3.2,3.25,3.1,3.16,3.16,75700,0.0000,1.0
2006-05-23,3.15,3.36,3.1,3.25,3.25,248100,0.0000,1.0
2006-05-22,3.2,3.22,3.01,3.1,3.1,247200,0.0000,1.0
2006-05-19,3.5,3.5,3.08,3.26,3.26,223600,0.0000,1.0
2006-05-18,3.85,3.85,3.4,3.51,3.51,293700,0.0000,1.0
2006-05-17,3.99,4.2,3.8,3.86,3.86,636200,0.0000,1.0
2006-05-16,3.78,3.79,3.67,3.71,3.71,144500,0.0000,1.0
2006-05-15,3.8,3.85,3.75,3.79,3.79,178700,0.0000,1.0
2006-05-12,4.15,4.15,3.8,4.0,4.0,146200,0.0000,1.0
2006-05-11,4.06,4.08,3.8,4.02,4.02,188600,0.0000,1.0
2006-05-10,4.15,4.18,4.05,4.08,4.08,141400,0.0000,1.0
2006-05-09,4.09,4.23,4.0,4.2,4.2,260800,0.0000,1.0
2006-05-08,3.86,4.14,3.76,4.1,4.1,304000,0.0000,1.0
