timestamp,open,high,low,close,adjusted_close,volume,dividend_amount,split_coefficient
2020-12-11,28.925,30.47,28.84,29.5,29.5,248300,0.0000,1.0
2020-12-10,28.53,29.73,28.17,29.54,29.54,273288,0.0000,1.0
2020-12-09,28.85,28.85,28.26,28.68,28.68,171698,0.0000,1.0
2020-12-08,27.69,28.68,27.67,28.51,28.51,199182,0.0000,1.0
2020-12-07,27.57,28.0889,26.51,27.975,27.975,195077,0.0000,1.0
2020-12-04,26.64,27.74,26.38,27.58,27.58,166327,0.0000,1.0
2020-12-03,26.6,26.81,26.17,26.39,26.39,116636,0.0000,1.0
2020-12-02,26.25,26.74,26.09,26.57,26.57,73448,0.0000,1.0
2020-12-01,26.09,26.83,25.7484,26.51,26.51,139912,0.0000,1.0
2020-11-30,26.1,26.24,25.09,25.62,25.62,160178,0.0000,1.0
2020-11-27,26.41,26.98,26.34,26.47,26.47,89684,0.0000,1.0
2020-11-25,27.3,27.3,26.11,26.51,26.51,182443,0.0000,1.0
2020-11-24,26.2,27.37,25.9825,27.22,27.22,231459,0.0000,1.0
2020-11-23,25.19,25.94,25.11,25.84,25.84,210400,0.0000,1.0
2020-11-20,24.9,25.23,24.31,24.82,24.82,176138,0.0000,1.0
2020-11-19,23.78,24.11,23.36,23.89,23.89,68809,0.0000,1.0
2020-11-18,24.61,24.84,23.7,23.83,23.83,127991,0.0000,1.0
2020-11-17,24.28,24.73,23.51,24.38,24.38,183953,0.0000,1.0
2020-11-16,24.07,25.1,23.51,24.51,24.51,186991,0.0000,1.0
2020-11-13,22.53,23.74,22.53,23.58,23.58,169711,0.0000,1.0
2020-11-12,22.65,23.11,22.3679,22.54,22.54,168272,0.0000,1.0
2020-11-11,22.84,22.9594,21.76,22.87,22.87,200824,0.0000,1.0
2020-11-10,22.3,23.29,22.3,22.9,22.9,213670,0.0000,1.0
2020-11-09,21.48,22.825,21.32,22.26,22.26,329199,0.0000,1.0
2020-11-06,20.45,20.75,19.9768,20.26,20.26,96688,0.0000,1.0
2020-11-05,19.6,20.64,19.6,20.24,20.24,113718,0.0000,1.0
2020-11-04,21.09,21.135,19.41,19.59,19.59,143690,0.0000,1.0
2020-11-03,22.0,22.06,21.22,21.5,21.5,235688,0.0000,1.0
2020-11-02,21.09,21.77,20.41,21.68,21.68,175708,0.0000,1.0
2020-10-30,20.95,21.11,20.6801,21.0,21.0,164684,0.1875,1.0
2020-10-29,19.69,21.2306,19.52,21.11,20.9231858407,229307,0.0000,1.0
2020-10-28,19.9,20.1,19.35,19.81,19.6346902655,233193,0.0000,1.0
2020-10-27,20.31,20.4,20.05,20.25,20.0707964602,131721,0.0000,1.0
2020-10-26,21.04,21.2095,20.3,20.43,20.2492035398,213206,0.0000,1.0
2020-10-23,21.44,21.55,21.01,21.38,21.1907964602,148431,0.0000,1.0
2020-10-22,21.89,22.74,21.1,21.22,21.0322123894,246213,0.0000,1.0
2020-10-21,21.5,22.5,21.0,21.9,21.7061946903,262454,0.0000,1.0
2020-10-20,21.82,22.97,21.45,21.49,21.2998230088,223084,0.0000,1.0
2020-10-19,21.46,22.26,21.45,21.53,21.3394690265,151521,0.0000,1.0
2020-10-16,21.2,21.35,20.82,21.29,21.1015929204,151705,0.0000,1.0
2020-10-15,20.16,21.35,20.14,21.29,21.1015929204,175420,0.0000,1.0
2020-10-14,20.6,21.1,20.6,20.8,20.6159292035,151535,0.0000,1.0
2020-10-13,20.67,21.06,20.56,20.78,20.5961061947,98454,0.0000,1.0
2020-10-12,21.02,21.18,20.67,20.94,20.7546902655,124292,0.0000,1.0
2020-10-09,21.43,21.43,20.82,21.09,20.9033628319,163651,0.0000,1.0
2020-10-08,20.95,21.35,20.8,21.11,20.9231858407,242357,0.0000,1.0
2020-10-07,20.26,21.0,20.0,20.77,20.5861946903,187595,0.0000,1.0
2020-10-06,20.31,20.81,19.99,20.0,19.8230088496,170503,0.0000,1.0
2020-10-05,19.8,20.4,19.76,20.15,19.9716814159,153607,0.0000,1.0
2020-10-02,18.78,19.93,18.78,19.67,19.4959292035,263831,0.0000,1.0
2020-10-01,19.19,19.57,18.85,19.14,18.970619469,210018,0.0000,1.0
2020-09-30,19.35,19.715,19.12,19.23,19.0598230088,301067,0.0000,1.0
2020-09-29,19.84,19.84,19.18,19.45,19.2778761062,193642,0.0000,1.0
2020-09-28,19.61,20.29,19.47,19.93,19.7536283186,225009,0.0000,1.0
2020-09-25,19.25,19.48,19.2,19.26,19.0895575221,178713,0.0000,1.0
2020-09-24,19.29,20.0,18.9,19.435,19.2630088496,159126,0.0000,1.0
2020-09-23,19.35,20.03,19.23,19.25,19.0796460177,248383,0.0000,1.0
2020-09-22,19.56,19.79,19.12,19.44,19.2679646018,200791,0.0000,1.0
2020-09-21,20.84,20.84,19.18,19.48,19.3076106195,244325,0.0000,1.0
2020-09-18,20.78,21.79,20.62,21.25,21.0619469027,1324766,0.0000,1.0
2020-09-17,19.96,20.98,19.4801,20.79,20.6060176991,270667,0.0000,1.0
2020-09-16,20.54,20.55,19.89,20.15,19.9716814159,311989,0.0000,1.0
2020-09-15,20.4,20.86,19.95,20.54,20.3582300885,330844,0.0000,1.0
2020-09-14,20.05,20.3,19.41,20.18,20.0014159292,370677,0.0000,1.0
2020-09-11,20.24,20.49,19.875,19.94,19.763539823,317069,0.0000,1.0
2020-09-10,19.99,20.25,19.86,20.01,19.832920354,344635,0.0000,1.0
2020-09-09,20.32,20.5,19.36,19.67,19.4959292035,292441,0.0000,1.0
2020-09-08,20.57,20.94,19.91,20.09,19.9122123894,272240,0.0000,1.0
2020-09-04,19.91,21.24,19.91,21.06,20.8736283186,409278,0.0000,1.0
2020-09-03,19.84,20.44,19.69,20.09,19.9122123894,251630,0.0000,1.0
2020-09-02,19.61,20.04,19.5,19.96,19.7833628319,151512,0.0000,1.0
2020-09-01,19.64,19.74,19.08,19.66,19.4860176991,194409,0.0000,1.0
2020-08-31,20.12,20.14,19.71,19.74,19.5653097345,218996,0.0000,1.0
2020-08-28,19.65,20.25,19.615,20.12,19.9419469027,211095,0.0000,1.0
2020-08-27,19.75,19.92,19.14,19.5,19.3274336283,126794,0.0000,1.0
2020-08-26,19.87,19.995,19.48,19.66,19.4860176991,152255,0.0000,1.0
2020-08-25,19.73,20.0,19.5,19.8,19.6247787611,183426,0.0000,1.0
2020-08-24,19.14,19.76,18.9886,19.73,19.5553982301,174783,0.0000,1.0
2020-08-21,19.31,19.35,18.61,18.97,18.8021238938,227310,0.0000,1.0
2020-08-20,19.18,19.63,18.95,19.38,19.2084955752,150267,0.0000,1.0
2020-08-19,19.64,19.86,19.39,19.5,19.3274336283,180276,0.0000,1.0
2020-08-18,19.78,19.94,19.4702,19.66,19.4860176991,152134,0.0000,1.0
2020-08-17,19.68,19.86,19.46,19.76,19.5851327434,183470,0.0000,1.0
2020-08-14,19.38,19.73,19.31,19.53,19.3571681416,97503,0.0000,1.0
2020-08-13,19.64,19.81,19.1902,19.55,19.3769911504,221618,0.0000,1.0
2020-08-12,20.46,20.46,19.58,19.79,19.6148672566,123899,0.0000,1.0
2020-08-11,20.47,20.83,20.06,20.15,19.9716814159,227599,0.0000,1.0
2020-08-10,19.27,20.5,19.27,20.355,20.1748672566,351335,0.0000,1.0
2020-08-07,18.64,19.2,18.55,19.16,18.9904424779,175696,0.1875,1.0
2020-08-06,19.2,19.23,18.5,19.03,18.6788019307,155740,0.0000,1.0
2020-08-05,19.25,19.59,19.12,19.24,18.8849263871,153220,0.0000,1.0
2020-08-04,18.81,19.24,18.45,19.1,18.7475100828,210223,0.0000,1.0
2020-08-03,18.81,18.85,18.46,18.805,18.4579542988,229507,0.0000,1.0
2020-07-31,18.37,18.44,17.62,18.4,18.0604285615,220075,0.0000,1.0
2020-07-30,18.39,18.51,18.11,18.43,18.0898749124,140121,0.0000,1.0
2020-07-29,18.77,18.85,18.27,18.73,18.3843384215,153336,0.0000,1.0
2020-07-28,18.91,19.07,18.58,18.62,18.2763684682,235169,0.0000,1.0
2020-07-27,18.06,19.09,17.935,19.07,18.7180637319,268814,0.0000,1.0
2020-07-24,18.06,18.22,17.87,17.94,17.6089178474,136441,0.0000,1.0
2020-07-23,17.6,18.15,17.6,18.07,17.7365187014,243975,0.0000,1.0
2020-07-22,17.61,18.1,17.48,18.03,17.6972569002,226620,0.0000,1.0
2020-07-21,17.12,17.88,16.82,17.61,17.2850079874,218887,0.0000,1.0
2020-07-20,17.55,17.55,16.95,16.97,16.6568191678,153529,0.0000,1.0
2020-07-17,17.6,17.98,17.44,17.49,17.1672225837,208453,0.0000,1.0
2020-07-16,17.52,17.93,17.33,17.56,17.2359307358,193324,0.0000,1.0
2020-07-15,17.34,17.77,16.71,17.65,17.3242697886,263132,0.0000,1.0
2020-07-14,16.16,16.92,16.02,16.92,16.6077419163,201662,0.0000,1.0
2020-07-13,16.44,16.64,16.02,16.21,15.9108449446,222929,0.0000,1.0
2020-07-10,15.75,16.22,15.68,16.16,15.8617676931,293376,0.0000,1.0
2020-07-09,16.28,16.44,15.47,15.74,15.4495187803,315768,0.0000,1.0
2020-07-08,16.94,17.17,16.12,16.27,15.9697376465,331466,0.0000,1.0
2020-07-07,16.94,17.28,16.75,16.79,16.4801410623,250905,0.0000,1.0
2020-07-06,17.23,17.23,16.6,17.14,16.823681823,422617,0.0000,1.0
2020-07-02,17.8,18.28,16.54,16.85,16.5390337642,614400,0.0000,1.0
2020-07-01,17.5,17.83,16.44,17.44,17.1181453322,613148,0.0000,1.0
2020-06-30,18.44,18.49,17.51,17.64,17.3144543383,642497,0.0000,1.0
2020-06-29,16.88,17.78,16.78,17.41,17.0886989813,337459,0.0000,1.0
2020-06-26,16.77,16.77,16.31,16.54,16.2347548047,683974,0.0000,1.0
2020-06-25,16.83,17.27,16.57,16.91,16.597926466,471703,0.0000,1.0
2020-06-24,17.45,17.46,16.82,16.99,16.6764500684,293494,0.0000,1.0
2020-06-23,18.26,18.59,17.49,17.63,17.304638888,244582,0.0000,1.0
2020-06-22,17.44,17.93,17.3,17.86,17.530394245,260961,0.0000,1.0
2020-06-19,18.17,18.51,17.45,17.45,17.1279607825,1255901,0.0000,1.0
2020-06-18,17.06,18.28,16.96,17.95,17.6187332977,797760,0.0000,1.0
2020-06-17,17.87,18.19,17.11,17.32,17.0003599285,152234,0.0000,1.0
2020-06-16,18.15,18.15,17.27,17.91,17.5794714965,192830,0.0000,1.0
2020-06-15,16.23,17.53,16.03,17.31,16.9905444782,277687,0.0000,1.0
2020-06-12,16.99,17.36,16.51,16.91,16.597926466,218771,0.0000,1.0
2020-06-11,16.7,17.05,15.55,16.09,15.793059541,254567,0.0000,1.0
2020-06-10,18.12,18.12,17.23,17.61,17.2850079874,151239,0.0000,1.0
2020-06-09,17.36,18.19,17.13,18.0,17.6678105493,196788,0.0000,1.0
2020-06-08,18.13,18.31,17.72,17.82,17.4911324438,154341,0.0000,1.0
2020-06-05,17.59,18.4,17.43,17.83,17.5009478941,219061,0.0000,1.0
2020-06-04,16.65,17.11,16.27,17.08,16.7647891212,137102,0.0000,1.0
2020-06-03,16.5,17.16,16.38,16.77,16.4605101617,122435,0.0000,1.0
2020-06-02,16.21,16.4,15.98,16.25,15.9501067459,129180,0.0000,1.0
2020-06-01,15.86,16.2,15.46,16.02,15.7243513888,154986,0.0000,1.0
2020-05-29,15.5,15.85,15.06,15.7,15.4102569791,218489,0.0000,1.0
2020-05-28,16.5,16.5,15.53,15.6,15.312102476,148046,0.0000,1.0
2020-05-27,15.71,16.4,15.48,16.27,15.9697376465,252519,0.0000,1.0
2020-05-26,15.25,15.4,14.91,15.3,15.0176389669,312323,0.0000,1.0
2020-05-22,14.91,15.15,14.54,14.73,14.4581582995,81748,0.0000,1.0
2020-05-21,15.53,15.78,14.91,14.91,14.634836405,143529,0.0000,1.0
2020-05-20,15.26,15.78,15.26,15.41,15.1256089202,140438,0.0000,1.0
2020-05-19,15.14,15.66,15.0,15.15,14.8704072123,97040,0.0000,1.0
2020-05-18,14.25,15.3,14.23,15.26,14.9783771656,227222,0.0000,1.0
2020-05-15,13.44,13.86,13.17,13.61,13.3588278653,227484,0.0000,1.0
2020-05-14,13.3,13.57,12.93,13.45,13.2017806604,171374,0.0000,1.0
2020-05-13,14.19,14.19,13.43,13.69,13.4373514677,218228,0.0000,1.0
2020-05-12,14.91,15.23,14.0,14.12,13.8594158309,185601,0.0000,1.0
2020-05-11,15.38,15.69,14.66,14.94,14.6642827559,149014,0.0000,1.0
2020-05-08,15.39,15.86,15.39,15.7,15.4102569791,204862,0.1875,1.0
2020-05-07,14.79,15.28,14.28,15.19,14.7337091117,128175,0.0000,1.0
2020-05-06,14.91,15.01,14.51,14.53,14.0935347856,115627,0.0000,1.0
2020-05-05,15.67,15.91,14.81,14.87,14.4233215596,127318,0.0000,1.0
2020-05-04,15.22,15.59,14.97,15.43,14.9664997757,107719,0.0000,1.0
2020-05-01,15.4,15.45,14.91,15.33,14.8695036657,187800,0.0000,1.0
2020-04-30,15.72,15.92,15.46,15.56,15.0925947188,291508,0.0000,1.0
2020-04-29,15.36,16.4,15.01,16.24,15.7521682669,196119,0.0000,1.0
2020-04-28,15.27,15.37,14.35,14.88,14.4330211706,201562,0.0000,1.0
2020-04-27,13.71,15.05,13.6,14.87,14.4233215596,148016,0.0000,1.0
2020-04-24,13.8,13.9,13.33,13.63,13.2205697954,135741,0.0000,1.0
2020-04-23,13.76,14.16,13.47,13.71,13.2981666834,189556,0.0000,1.0
2020-04-22,14.11,14.2,13.45,13.53,13.1235736854,210296,0.0000,1.0
2020-04-21,13.6,14.01,13.44,13.74,13.3272655164,222731,0.0000,1.0
2020-04-20,13.86,14.61,13.74,14.08,13.6570522905,154154,0.0000,1.0
2020-04-17,13.86,14.56,13.68,14.25,13.8219456775,202184,0.0000,1.0
2020-04-16,14.11,14.11,13.29,13.67,13.2593682394,203600,0.0000,1.0
2020-04-15,13.7,14.1,13.33,13.99,13.5697557915,293278,0.0000,1.0
2020-04-14,15.03,15.4,14.03,14.44,14.0062382866,225526,0.0000,1.0
2020-04-13,15.56,15.56,14.5,14.55,14.1129340076,225657,0.0000,1.0
2020-04-09,14.27,15.97,14.01,15.63,15.1604919958,428969,0.0000,1.0
2020-04-08,13.68,14.18,13.1,13.94,13.5212577365,266366,0.0000,1.0
2020-04-07,13.71,14.23,13.18,13.38,12.9780795204,362453,0.0000,1.0
2020-04-06,12.35,13.48,11.99,13.26,12.8616841884,271757,0.0000,1.0
2020-04-03,12.61,12.98,11.57,11.87,11.5134382591,302568,0.0000,1.0
2020-04-02,13.24,13.69,12.32,12.74,12.3573044163,296714,0.0000,1.0
2020-04-01,12.62,12.79,12.1,12.52,12.1439129742,254716,0.0000,1.0
2020-03-31,12.11,13.51,12.11,13.04,12.6482927463,293288,0.0000,1.0
2020-03-30,11.04,12.12,11.0,12.02,11.6589324241,236697,0.0000,1.0
2020-03-27,12.2,12.2,11.03,11.21,10.873263933,309927,0.0000,1.0
2020-03-26,11.77,12.55,11.21,12.53,12.1536125852,470284,0.0000,1.0
2020-03-25,12.64,12.74,11.37,11.52,11.173951874,362492,0.0000,1.0
2020-03-24,13.0,13.11,12.37,12.59,12.2118102512,227235,0.0000,1.0
2020-03-23,11.8,12.23,11.62,11.95,11.5910351471,382932,0.0000,1.0
2020-03-20,11.65,12.15,11.41,11.93,11.5716359251,483602,0.0000,1.0
2020-03-19,11.6,13.31,11.25,11.49,11.144853041,381230,0.0000,1.0
2020-03-18,13.47,13.68,11.25,11.57,11.2224499291,230128,0.0000,1.0
2020-03-17,12.4,14.25,12.1,14.13,13.7055503455,330801,0.0000,1.0
2020-03-16,12.62,13.1,10.09,12.21,11.8432250332,310669,0.0000,1.0
2020-03-13,13.65,14.19,12.91,14.19,13.7637480115,228636,0.0000,1.0
2020-03-12,13.03,13.68,12.63,12.82,12.4349013043,350399,0.0000,1.0
2020-03-11,14.3,14.68,13.53,13.75,13.3369651274,217180,0.0000,1.0
2020-03-10,14.97,14.97,13.6,14.77,14.3263254496,282075,0.0000,1.0
2020-03-09,15.28,15.78,14.01,14.05,13.6279534575,241702,0.0000,1.0
2020-03-06,15.53,16.25,15.4,16.18,15.6939706009,199219,0.0000,1.0
2020-03-05,16.34,16.58,15.72,16.04,15.5581760469,212271,0.0000,1.0
2020-03-04,16.56,16.85,16.15,16.79,16.285646872,165730,0.0000,1.0
2020-03-03,16.69,17.17,15.75,16.23,15.7424686559,236002,0.0000,1.0
2020-03-02,16.57,16.77,16.09,16.68,16.178951151,216528,0.0000,1.0
2020-02-28,15.53,16.48,15.53,16.48,15.9849589309,292599,0.0000,1.0
2020-02-27,16.0,16.68,15.81,16.01,15.5290772138,242536,0.0000,1.0
2020-02-26,16.25,16.93,16.12,16.43,15.9364608759,288843,0.0000,1.0
2020-02-25,16.49,16.5,16.03,16.11,15.6260733239,315867,0.0000,1.0
2020-02-24,16.36,16.82,16.21,16.45,15.9558600979,275193,0.0000,1.0
2020-02-21,17.18,17.51,16.93,17.21,16.6930305341,199517,0.0000,1.0
2020-02-20,17.96,18.1,17.32,17.35,16.8288250881,209948,0.0000,1.0
2020-02-19,17.58,18.18,17.56,17.98,17.4399005812,266402,0.0000,1.0
2020-02-18,17.36,17.85,17.32,17.53,17.0034180861,110185,0.0000,1.0
2020-02-14,17.62,17.63,17.3,17.49,16.9646196421,155587,0.0000,1.0
2020-02-13,17.6,17.72,17.29,17.62,17.0907145851,273319,0.0000,1.0
2020-02-12,18.07,18.39,17.63,17.72,17.1877106952,202673,0.0000,1.0
2020-02-11,17.1,17.89,17.09,17.8,17.2653075832,340922,0.0000,1.0
2020-02-10,16.96,17.18,16.89,17.08,16.566935591,182544,0.0000,1.0
2020-02-07,17.0,17.14,16.66,17.08,16.566935591,433156,0.1875,1.0
2020-02-06,17.82,17.82,17.16,17.3,16.5981170248,358143,0.0000,1.0
2020-02-05,16.93,17.69,16.87,17.6,16.8859456437,437576,0.0000,1.0
2020-02-04,16.9,17.0,16.59,16.63,15.9552997758,316103,0.0000,1.0
2020-02-03,16.15,16.54,16.04,16.49,15.8209797537,356011,0.0000,1.0
2020-01-31,16.84,16.84,16.05,16.08,15.4276139745,328450,0.0000,1.0
2020-01-30,17.05,17.21,16.72,17.0,16.3102884058,338293,0.0000,1.0
2020-01-29,17.31,17.49,17.11,17.23,16.5309570137,280498,0.0000,1.0
2020-01-28,17.62,17.7,17.1,17.31,16.6077113121,373277,0.0000,1.0
2020-01-27,18.61,18.67,17.42,17.5,16.7900027707,362784,0.0000,1.0
2020-01-24,19.48,19.55,18.67,18.79,18.0276658321,330433,0.0000,1.0
2020-01-23,19.51,19.61,18.88,19.55,18.7568316667,527171,0.0000,1.0
2020-01-22,19.98,19.98,19.64,19.68,18.8815574016,286072,0.0000,1.0
2020-01-21,20.56,20.63,19.85,19.98,19.1693860205,364089,0.0000,1.0
2020-01-17,20.9,20.9,20.65,20.73,19.8889575678,224355,0.0000,1.0
2020-01-16,20.8,20.99,20.65,20.72,19.8793632805,240015,0.0000,1.0
2020-01-15,20.84,20.97,20.66,20.79,19.9465232916,316044,0.0000,1.0
2020-01-14,20.72,21.06,20.65,20.82,19.9753061535,212952,0.0000,1.0
2020-01-13,20.58,21.36,20.58,20.78,19.9369290043,264159,0.0000,1.0
2020-01-10,21.07,21.3,20.53,20.65,19.8122032694,508109,0.0000,1.0
2020-01-09,21.06,21.63,20.35,21.11,20.2535404851,445125,0.0000,1.0
2020-01-08,20.99,21.92,20.5,21.67,20.7908205738,359359,0.0000,1.0
2020-01-07,21.57,21.81,21.37,21.66,20.7812262865,291616,0.0000,1.0
2020-01-06,21.76,21.76,21.35,21.63,20.7524434246,153862,0.0000,1.0
2020-01-03,21.32,21.71,21.24,21.64,20.7620377119,148066,0.0000,1.0
2020-01-02,21.92,22.04,21.42,21.67,20.7908205738,145300,0.0000,1.0
2019-12-31,21.84,22.04,21.66,21.68,20.8004148611,99144,0.0000,1.0
2019-12-30,22.1,22.14,21.73,21.83,20.9443291705,147305,0.0000,1.0
2019-12-27,22.35,22.4,21.98,21.99,21.0978377673,180089,0.0000,1.0
2019-12-26,22.18,22.41,22.12,22.33,21.4240435354,147342,0.0000,1.0
2019-12-24,22.08,22.3,21.91,22.18,21.280129226,157788,0.0000,1.0
2019-12-23,21.85,22.05,21.52,21.99,21.0978377673,149015,0.0000,1.0
2019-12-20,22.07,22.07,21.67,21.91,21.0210834689,366414,0.0000,1.0
2019-12-19,22.11,22.15,21.81,22.04,21.1458092038,217723,0.0000,1.0
2019-12-18,22.06,22.14,21.83,22.11,21.2129692149,97401,0.0000,1.0
2019-12-17,21.93,22.13,21.7,22.03,21.1362149165,125183,0.0000,1.0
2019-12-16,21.8,22.32,21.68,21.92,21.0306777562,210973,0.0000,1.0
2019-12-13,22.43,22.43,21.44,21.52,20.6469062643,158098,0.0000,1.0
2019-12-12,22.03,22.47,21.87,22.36,21.4528263973,180542,0.0000,1.0
2019-12-11,22.46,22.56,22.02,22.16,21.2609406514,141278,0.0000,1.0
2019-12-10,22.16,22.41,21.89,22.38,21.4720149719,173606,0.0000,1.0
2019-12-09,22.2,22.5,22.1,22.13,21.2321577895,189739,0.0000,1.0
2019-12-06,22.07,22.47,22.07,22.14,21.2417520768,172679,0.0000,1.0
2019-12-05,21.66,21.87,21.54,21.82,20.9347348832,115939,0.0000,1.0
2019-12-04,21.95,22.24,21.57,21.63,20.7524434246,148598,0.0000,1.0
2019-12-03,21.67,21.76,20.9,21.74,20.8579805849,341107,0.0000,1.0
2019-12-02,21.7,22.1,21.58,22.02,21.1266206292,277570,0.0000,1.0
2019-11-29,21.36,21.56,21.06,21.55,20.6756891262,96646,0.0000,1.0
2019-11-27,21.59,21.61,21.01,21.47,20.5989348278,210684,0.0000,1.0
2019-11-26,22.0,22.3,21.57,21.64,20.7620377119,454731,0.0000,1.0
2019-11-25,21.14,22.06,21.04,22.03,21.1362149165,204450,0.0000,1.0
2019-11-22,21.0,21.38,20.95,21.01,20.1575976121,164739,0.0000,1.0
2019-11-21,20.97,20.97,20.5,20.81,19.9657118662,206522,0.0000,1.0
2019-11-20,20.67,21.07,20.52,20.92,20.0712490265,214996,0.0000,1.0
2019-11-19,21.26,21.35,20.88,20.96,20.1096261757,181646,0.0000,1.0
2019-11-18,20.67,21.06,20.39,21.03,20.1767861867,195781,0.0000,1.0
2019-11-15,20.93,20.99,20.66,20.85,20.0040890154,236736,0.1875,1.0
2019-11-14,21.0,21.15,20.72,20.94,19.9113784424,168659,0.0000,1.0
2019-11-13,21.29,21.39,20.96,21.13,20.0920452,152425,0.0000,1.0
2019-11-12,21.64,21.83,21.42,21.51,20.4533787152,146581,0.0000,1.0
2019-11-11,21.66,21.79,21.5,21.64,20.5769928125,121801,0.0000,1.0
2019-11-08,21.78,22.18,21.64,21.96,20.8812736674,83725,0.0000,1.0
2019-11-07,21.97,22.3,21.85,21.96,20.8812736674,187410,0.0000,1.0
2019-11-06,21.59,21.74,21.23,21.59,20.5294489289,203312,0.0000,1.0
2019-11-05,22.41,22.49,21.45,21.85,20.7766771235,231723,0.0000,1.0
2019-11-04,22.26,22.37,21.68,22.15,21.061940425,295297,0.0000,1.0
2019-11-01,21.61,22.29,21.58,21.94,20.862256114,162691,0.0000,1.0
2019-10-31,21.45,21.6,21.04,21.34,20.291729511,162417,0.0000,1.0
2019-10-30,21.91,21.91,21.54,21.65,20.5865015892,216964,0.0000,1.0
2019-10-29,21.45,22.12,21.27,22.09,21.0048877647,288623,0.0000,1.0
2019-10-28,21.27,21.82,21.22,21.6,20.5389577056,423352,0.0000,1.0
2019-10-25,21.18,21.67,21.03,21.09,20.0540100931,175109,0.0000,1.0
2019-10-24,21.99,21.99,20.16,20.93,19.9018696657,332020,0.0000,1.0
2019-10-23,21.06,21.92,20.72,21.6,20.5389577056,372521,0.0000,1.0
2019-10-22,20.53,21.03,20.33,21.01,19.9779398794,183229,0.0000,1.0
2019-10-21,20.86,21.28,20.51,20.53,19.5215185971,104180,0.0000,1.0
2019-10-18,20.47,20.75,20.35,20.56,19.5500449272,129308,0.0000,1.0
2019-10-17,20.53,20.89,20.22,20.55,19.5405361505,154875,0.0000,1.0
2019-10-16,20.05,20.64,20.05,20.38,19.3788869463,278047,0.0000,1.0
2019-10-15,20.16,20.38,19.93,20.14,19.1506763052,294588,0.0000,1.0
2019-10-14,20.3,20.66,20.14,20.28,19.2837991792,113534,0.0000,1.0
2019-10-11,20.19,20.85,20.16,20.5,19.4929922669,342764,0.0000,1.0
2019-10-10,19.42,20.0,19.24,19.8,18.8273778968,270252,0.0000,1.0
2019-10-09,19.73,19.74,19.0,19.41,18.4565356049,243077,0.0000,1.0
2019-10-08,19.54,19.79,19.34,19.52,18.5611321488,174510,0.0000,1.0
2019-10-07,19.89,20.25,19.73,19.73,18.7608164598,147057,0.0000,1.0
2019-10-04,19.71,20.04,19.56,20.01,19.0270622079,112721,0.0000,1.0
2019-10-03,19.57,19.86,19.39,19.61,18.6467111392,133689,0.0000,1.0
2019-10-02,20.24,20.24,19.3,19.61,18.6467111392,253351,0.0000,1.0
2019-10-01,20.85,21.32,20.24,20.38,19.3788869463,168910,0.0000,1.0
2019-09-30,19.97,20.77,19.95,20.66,19.6451326944,311663,0.0000,1.0
2019-09-27,19.55,20.18,19.46,20.12,19.1316587517,251572,0.0000,1.0
2019-09-26,21.1,21.3,18.68,19.69,18.722781353,420827,0.0000,1.0
2019-09-25,21.92,22.27,21.72,22.05,20.9668526578,189200,0.0000,1.0
2019-09-24,22.26,22.34,21.81,21.99,20.9097999975,190388,0.0000,1.0
2019-09-23,22.1,22.74,21.44,22.36,21.261624736,330325,0.0000,1.0
2019-09-20,23.78,24.04,23.38,23.53,22.3741516117,259463,0.0000,1.0
2019-09-19,24.25,24.32,23.8,23.82,22.6499061365,198552,0.0000,1.0
2019-09-18,24.52,24.64,23.95,24.39,23.1919064093,290272,0.0000,1.0
2019-09-17,24.46,24.67,23.96,24.63,23.4201170505,137513,0.0000,1.0
2019-09-16,25.41,25.87,24.52,24.7,23.4866784875,309341,0.0000,1.0
2019-09-13,24.94,25.68,24.53,25.45,24.1998367411,285997,0.0000,1.0
2019-09-12,24.76,25.01,24.31,24.65,23.4391346039,151934,0.0000,1.0
2019-09-11,23.91,24.77,23.69,24.76,23.5437311478,128366,0.0000,1.0
2019-09-10,23.24,23.75,23.12,23.73,22.5643271461,192234,0.0000,1.0
2019-09-09,22.57,23.23,22.57,23.16,22.0223268733,189178,0.0000,1.0
2019-09-06,22.92,23.03,22.48,22.52,21.4137651635,143920,0.0000,1.0
2019-09-05,22.78,23.39,22.78,22.85,21.7275547951,109981,0.0000,1.0
2019-09-04,22.24,22.74,22.24,22.54,21.4327827169,286156,0.0000,1.0
2019-09-03,21.87,22.08,21.55,21.86,20.7861859002,134407,0.0000,1.0
2019-08-30,22.76,22.78,22.04,22.14,21.0524316483,114906,0.0000,1.0
2019-08-29,22.5,22.9,22.5,22.54,21.4327827169,94587,0.0000,1.0
2019-08-28,21.33,22.3,21.33,22.19,21.0999755319,245060,0.0000,1.0
2019-08-27,22.5,22.77,21.37,21.37,20.3202558412,348789,0.0000,1.0
2019-08-26,22.83,22.83,22.35,22.54,21.4327827169,128723,0.0000,1.0
2019-08-23,22.73,22.83,22.25,22.52,21.4137651635,234803,0.0000,1.0
2019-08-22,23.46,23.48,22.59,23.05,21.9177303294,121725,0.0000,1.0
2019-08-21,24.41,24.41,23.57,23.6,22.4407130487,135798,0.0000,1.0
2019-08-20,23.63,24.16,23.46,24.12,22.935169438,104205,0.0000,1.0
2019-08-19,23.35,23.89,23.33,23.75,22.5833446995,188849,0.0000,1.0
2019-08-16,22.86,23.38,22.86,23.16,22.0223268733,120394,0.0000,1.0
2019-08-15,23.07,23.07,22.32,22.74,21.6229582512,139666,0.0000,1.0
2019-08-14,23.25,23.47,22.85,23.09,21.9557654363,115889,0.0000,1.0
2019-08-13,23.33,24.64,23.27,23.78,22.6118710296,180127,0.0000,1.0
2019-08-12,23.97,24.09,23.24,23.28,22.1364321938,171104,0.1875,1.0
2019-08-09,25.05,25.05,24.08,24.12,22.7519226384,252715,0.0000,1.0
2019-08-08,24.69,25.37,24.64,25.19,23.7612326393,147770,0.0000,1.0
2019-08-07,24.7,24.83,24.37,24.48,23.0915035733,199772,0.0000,1.0
2019-08-06,24.97,25.14,24.42,25.03,23.6103077794,150179,0.0000,1.0
2019-08-05,25.01,25.49,24.55,24.88,23.4688157231,190383,0.0000,1.0
2019-08-02,25.9,26.03,25.51,25.64,24.1857088079,174975,0.0000,1.0
2019-08-01,26.45,26.87,25.9,26.08,24.6007521728,177689,0.0000,1.0
2019-07-31,27.32,27.47,26.53,26.63,25.1195563789,193107,0.0000,1.0
2019-07-30,26.77,27.39,26.65,27.38,25.82701666,122007,0.0000,1.0
2019-07-29,26.99,27.04,26.61,26.94,25.4119732951,234592,0.0000,1.0
2019-07-26,26.74,27.18,26.7,27.01,25.4780029213,244985,0.0000,1.0
2019-07-25,26.53,27.02,26.28,26.71,25.1950188089,294089,0.0000,1.0
2019-07-24,25.8,26.62,25.8,26.61,25.1006907714,189279,0.0000,1.0
2019-07-23,26.0,26.3,25.88,26.08,24.6007521728,150821,0.0000,1.0
2019-07-22,25.56,25.91,25.42,25.8,24.3366336679,275894,0.0000,1.0
2019-07-19,25.03,25.76,24.72,25.43,23.9876199292,207044,0.0000,1.0
2019-07-18,24.72,25.04,24.53,25.01,23.5914421719,134229,0.0000,1.0
2019-07-17,25.02,25.12,24.6,24.87,23.4593829194,162148,0.0000,1.0
2019-07-16,24.83,25.38,24.72,25.05,23.6291733869,231186,0.0000,1.0
2019-07-15,25.05,25.26,24.64,24.79,23.3839204894,137523,0.0000,1.0
2019-07-12,24.52,24.97,24.4,24.9,23.4876813306,153965,0.0000,1.0
2019-07-11,24.61,24.8,24.2,24.32,22.9405787133,123466,0.0000,1.0
2019-07-10,24.98,25.11,24.45,24.6,23.2046972182,162917,0.0000,1.0
2019-07-09,24.79,24.79,24.32,24.63,23.2329956295,143161,0.0000,1.0
2019-07-08,24.65,25.29,24.65,25.0,23.5820093681,271304,0.0000,1.0
2019-07-05,24.26,25.18,24.07,24.91,23.4971141344,224067,0.0000,1.0
2019-07-03,26.34,26.34,24.29,24.39,23.0066083395,422659,0.0000,1.0
2019-07-02,26.46,26.64,26.14,26.62,25.1101235752,247253,0.0000,1.0
2019-07-01,26.66,26.66,26.19,26.46,24.9591987152,290980,0.0000,1.0
2019-06-28,26.05,26.27,25.73,26.17,24.6856474065,334415,0.0000,1.0
2019-06-27,25.83,25.96,25.4,25.93,24.4592601166,313295,0.0000,1.0
2019-06-26,24.99,26.25,24.88,25.82,24.3554992754,721645,0.0000,1.0
2019-06-25,24.34,24.7,24.26,24.51,23.1198019845,399155,0.0000,1.0
2019-06-24,24.69,24.74,24.24,24.26,22.8839818908,265446,0.0000,1.0
2019-06-21,24.58,25.05,24.33,24.64,23.2424284332,427517,0.0000,1.0
2019-06-20,24.5,25.17,24.29,24.63,23.2329956295,322816,0.0000,1.0
2019-06-19,24.1,24.45,23.94,24.11,22.7424898346,352113,0.0000,1.0
2019-06-18,23.38,24.07,23.06,23.84,22.4878041334,652635,0.0000,1.0
2019-06-17,22.84,23.38,22.57,23.0,21.6954486187,300363,0.0000,1.0
2019-06-14,22.96,23.69,22.58,22.84,21.5445237587,357501,0.0000,1.0
2019-06-13,22.85,23.12,22.67,22.95,21.6482845999,212710,0.0000,1.0
2019-06-12,22.57,22.74,22.27,22.55,21.27097245,194388,0.0000,1.0
2019-06-11,22.95,23.17,22.51,22.83,21.535090955,212585,0.0000,1.0
2019-06-10,22.17,22.565,22.13,22.15,20.8936603001,146613,0.0000,1.0
2019-06-07,22.05,22.27,21.75,22.22,20.9596899264,120972,0.0000,1.0
2019-06-06,21.99,22.16,21.61,21.98,20.7333026364,133256,0.0000,1.0
2019-06-05,22.29,22.3,21.68,21.95,20.7050042252,156327,0.0000,1.0
2019-06-04,21.35,22.57,21.35,22.24,20.9785555339,410220,0.0000,1.0
2019-06-03,21.15,21.54,21.01,21.25,20.0447079629,229719,0.0000,1.0
2019-05-31,21.62,21.71,21.0,21.11,19.9126487104,190252,0.0000,1.0
2019-05-30,22.5,22.56,21.87,21.96,20.714437029,104279,0.0000,1.0
2019-05-29,22.13,22.49,21.88,22.39,21.1200475901,153724,0.0000,1.0
2019-05-28,22.43,22.81,22.24,22.44,21.1672116088,212737,0.0000,1.0
2019-05-24,22.52,22.56,21.94,22.32,21.0540179639,303619,0.0000,1.0
2019-05-23,22.29,22.41,21.88,22.22,20.9596899264,182824,0.0000,1.0
2019-05-22,23.2,23.74,22.49,22.67,21.384166095,119912,0.0000,1.0
2019-05-21,22.87,23.53,22.79,23.36,22.0350295536,163072,0.0000,1.0
2019-05-20,22.84,22.98,22.43,22.72,21.4313301137,157881,0.0000,1.0
2019-05-17,22.47,23.2,22.45,23.14,21.8275078711,471904,0.0000,1.0
2019-05-16,22.67,22.76,22.41,22.72,21.4313301137,125034,0.0000,1.0
2019-05-15,22.08,22.59,22.0,22.5,21.2238084313,179328,0.0000,1.0
2019-05-14,22.57,22.85,22.39,22.64,21.3558676838,107282,0.0000,1.0
2019-05-13,22.88,23.03,22.27,22.45,21.1766444126,302065,0.0000,1.0
2019-05-10,23.2,23.6,22.74,23.53,22.1953872173,159658,0.1875,1.0
2019-05-09,23.11,23.54,22.86,23.45,21.945054506,188058,0.0000,1.0
2019-05-08,23.41,23.86,23.29,23.31,21.8140392552,101480,0.0000,1.0
2019-05-07,24.07,24.22,23.34,23.69,22.1696520787,187000,0.0000,1.0
2019-05-06,23.94,24.55,23.92,24.42,22.8528030292,145290,0.0000,1.0
2019-05-03,23.64,24.63,23.64,24.61,23.030609441,172439,0.0000,1.0
2019-05-02,23.28,24.14,23.1,23.39,21.8889051128,177077,0.0000,1.0
2019-05-01,23.78,23.78,23.02,23.32,21.8233974874,459654,0.0000,1.0
2019-04-30,24.16,24.25,23.39,23.72,22.1977267753,381126,0.0000,1.0
2019-04-29,23.9,24.47,23.78,24.32,22.7592207072,152819,0.0000,1.0
2019-04-26,23.72,24.1,23.62,23.8,22.2725926329,153155,0.0000,1.0
2019-04-25,25.3,25.3,23.6,23.72,22.1977267753,317528,0.0000,1.0
2019-04-24,25.2,25.46,25.02,25.32,23.6950439271,170865,0.0000,1.0
2019-04-23,24.74,25.59,24.72,25.22,23.6014616051,196727,0.0000,1.0
2019-04-22,25.38,25.38,24.62,24.77,23.1803411562,179244,0.0000,1.0
2019-04-18,25.47,25.73,25.05,25.44,23.8073427135,193266,0.0000,1.0
2019-04-17,25.49,25.85,25.28,25.54,23.9009250355,255151,0.0000,1.0
2019-04-16,24.98,25.51,24.83,25.3,23.6763274627,207781,0.0000,1.0
2019-04-15,24.9,25.16,24.62,24.86,23.264565246,190394,0.0000,1.0
2019-04-12,25.45,25.64,24.81,24.86,23.264565246,218738,0.0000,1.0
2019-04-11,25.85,25.86,25.07,25.2,23.5827451407,294956,0.0000,1.0
2019-04-10,26.18,26.18,25.6,25.95,24.2846125556,147859,0.0000,1.0
2019-04-09,26.62,26.62,25.94,26.03,24.3594784132,211760,0.0000,1.0
2019-04-08,26.48,26.82,26.19,26.72,25.0051964349,225089,0.0000,1.0
2019-04-05,25.78,26.71,25.74,26.62,24.9116141129,251156,0.0000,1.0
2019-04-04,24.6,25.83,24.01,25.68,24.0319402863,319092,0.0000,1.0
2019-04-03,24.78,25.14,24.55,24.88,23.2832817104,278735,0.0000,1.0
2019-04-02,25.03,25.03,24.39,24.57,22.9931765122,158140,0.0000,1.0
2019-04-01,24.29,24.97,24.25,24.91,23.311356407,235134,0.0000,1.0
2019-03-29,24.15,24.28,23.77,24.0,22.4597572769,279647,0.0000,1.0
2019-03-28,23.92,24.2,23.68,23.94,22.4036078837,152498,0.0000,1.0
2019-03-27,23.5,23.97,23.14,23.93,22.3942496515,134090,0.0000,1.0
2019-03-26,23.55,23.75,23.17,23.49,21.9824874347,165625,0.0000,1.0
2019-03-25,23.8,23.94,23.21,23.49,21.9824874347,144565,0.0000,1.0
2019-03-22,24.92,25.08,23.69,23.7,22.1790103109,193066,0.0000,1.0
2019-03-21,24.18,25.31,24.18,25.05,23.4423716577,229932,0.0000,1.0
2019-03-20,24.08,24.62,23.2,24.21,22.6562801531,353119,0.0000,1.0
2019-03-19,24.05,24.45,23.95,24.12,22.5720560633,145534,0.0000,1.0
2019-03-18,23.7,24.01,23.6,23.89,22.3568167227,129924,0.0000,1.0
2019-03-15,23.82,24.15,23.48,23.62,22.1041444533,289748,0.0000,1.0
2019-03-14,23.61,23.92,23.5,23.81,22.2819508651,235705,0.0000,1.0
2019-03-13,23.65,23.9,23.21,23.76,22.2351597041,220800,0.0000,1.0
2019-03-12,23.19,23.52,23.1,23.5,21.9918456669,216257,0.0000,1.0
2019-03-11,22.84,23.25,22.67,23.17,21.6830240044,140514,0.0000,1.0
2019-03-08,22.74,22.99,22.57,22.71,21.2525453233,207885,0.0000,1.0
2019-03-07,23.68,23.8,22.81,23.01,21.5332922892,314561,0.0000,1.0
2019-03-06,24.37,24.45,23.66,23.68,22.1602938465,294903,0.0000,1.0
2019-03-05,24.51,24.82,24.28,24.32,22.7592207072,151365,0.0000,1.0
2019-03-04,24.57,24.76,24.24,24.56,22.98381828,220615,0.0000,1.0
2019-03-01,24.35,24.76,24.2,24.61,23.030609441,179411,0.0000,1.0
2019-02-28,24.49,24.49,23.99,24.3,22.7405042428,211779,0.0000,1.0
2019-02-27,24.59,24.74,24.15,24.53,22.9557435834,126570,0.0000,1.0
2019-02-26,24.9,25.05,24.58,24.59,23.0118929766,170433,0.0000,1.0
2019-02-25,24.65,25.1,24.61,25.04,23.4330134255,157914,0.0000,1.0
2019-02-22,24.51,24.85,24.46,24.61,23.030609441,138337,0.0000,1.0
2019-02-21,24.75,24.96,24.25,24.33,22.7685789394,223622,0.0000,1.0
2019-02-20,24.02,24.9,24.02,24.8,23.2084158528,293642,0.0000,1.0
2019-02-19,24.03,24.41,24.0,24.07,22.5252649023,176691,0.0000,1.0
2019-02-15,23.85,24.19,23.77,24.04,22.4971902057,461363,0.0000,1.0
2019-02-14,24.22,24.34,23.53,23.58,22.0667115245,189571,0.0000,1.0
2019-02-13,24.32,24.4,23.93,24.3,22.7405042428,199528,0.0000,1.0
2019-02-12,24.03,24.22,23.79,24.13,22.5814142955,191433,0.0000,1.0
2019-02-11,23.94,23.94,23.63,23.81,22.2819508651,225621,0.0000,1.0
2019-02-08,23.82,24.09,23.27,24.0,22.4597572769,330173,0.1875,1.0
2019-02-07,24.17,24.28,23.93,23.96,22.2485078803,231374,0.0000,1.0
2019-02-06,23.95,24.47,23.92,24.22,22.4899357621,179340,0.0000,1.0
2019-02-05,24.31,24.42,23.99,24.1,22.378507509,213462,0.0000,1.0
2019-02-04,24.29,24.41,24.03,24.34,22.6013640153,154302,0.0000,1.0
2019-02-01,24.3,24.38,23.92,24.24,22.5085071376,183118,0.0000,1.0
2019-01-31,23.96,24.33,23.63,24.2,22.4713643866,375151,0.0000,1.0
2019-01-30,23.5,23.97,23.29,23.97,22.257793568,346519,0.0000,1.0
2019-01-29,23.06,23.24,22.76,23.06,21.4127959816,256493,0.0000,1.0
2019-01-28,23.15,23.51,22.6,22.84,21.2085108508,247120,0.0000,1.0
2019-01-25,23.27,23.85,23.08,23.79,22.0906511883,204344,0.0000,1.0
2019-01-24,23.1,23.11,22.38,22.64,21.0227970956,323971,0.0000,1.0
2019-01-23,23.55,23.79,22.81,23.09,21.4406530449,418298,0.0000,1.0
2019-01-22,23.72,23.74,23.13,23.54,21.8585089942,182262,0.0000,1.0
2019-01-18,23.79,24.37,23.57,24.03,22.3135076946,419828,0.0000,1.0
2019-01-17,22.4,24.18,22.35,23.74,22.0442227495,395255,0.0000,1.0
2019-01-16,21.95,22.9,21.94,22.4,20.7999405892,522944,0.0000,1.0
2019-01-15,21.83,22.49,21.81,21.96,20.3913703277,337748,0.0000,1.0
2019-01-14,21.75,22.25,21.39,21.8,20.2427993235,775706,0.0000,1.0
2019-01-11,22.71,23.01,22.51,22.96,21.319939104,606862,0.0000,1.0
2019-01-10,23.32,23.45,22.51,22.88,21.2456536019,498528,0.0000,1.0
2019-01-09,25.9,25.9,22.17,23.55,21.867794682,723115,0.0000,1.0
2019-01-08,22.97,23.56,22.83,23.11,21.4592244204,440960,0.0000,1.0
2019-01-07,22.6,22.98,22.23,22.74,21.1156539732,465789,0.0000,1.0
2019-01-04,21.74,22.75,21.5,22.48,20.8742260913,340297,0.0000,1.0
2019-01-03,21.7,22.02,21.18,21.29,19.7692292475,217330,0.0000,1.0
2019-01-02,21.14,22.13,20.94,21.87,20.3077991378,308914,0.0000,1.0
2018-12-31,21.98,22.03,21.22,21.55,20.0106571294,335691,0.0000,1.0
2018-12-28,22.24,22.4,21.63,21.81,20.2520850112,244543,0.0000,1.0
2018-12-27,22.08,22.3,21.17,22.24,20.651369585,342417,0.0000,1.0
2018-12-26,21.58,22.59,21.14,22.54,20.9299402179,317399,0.0000,1.0
2018-12-24,21.74,23.12,21.4,21.43,19.8992288762,193963,0.0000,1.0
2018-12-21,23.62,23.65,21.68,21.73,20.1777995091,618495,0.0000,1.0
2018-12-20,24.55,25.34,23.56,23.64,21.9513658719,538172,0.0000,1.0
2018-12-19,25.75,26.12,24.52,24.91,23.1306482178,289584,0.0000,1.0
2018-12-18,25.35,25.73,24.9,25.64,23.8085034245,327521,0.0000,1.0
2018-12-17,24.78,25.86,24.54,25.26,23.4556472895,492001,0.0000,1.0
2018-12-14,25.04,25.82,24.47,24.61,22.8520775849,332937,0.0000,1.0
2018-12-13,26.2,26.3,25.36,25.42,23.6042182937,206310,0.0000,1.0
2018-12-12,26.1,26.4,25.91,26.1,24.2356450616,261044,0.0000,1.0
2018-12-11,26.84,27.09,25.56,25.74,23.9013603021,446474,0.0000,1.0
2018-12-10,26.29,26.86,25.94,26.27,24.3935017535,465515,0.0000,1.0
2018-12-07,26.76,27.5,26.11,26.14,24.2727878126,282224,0.0000,1.0
2018-12-06,26.5,26.88,25.69,26.6,24.6999294497,342483,0.0000,1.0
2018-12-04,28.41,28.44,27.07,27.18,25.23849934,344988,0.0000,1.0
2018-12-03,28.6,28.9,27.87,28.37,26.3434961838,490348,0.0000,1.0
2018-11-30,26.76,28.06,26.76,28.01,26.0092114243,425522,0.0000,1.0
2018-11-29,26.99,27.39,25.41,26.96,25.0342142092,245420,0.0000,1.0
2018-11-28,25.7,27.34,25.26,27.16,25.2199279645,378320,0.0000,1.0
2018-11-27,25.04,25.67,24.59,25.56,23.7342179224,462251,0.0000,1.0
2018-11-26,26.81,27.25,25.31,25.32,23.511361416,472567,0.0000,1.0
2018-11-23,27.02,27.02,26.38,26.68,24.7742149518,138537,0.0000,1.0
2018-11-21,26.84,27.59,26.8,27.41,25.4520701585,129083,0.0000,1.0
2018-11-20,27.18,27.31,26.49,26.6,24.6999294497,266821,0.0000,1.0
2018-11-19,27.55,28.0,27.14,27.57,25.6006411627,225720,0.0000,1.0
2018-11-16,27.56,28.2,27.07,27.67,25.6934980404,392401,0.0000,1.0
2018-11-15,27.62,27.89,27.36,27.61,25.6377839138,374810,0.0000,1.0
2018-11-14,27.49,28.1,27.22,27.63,25.6563552893,336932,0.0000,1.0
2018-11-13,27.28,28.13,27.28,27.34,25.3870703442,273748,0.0000,1.0
2018-11-12,27.04,27.64,26.72,27.25,25.3034991543,452810,0.0000,1.0
2018-11-09,27.35,27.59,26.84,27.03,25.0992140235,330473,0.0000,1.0
2018-11-08,27.94,28.16,27.36,27.92,25.9256402344,327009,0.1875,1.0
2018-11-07,27.6,28.14,26.94,28.12,25.9371699152,409513,0.0000,1.0
2018-11-06,26.9,27.46,26.78,27.3,25.1808228551,342646,0.0000,1.0
2018-11-05,27.03,27.7,26.61,26.93,24.8395443036,341184,0.0000,1.0
2018-11-02,27.58,27.73,26.49,27.01,24.9133342607,492443,0.0000,1.0
2018-11-01,27.03,27.85,26.88,27.21,25.0978091534,436103,0.0000,1.0
2018-10-31,27.07,27.3,26.46,26.9,24.8118730697,537328,0.0000,1.0
2018-10-30,26.58,27.23,26.26,26.79,24.7104118787,519246,0.0000,1.0
2018-10-29,27.47,28.09,26.64,26.83,24.7473068572,522108,0.0000,1.0
2018-10-26,27.21,27.92,25.9,27.15,25.0424666856,531416,0.0000,1.0
2018-10-25,25.62,27.65,25.62,27.6,25.4575351942,806089,0.0000,1.0
2018-10-24,25.99,27.17,25.09,25.33,23.3637451619,804492,0.0000,1.0
2018-10-23,24.36,24.97,23.7,24.82,22.8933341855,532852,0.0000,1.0
2018-10-22,25.07,25.24,24.73,24.92,22.9855716319,330812,0.0000,1.0
2018-10-19,25.53,25.53,24.95,25.0,23.0593615889,256780,0.0000,1.0
2018-10-18,25.69,25.92,25.27,25.54,23.5574437993,176087,0.0000,1.0
2018-10-17,26.3,26.3,25.49,25.78,23.7788136705,248652,0.0000,1.0
2018-10-16,26.55,26.57,26.09,26.32,24.2768958808,228826,0.0000,1.0
2018-10-15,26.63,26.78,26.31,26.37,24.323014604,208825,0.0000,1.0
2018-10-12,26.72,26.96,26.06,26.63,24.5628319645,319736,0.0000,1.0
2018-10-11,26.3,26.8,25.9,26.27,24.2307771577,361220,0.0000,1.0
2018-10-10,26.75,27.23,26.04,26.4,24.3506858379,529064,0.0000,1.0
2018-10-09,26.82,27.12,26.53,26.84,24.7565306019,260184,0.0000,1.0
2018-10-08,26.99,27.02,26.41,26.97,24.8764392821,223920,0.0000,1.0
2018-10-05,27.44,27.47,26.71,26.99,24.8948867714,125298,0.0000,1.0
2018-10-04,27.9,28.14,27.35,27.53,25.3929689817,176900,0.0000,1.0
2018-10-03,27.95,28.23,27.7,27.9,25.7342475333,246624,0.0000,1.0
2018-10-02,27.29,28.06,26.88,28.0,25.8264849796,307187,0.0000,1.0
2018-10-01,26.87,27.53,26.47,27.03,24.93178175,400060,0.0000,1.0
2018-09-28,26.8,27.1,26.65,27.05,24.9502292392,376168,0.0000,1.0
2018-09-27,27.0,27.18,26.5,27.1,24.9963479624,207181,0.0000,1.0
2018-09-26,27.25,27.4,26.85,26.95,24.8579917929,197320,0.0000,1.0
2018-09-25,27.15,27.7,27.15,27.3,25.1808228551,197773,0.0000,1.0
2018-09-24,27.5,28.0,26.7,27.1,24.9963479624,366864,0.0000,1.0
2018-09-21,28.3,28.35,27.25,27.5,25.3652977478,618509,0.0000,1.0
2018-09-20,28.2,28.33,27.6,28.2,26.0109598723,268010,0.0000,1.0
2018-09-19,26.85,28.15,26.85,27.9,25.7342475333,321707,0.0000,1.0
2018-09-18,27.0,27.45,26.5,26.75,24.6735169002,474552,0.0000,1.0
2018-09-17,26.8,27.1,26.7,26.85,24.7657543465,232610,0.0000,1.0
2018-09-14,26.65,26.9,26.3,26.65,24.5812794538,260396,0.0000,1.0
2018-09-13,27.25,27.25,26.55,26.6,24.5351607306,217931,0.0000,1.0
2018-09-12,25.85,27.35,25.85,27.05,24.9502292392,447924,0.0000,1.0
2018-09-11,26.1,26.25,25.58,25.85,23.843379883,213080,0.0000,1.0
2018-09-10,26.65,26.86,26.05,26.2,24.1662109452,322638,0.0000,1.0
2018-09-07,26.6,26.9,26.1,26.45,24.3968045611,142555,0.0000,1.0
2018-09-06,26.75,27.05,26.15,26.7,24.627398177,204878,0.0000,1.0
2018-09-05,25.95,27.15,25.9,26.7,24.627398177,392120,0.0000,1.0
2018-09-04,26.1,26.28,25.45,25.95,23.9356173293,456427,0.0000,1.0
2018-08-31,25.55,26.4,25.3,26.35,24.3045671147,450195,0.0000,1.0
2018-08-30,26.4,26.45,25.25,25.7,23.7050237134,591625,0.0000,1.0
2018-08-29,26.05,26.95,25.75,26.65,24.5812794538,355506,0.0000,1.0
2018-08-28,26.55,26.75,25.8,26.0,23.9817360525,295496,0.0000,1.0
2018-08-27,26.1,26.7,26.0,26.35,24.3045671147,279057,0.0000,1.0
2018-08-24,25.8,26.2,25.45,26.0,23.9817360525,472469,0.0000,1.0
2018-08-23,26.5,26.5,25.2,25.55,23.5666675439,316138,0.0000,1.0
2018-08-22,26.25,26.8,26.14,26.45,24.3968045611,460887,0.0000,1.0
2018-08-21,26.25,26.8,26.15,26.25,24.2123296684,450708,0.0000,1.0
2018-08-20,25.9,26.3,25.59,26.15,24.120092222,422614,0.0000,1.0
2018-08-17,25.9,26.15,25.05,25.5,23.5205488207,620676,0.0000,1.0
2018-08-16,25.45,26.05,25.0,25.85,23.843379883,860713,0.0000,1.0
2018-08-15,26.75,27.3,25.1,25.25,23.2899552048,1282414,0.0000,1.0
2018-08-14,28.9,29.1,28.05,28.25,26.0570785955,557917,0.0000,1.0
2018-08-13,29.7,29.9,28.55,28.9,26.6566219968,440062,0.0000,1.0
2018-08-10,30.0,30.11,28.85,29.75,27.4406402908,486468,0.1875,1.0
2018-08-09,31.0,31.1,30.5,30.85,28.2770355899,236006,0.0000,1.0
2018-08-08,31.7,31.7,30.5,31.1,28.5061849869,205574,0.0000,1.0
2018-08-07,31.9,32.45,31.55,31.7,29.0561435397,127699,0.0000,1.0
2018-08-06,31.35,31.85,30.9,31.8,29.1478032985,257113,0.0000,1.0
2018-08-03,32.15,32.5,31.3,31.7,29.0561435397,184515,0.0000,1.0
2018-08-02,32.5,32.85,31.65,32.2,29.5144423337,190177,0.0000,1.0
2018-08-01,32.95,33.05,32.55,32.9,30.1560606453,358228,0.0000,1.0
2018-07-31,33.7,33.7,32.8,32.95,30.2018905247,163764,0.0000,1.0
2018-07-30,33.3,33.8,33.05,33.45,30.6601893187,171161,0.0000,1.0
2018-07-27,34.3,34.55,33.1,33.15,30.3852100423,146446,0.0000,1.0
2018-07-26,34.35,34.4,33.6,34.25,31.3934673891,271641,0.0000,1.0
2018-07-25,34.45,34.51,33.7,34.3,31.4392972685,183345,0.0000,1.0
2018-07-24,34.65,35.6,34.05,34.4,31.5309570273,246615,0.0000,1.0
2018-07-23,33.2,34.4,32.95,34.15,31.3018076303,215453,0.0000,1.0
2018-07-20,33.75,34.1,33.05,33.4,30.6143594393,257592,0.0000,1.0
2018-07-19,34.1,34.1,33.15,33.85,31.0268283539,254921,0.0000,1.0
2018-07-18,34.5,34.6,33.55,34.35,31.4851271479,262351,0.0000,1.0
2018-07-17,34.15,34.95,34.15,34.45,31.5767869067,222614,0.0000,1.0
2018-07-16,35.25,35.4,33.7,34.2,31.3476375097,363554,0.0000,1.0
2018-07-13,35.35,36.0,35.35,35.55,32.5850442535,152207,0.0000,1.0
2018-07-12,36.65,36.65,35.05,35.45,32.4933844947,387068,0.0000,1.0
2018-07-11,36.65,37.0,35.95,36.3,33.2724924445,223096,0.0000,1.0
2018-07-10,37.35,37.95,36.55,37.2,34.0974302737,251546,0.0000,1.0
2018-07-09,36.45,37.4,35.95,37.3,34.1890900325,406959,0.0000,1.0
2018-07-06,35.35,36.45,34.8,36.35,33.3183223239,339957,0.0000,1.0
2018-07-05,34.55,35.1,34.38,34.9,31.9892558213,191970,0.0000,1.0
2018-07-03,34.4,34.9,34.21,34.3,31.4392972685,141367,0.0000,1.0
2018-07-02,33.6,34.3,33.2,34.25,31.3934673891,244658,0.0000,1.0
2018-06-29,34.6,34.95,33.65,33.7,30.8893387157,379371,0.0000,1.0
2018-06-28,33.7,34.5,33.15,34.5,31.6226167861,353397,0.0000,1.0
2018-06-27,34.0,34.7,33.65,33.85,31.0268283539,350313,0.0000,1.0
2018-06-26,35.2,36.0,32.5,33.65,30.8435088363,476435,0.0000,1.0
2018-06-25,35.5,36.13,34.0,34.7,31.8059363037,540588,0.0000,1.0
2018-06-22,35.1,36.25,35.1,36.2,33.1808326857,538402,0.0000,1.0
2018-06-21,36.15,36.5,34.5,34.7,31.8059363037,270589,0.0000,1.0
2018-06-20,35.1,36.2,34.7,36.15,33.1350028063,309157,0.0000,1.0
2018-06-19,36.0,36.2,34.55,34.75,31.8517661831,310983,0.0000,1.0
2018-06-18,35.55,36.8,35.35,36.15,33.1350028063,432546,0.0000,1.0
2018-06-15,34.5,36.0,33.5,35.8,32.8141936505,1029072,0.0000,1.0
2018-06-14,33.0,33.2,32.6,33.0,30.2477204041,247443,0.0000,1.0
2018-06-13,32.5,33.03,32.2,32.65,29.9269112483,258854,0.0000,1.0
2018-06-12,32.95,32.95,32.05,32.45,29.7435917307,195892,0.0000,1.0
2018-06-11,32.9,33.2,32.6,33.0,30.2477204041,292946,0.0000,1.0
2018-06-08,32.4,33.0,32.1,32.7,29.9727411277,279970,0.0000,1.0
2018-06-07,32.8,33.0,32.25,32.5,29.7894216101,159000,0.0000,1.0
2018-06-06,32.55,32.8,32.1,32.8,30.0644008865,191597,0.0000,1.0
2018-06-05,31.7,32.4,31.55,32.35,29.6519319719,207118,0.0000,1.0
2018-06-04,31.9,32.15,31.2,31.55,28.9186539015,253606,0.0000,1.0
2018-06-01,31.3,31.9,31.15,31.6,28.9644837809,246411,0.0000,1.0
2018-05-31,31.35,32.2,30.95,31.15,28.5520148663,451416,0.0000,1.0
2018-05-30,30.1,31.85,30.0,31.2,28.5978447457,329205,0.0000,1.0
2018-05-29,29.8,30.35,29.7,30.0,27.4979276401,178982,0.0000,1.0
2018-05-25,30.65,30.7,29.9,30.05,27.5437575195,178463,0.0000,1.0
2018-05-24,30.9,31.2,30.4,30.65,28.0937160723,174998,0.0000,1.0
2018-05-23,31.4,31.75,30.25,30.9,28.3228654693,191374,0.0000,1.0
2018-05-22,31.25,32.15,31.05,31.7,29.0561435397,236988,0.0000,1.0
2018-05-21,31.6,31.65,30.8,31.25,28.6436746251,258666,0.0000,1.0
2018-05-18,32.0,32.2,31.45,31.55,28.9186539015,160250,0.0000,1.0
2018-05-17,31.75,32.35,31.75,31.9,29.2394630573,173951,0.0000,1.0
2018-05-16,31.15,32.1,31.1,31.8,29.1478032985,282907,0.0000,1.0
2018-05-15,30.2,31.2,30.0,31.15,28.5520148663,275991,0.0000,1.0
2018-05-14,30.3,30.6,30.13,30.5,27.9562264341,158749,0.0000,1.0
2018-05-11,30.1,30.65,30.05,30.25,27.7270770371,155911,0.1875,1.0
2018-05-10,29.3,30.45,29.3,30.05,27.3740834485,252357,0.0000,1.0
2018-05-09,29.75,30.0,28.94,29.25,26.6453224915,273823,0.0000,1.0
2018-05-08,29.85,30.1,29.4,29.75,27.1007980896,245766,0.0000,1.0
2018-05-07,30.1,30.36,29.85,30.05,27.3740834485,176502,0.0000,1.0
2018-05-04,28.7,30.45,28.43,30.05,27.3740834485,325172,0.0000,1.0
2018-05-03,28.65,29.03,27.95,28.9,26.3264895728,370267,0.0000,1.0
2018-05-02,29.1,29.38,28.65,28.7,26.1442993335,430457,0.0000,1.0
2018-05-01,29.45,29.53,28.35,28.9,26.3264895728,476734,0.0000,1.0
2018-04-30,30.1,30.25,29.4,29.45,26.8275127308,231314,0.0000,1.0
2018-04-27,31.55,31.7,29.85,30.0,27.3285358887,299137,0.0000,1.0
2018-04-26,31.8,32.2,31.05,31.75,28.9227004822,178404,0.0000,1.0
2018-04-25,31.3,31.93,30.75,31.7,28.8771529224,212367,0.0000,1.0
2018-04-24,31.9,32.55,30.6,31.25,28.4672248841,286242,0.0000,1.0
2018-04-23,31.9,31.9,31.35,31.65,28.8316053626,219232,0.0000,1.0
2018-04-20,32.4,32.7,31.95,32.1,29.2415334009,368227,0.0000,1.0
2018-04-19,32.15,32.8,31.65,32.45,29.5603663196,453574,0.0000,1.0
2018-04-18,32.75,33.15,32.1,32.15,29.2870809607,506252,0.0000,1.0
2018-04-17,31.5,32.65,31.45,32.55,29.6514614393,340015,0.0000,1.0
2018-04-16,31.0,31.8,30.58,31.4,28.6038675635,300780,0.0000,1.0
2018-04-13,31.45,31.65,30.53,30.9,28.1483919654,305279,0.0000,1.0
2018-04-12,30.6,31.55,30.3,31.2,28.4216773243,253613,0.0000,1.0
2018-04-11,31.65,31.8,30.35,30.55,27.8295590467,348928,0.0000,1.0
2018-04-10,31.65,32.25,31.55,31.7,28.8771529224,578954,0.0000,1.0
2018-04-09,32.0,32.08,31.15,31.2,28.4216773243,491343,0.0000,1.0
2018-04-06,33.05,33.4,31.45,31.6,28.7860578028,354450,0.0000,1.0
2018-04-05,33.95,35.0,31.85,33.53,30.5441936116,526608,0.0000,1.0
2018-04-04,31.3,32.88,31.0,32.7,29.7881041187,418385,0.0000,1.0
2018-04-03,31.75,32.4,31.55,31.95,29.1048907215,314674,0.0000,1.0
2018-04-02,32.4,32.65,31.35,31.55,28.740510243,225752,0.0000,1.0
2018-03-29,31.5,32.85,31.5,32.35,29.4692712,341286,0.0000,1.0
2018-03-28,31.95,32.15,31.05,31.45,28.6494151233,277803,0.0000,1.0
2018-03-27,33.15,33.4,31.7,31.95,29.1048907215,222382,0.0000,1.0
2018-03-26,33.55,34.53,31.85,33.05,30.1069370374,340424,0.0000,1.0
2018-03-23,33.95,33.95,32.9,32.9,29.970294358,228512,0.0000,1.0
2018-03-22,35.2,35.85,33.75,33.8,30.7901504346,372111,0.0000,1.0
2018-03-21,34.35,35.75,34.2,35.25,32.1110296692,191365,0.0000,1.0
2018-03-20,34.25,35.0,33.92,34.25,31.2000784729,282665,0.0000,1.0
2018-03-19,35.05,35.2,33.6,34.0,30.9723406739,251054,0.0000,1.0
2018-03-16,34.9,35.9,34.6,35.2,32.0654821094,417300,0.0000,1.0
2018-03-15,35.55,35.83,34.7,34.7,31.6100065113,271856,0.0000,1.0
2018-03-14,36.65,37.0,35.55,35.6,32.4298625879,172070,0.0000,1.0
2018-03-13,37.1,38.15,36.25,36.4,33.158623545,446241,0.0000,1.0
2018-03-12,34.5,37.15,34.17,36.85,33.5685515833,660382,0.0000,1.0
2018-03-09,34.45,34.95,34.1,34.5,31.427816272,209104,0.0000,1.0
2018-03-08,34.6,34.9,33.7,34.2,31.1545309131,174219,0.0000,1.0
2018-03-07,34.25,35.1,34.05,34.7,31.6100065113,199340,0.0000,1.0
2018-03-06,34.25,34.7,33.6,34.4,31.3367211524,185974,0.0000,1.0
2018-03-05,34.35,34.65,34.05,34.05,31.0178882337,163980,0.0000,1.0
2018-03-02,34.95,34.95,33.15,34.67,31.5826779754,283913,0.0000,1.0
2018-03-01,34.2,35.2,34.1,34.7,31.6100065113,295973,0.0000,1.0
2018-02-28,35.2,35.3,34.0,34.0,30.9723406739,218449,0.0000,1.0
2018-02-27,35.6,35.85,34.65,35.05,31.92883943,134496,0.0000,1.0
2018-02-26,35.6,35.75,35.1,35.55,32.3843150281,227973,0.0000,1.0
2018-02-23,35.35,35.38,34.8,35.1,31.9743869898,119920,0.0000,1.0
2018-02-22,35.3,35.35,34.8,35.05,31.92883943,194939,0.0000,1.0
2018-02-21,34.95,35.85,34.75,35.05,31.92883943,191603,0.0000,1.0
2018-02-20,35.6,36.2,34.6,34.75,31.6555540711,386421,0.0000,1.0
2018-02-16,34.65,36.15,34.5,35.95,32.7486955066,337592,0.0000,1.0
2018-02-15,35.45,35.45,34.45,34.85,31.7466491907,242124,0.0000,1.0
2018-02-14,34.0,35.45,32.12,35.25,32.1110296692,238829,0.0000,1.0
2018-02-13,33.35,34.4,33.35,34.2,31.1545309131,593230,0.0000,1.0
2018-02-12,32.85,33.7,32.7,33.6,30.6079601954,165169,0.0000,1.0
2018-02-09,32.75,33.05,31.65,32.7,29.7881041187,231094,0.1875,1.0
2018-02-08,33.05,33.3,32.35,32.35,29.3012593916,315758,0.0000,1.0
2018-02-07,32.75,33.4,32.55,32.95,29.8447139707,204510,0.0000,1.0
2018-02-06,31.55,33.45,30.99,33.0,29.8900018523,253956,0.0000,1.0
2018-02-05,33.05,34.03,32.4,32.55,29.4824109179,289811,0.0000,1.0
2018-02-02,34.5,34.6,33.4,33.6,30.4334564314,181517,0.0000,1.0
2018-02-01,34.15,35.15,34.0,34.95,31.6562292345,280200,0.0000,1.0
2018-01-31,34.95,35.35,33.85,34.2,30.9769110105,267243,0.0000,1.0
2018-01-30,35.85,36.15,34.5,34.7,31.4297898265,286624,0.0000,1.0
2018-01-29,35.2,36.2,35.2,36.0,32.6072747479,247335,0.0000,1.0
2018-01-26,35.35,36.2,35.0,35.75,32.38083534,278338,0.0000,1.0
2018-01-25,36.1,36.25,34.8,35.25,31.927956524,375654,0.0000,1.0
2018-01-24,36.35,36.55,35.75,35.85,32.4714111032,251829,0.0000,1.0
2018-01-23,36.5,36.73,34.65,36.05,32.6525626295,501135,0.0000,1.0
2018-01-22,37.1,37.15,35.2,36.45,33.0148656823,752132,0.0000,1.0
2018-01-19,36.5,37.6,36.5,37.2,33.6941839062,371065,0.0000,1.0
2018-01-18,37.65,37.65,36.35,36.4,32.9695778007,432391,0.0000,1.0
2018-01-17,37.1,37.65,36.6,37.6,34.056486959,389796,0.0000,1.0
2018-01-16,37.7,37.9,36.49,37.0,33.5130323798,609470,0.0000,1.0
2018-01-12,38.7,38.85,36.9,37.3,33.7847596694,541302,0.0000,1.0
2018-01-11,37.6,38.85,37.45,38.7,35.052820354,506298,0.0000,1.0
2018-01-10,36.15,37.58,35.96,37.2,33.6941839062,778420,0.0000,1.0
2018-01-09,35.2,37.4,35.1,36.45,33.0148656823,782179,0.0000,1.0
2018-01-08,35.75,38.15,35.45,37.65,34.1017748406,923428,0.0000,1.0
2018-01-05,34.9,35.5,34.35,35.45,32.1091080504,422141,0.0000,1.0
2018-01-04,35.0,35.1,34.6,34.7,31.4297898265,297201,0.0000,1.0
2018-01-03,35.35,35.4,34.45,34.7,31.4297898265,269375,0.0000,1.0
2018-01-02,34.0,35.2,33.98,35.0,31.7015171161,354250,0.0000,1.0
2017-12-29,34.2,34.2,33.4,33.5,30.3428806682,182867,0.0000,1.0
2017-12-28,33.85,34.15,33.5,34.1,30.8863352474,188997,0.0000,1.0
2017-12-27,35.0,35.15,33.6,33.65,30.478744313,289033,0.0000,1.0
2017-12-26,33.15,35.0,33.15,34.95,31.6562292345,395869,0.0000,1.0
2017-12-22,33.55,33.55,32.7,33.1,29.9805776155,279846,0.0000,1.0
2017-12-21,33.5,33.81,33.0,33.6,30.4334564314,274180,0.0000,1.0
2017-12-20,31.0,33.6,30.85,33.2,30.0711533787,488861,0.0000,1.0
2017-12-19,30.25,30.7,30.1,30.43,27.5622047383,193971,0.0000,1.0
2017-12-18,30.0,30.6,30.0,30.35,27.4897441278,240228,0.0000,1.0
2017-12-15,29.55,29.95,29.3,29.8,26.9915774302,665812,0.0000,1.0
2017-12-14,29.8,30.25,29.35,29.35,26.5839864959,161654,0.0000,1.0
2017-12-13,29.65,30.15,29.5,30.0,27.1727289566,210531,0.0000,1.0
2017-12-12,29.4,29.85,29.25,29.65,26.8557137855,198403,0.0000,1.0
2017-12-11,29.65,29.85,29.05,29.35,26.5839864959,240333,0.0000,1.0
2017-12-08,29.1,29.8,28.9,29.5,26.7198501407,159558,0.0000,1.0
2017-12-07,28.65,29.0,28.35,28.85,26.1311076799,222456,0.0000,1.0
2017-12-06,28.9,29.3,28.35,28.6,25.904668272,217246,0.0000,1.0
2017-12-05,29.15,29.2,28.5,28.65,25.9499561536,177546,0.0000,1.0
2017-12-04,28.95,29.55,28.8918,29.4,26.6292743775,222208,0.0000,1.0
2017-12-01,29.15,29.4,28.05,28.6,25.904668272,233714,0.0000,1.0
2017-11-30,28.65,29.25,28.4,29.2,26.4481228511,327179,0.0000,1.0
2017-11-29,28.45,28.9,28.25,28.65,25.9499561536,117544,0.0000,1.0
2017-11-28,28.45,28.95,28.05,28.55,25.8593803904,192817,0.0000,1.0
2017-11-27,28.15,28.65,28.0,28.3,25.6329409824,225995,0.0000,1.0
2017-11-24,28.4,28.7,27.95,28.1,25.451789456,131803,0.0000,1.0
2017-11-22,28.5,28.75,28.1,28.2,25.5423652192,220094,0.0000,1.0
2017-11-21,28.45,28.9,27.957,28.2,25.5423652192,181614,0.0000,1.0
2017-11-20,27.45,28.3,27.45,28.2,25.5423652192,215628,0.0000,1.0
2017-11-17,27.0,27.55,26.875,27.5,24.9083348769,195321,0.0000,1.0
2017-11-16,27.1,27.41,27.05,27.1,24.5460318241,220498,0.0000,1.0
2017-11-15,26.25,27.1,26.05,27.05,24.5007439426,294903,0.0000,1.0
2017-11-14,27.0,27.4,26.3,26.6,24.0931530082,144170,0.0000,1.0
2017-11-13,26.7,27.6,26.7,27.25,24.6818954689,193208,0.0000,1.0
2017-11-10,27.5,27.7,26.6495,26.9,24.3648802978,231804,0.1875,1.0
2017-11-09,27.6,28.4,27.45,27.6,24.8258678807,292472,0.0000,1.0
2017-11-08,28.05,28.15,27.4,28.05,25.2306374657,233440,0.0000,1.0
2017-11-07,28.15,28.35,27.85,28.2,25.3655606607,379220,0.0000,1.0
2017-11-06,28.5,28.6,28.1,28.2,25.3655606607,378285,0.0000,1.0
2017-11-03,29.7,29.7,28.4,28.55,25.6803814491,313419,0.0000,1.0
2017-11-02,29.75,30.5,29.65,29.9,26.8946902041,305929,0.0000,1.0
2017-11-01,29.9,30.775,29.3,29.6,26.6248438141,309905,0.0000,1.0
2017-10-31,29.3,29.725,28.7,29.45,26.4899206191,282976,0.0000,1.0
2017-10-30,29.5,29.85,28.6,29.05,26.1301254324,255366,0.0000,1.0
2017-10-27,29.9,30.05,29.4,29.55,26.5798694157,260971,0.0000,1.0
2017-10-26,29.6,30.5,29.45,30.0,26.9846390008,427635,0.0000,1.0
2017-10-25,30.4,30.75,29.4,29.5,26.5348950174,428088,0.0000,1.0
2017-10-24,29.2,31.35,27.65,30.55,27.4793573824,456315,0.0000,1.0
2017-10-23,30.0,30.55,29.6,29.8,26.8047414074,367785,0.0000,1.0
2017-10-20,29.65,30.3,29.25,30.05,27.0296133991,286638,0.0000,1.0
2017-10-19,28.9,29.35,28.4,29.3,26.3549974241,210346,0.0000,1.0
2017-10-18,28.95,29.25,28.55,28.95,26.0401766357,337665,0.0000,1.0
2017-10-17,29.0,29.4,28.95,29.0,26.0851510341,249384,0.0000,1.0
2017-10-16,29.7,29.95,28.9,29.1,26.1750998307,345554,0.0000,1.0
2017-10-13,29.5,29.95,29.4,29.5,26.5348950174,356201,0.0000,1.0
2017-10-12,28.3,29.8,28.3,29.0,26.0851510341,598634,0.0000,1.0
2017-10-11,27.4,28.65,27.35,28.65,25.7703302457,538623,0.0000,1.0
2017-10-10,27.45,27.65,27.1,27.2,24.466072694,239240,0.0000,1.0
2017-10-09,27.2,27.4,26.8,27.35,24.600995889,510288,0.0000,1.0
2017-10-06,27.0,27.3,26.65,27.05,24.331149499,295046,0.0000,1.0
2017-10-05,27.05,27.5,26.9,27.0,24.2861751007,448282,0.0000,1.0
2017-10-04,27.95,27.95,26.6,26.9,24.196226304,569735,0.0000,1.0
2017-10-03,28.4,28.6,27.8,28.05,25.2306374657,300332,0.0000,1.0
2017-10-02,28.15,28.85,28.05,28.3,25.4555094574,345086,0.0000,1.0
2017-09-29,28.55,28.55,28.05,28.15,25.3205862624,398400,0.0000,1.0
2017-09-28,28.3,28.7,27.85,28.45,25.5904326524,501900,0.0000,1.0
2017-09-27,27.8,28.55,27.35,28.3,25.4555094574,422669,0.0000,1.0
2017-09-26,27.9,28.2,27.65,27.65,24.870842279,313587,0.0000,1.0
2017-09-25,27.65,27.8356,27.2,27.8,25.005765474,210196,0.0000,1.0
2017-09-22,27.2,27.85,27.13,27.65,24.870842279,187043,0.0000,1.0
2017-09-21,28.0,28.2,27.35,27.5,24.735919084,246573,0.0000,1.0
2017-09-20,27.85,28.425,27.7,28.15,25.3205862624,525234,0.0000,1.0
2017-09-19,27.05,27.85,26.8,27.7,24.9158166774,518260,0.0000,1.0
2017-09-18,26.85,27.45,26.65,27.15,24.4210982957,264825,0.0000,1.0
2017-09-15,26.1,26.8,26.05,26.8,24.1062775073,744399,0.0000,1.0
2017-09-14,26.55,26.55,25.95,26.15,23.521610329,355844,0.0000,1.0
2017-09-13,26.5,26.95,26.3,26.7,24.0163287107,319742,0.0000,1.0
2017-09-12,26.0,26.825,25.8001,26.7,24.0163287107,345972,0.0000,1.0
2017-09-11,26.15,26.3,25.6,25.8,23.2067895407,394328,0.0000,1.0
2017-09-08,26.5,26.525,25.75,26.25,23.6115591257,243036,0.0000,1.0
2017-09-07,26.25,26.6,25.8,26.45,23.791456719,327400,0.0000,1.0
2017-09-06,26.75,26.95,25.95,26.3,23.656533524,273593,0.0000,1.0
2017-09-05,27.4,27.75,26.3005,26.5,23.8364311173,314386,0.0000,1.0
2017-09-01,27.0,27.4,26.95,27.15,24.4210982957,154399,0.0000,1.0
2017-08-31,27.5,27.7,26.85,26.9,24.196226304,329628,0.0000,1.0
2017-08-30,26.6,27.65,26.55,27.475,24.7134318849,495357,0.0000,1.0
2017-08-29,25.85,26.85,25.85,26.65,23.9713543123,330296,0.0000,1.0
2017-08-28,26.0,26.45,25.8,26.1,23.4766359307,200241,0.0000,1.0
2017-08-25,25.95,26.05,25.6,26.0,23.386687134,151945,0.0000,1.0
2017-08-24,25.95,26.1,25.65,25.75,23.1618151423,210972,0.0000,1.0
2017-08-23,25.3,26.225,25.25,25.95,23.3417127357,248958,0.0000,1.0
2017-08-22,25.4,26.0,25.3,25.45,22.8919687523,307246,0.0000,1.0
2017-08-21,25.6,25.925,25.1,25.25,22.712071159,363688,0.0000,1.0
2017-08-18,25.35,25.8,25.1,25.6,23.0268919473,323614,0.0000,1.0
2017-08-17,26.0,26.0999,25.25,25.35,22.8020199556,552436,0.0000,1.0
2017-08-16,25.0,26.25,25.0,26.0,23.386687134,487456,0.0000,1.0
2017-08-15,24.9,25.2,24.6,24.9,22.3972503706,266609,0.0000,1.0
2017-08-14,25.05,25.4,24.85,25.15,22.6221223623,229500,0.0000,1.0
2017-08-11,25.2,25.45,24.85,24.95,22.442224769,194700,0.0000,1.0
2017-08-10,25.1,25.85,25.1,25.3,22.7570455573,382787,0.0000,1.0
2017-08-09,25.15,25.75,24.925,25.25,22.712071159,436921,0.0000,1.0
2017-08-08,25.5,25.9241,25.15,25.4,22.846994354,259579,0.0000,1.0
2017-08-07,25.2,25.95,25.04,25.7,23.116840744,318215,0.0000,1.0
2017-08-04,25.25,25.55,25.1,25.15,22.6221223623,211183,0.0000,1.0
2017-08-03,25.15,25.3309,24.8,25.2,22.6670967606,277903,0.1875,1.0
2017-08-02,24.85,25.45,24.3,25.4,22.6782573203,435155,0.0000,1.0
2017-08-01,25.8,25.95,24.875,24.9,22.2318349321,365701,0.0000,1.0
2017-07-31,26.5,26.5,25.6,25.8,23.0353952309,374067,0.0000,1.0
2017-07-28,26.0,26.4,25.65,26.35,23.5264598579,352500,0.0000,1.0
2017-07-27,26.15,26.5,25.65,26.1,23.3032486638,447500,0.0000,1.0
2017-07-26,26.65,26.7,25.6,26.15,23.3478909026,393161,0.0000,1.0
2017-07-25,26.5,27.4,26.5,26.6,23.749671052,539223,0.0000,1.0
2017-07-24,26.15,26.3,26.0,26.2,23.3925331415,477475,0.0000,1.0
2017-07-21,27.0,27.0,26.05,26.2,23.3925331415,419974,0.0000,1.0
2017-07-20,26.6,27.0,26.25,26.85,23.9728822461,423676,0.0000,1.0
2017-07-19,26.05,26.8,25.9,26.7,23.8389555297,485115,0.0000,1.0
2017-07-18,25.75,26.15,25.5,26.0,23.2139641862,539760,0.0000,1.0
2017-07-17,25.7,26.15,25.6,25.8,23.0353952309,417172,0.0000,1.0
2017-07-14,25.9,25.95,25.55,25.65,22.9014685144,264598,0.0000,1.0
2017-07-13,25.5,25.9,25.2,25.85,23.0800374697,290666,0.0000,1.0
2017-07-12,25.75,26.2,25.45,25.6,22.8568262756,555162,0.0000,1.0
2017-07-11,24.85,25.75,24.6,25.65,22.9014685144,499515,0.0000,1.0
2017-07-10,24.25,25.15,23.95,24.75,22.0979082157,411668,0.0000,1.0
2017-07-07,25.05,25.05,23.7,24.7,22.0532659769,515895,0.0000,1.0
2017-07-06,24.85,25.5,24.5,25.05,22.3657616486,525358,0.0000,1.0
2017-07-05,26.0,26.25,24.9,25.0,22.3211194098,700816,0.0000,1.0
2017-07-03,25.25,26.45,25.25,26.25,23.4371753803,535901,0.0000,1.0
2017-06-30,24.05,25.55,24.05,25.2,22.4996883651,964085,0.0000,1.0
2017-06-29,24.5,24.7175,23.61,24.1,21.517559111,540303,0.0000,1.0
2017-06-28,23.0,24.55,23.0,24.3,21.6961280663,713428,0.0000,1.0
2017-06-27,22.6,23.75,22.6,22.75,20.3122186629,903335,0.0000,1.0
2017-06-26,23.6,23.6,21.35,22.55,20.1336497076,1450474,0.0000,1.0
2017-06-23,20.4,21.65,20.4,21.6,19.2854471701,873663,0.0000,1.0
2017-06-22,19.75,20.35,19.75,20.2,18.0354644831,353071,0.0000,1.0
2017-06-21,19.8,20.2,19.6,19.7,17.5890420949,463842,0.0000,1.0
2017-06-20,19.4,19.825,19.25,19.75,17.6336843337,330708,0.0000,1.0
2017-06-19,19.55,19.8,19.325,19.6,17.4997576173,615738,0.0000,1.0
2017-06-16,18.7,19.35,18.65,19.25,17.1872619455,688831,0.0000,1.0
2017-06-15,20.4,20.55,18.75,18.9,16.8747662738,721949,0.0000,1.0
2017-06-14,20.45,20.475,19.1,19.55,17.4551153785,541271,0.0000,1.0
2017-06-13,20.6,20.95,20.4,20.55,18.3479601548,348305,0.0000,1.0
2017-06-12,20.25,20.85,20.1,20.45,18.2586756772,515946,0.0000,1.0
2017-06-09,20.55,20.65,20.05,20.25,18.0801067219,342958,0.0000,1.0
2017-06-08,19.2,20.5,19.1453,20.2,18.0354644831,405503,0.0000,1.0
2017-06-07,19.4,19.7,18.89,19.35,17.2765464232,351101,0.0000,1.0
2017-06-06,19.9,19.9226,19.225,19.3,17.2319041844,393886,0.0000,1.0
2017-06-05,19.5,20.15,19.45,20.0,17.8568955278,314862,0.0000,1.0
2017-06-02,19.6,19.9,19.5,19.6,17.4997576173,189870,0.0000,1.0
2017-06-01,19.3,19.7,18.95,19.65,17.5443998561,198744,0.0000,1.0
2017-05-31,19.7,19.8,18.85,19.3,17.2319041844,315075,0.0000,1.0
2017-05-30,19.6,19.8999,19.45,19.7,17.5890420949,206848,0.0000,1.0
2017-05-26,20.1,20.14,19.65,19.75,17.6336843337,163494,0.0000,1.0
2017-05-25,19.9,20.45,19.7601,20.05,17.9015377666,387761,0.0000,1.0
2017-05-24,20.2,20.5,19.6,19.85,17.7229688114,555866,0.0000,1.0
2017-05-23,19.45,20.3125,19.3,20.2,18.0354644831,471581,0.0000,1.0
2017-05-22,19.4,19.6,19.15,19.35,17.2765464232,273314,0.0000,1.0
2017-05-19,19.1,19.45,19.05,19.15,17.0979774679,519969,0.0000,1.0
2017-05-18,18.9,19.25,18.85,18.9,16.8747662738,353903,0.0000,1.0
2017-05-17,19.25,19.35,19.1,19.15,17.0979774679,353154,0.0000,1.0
2017-05-16,19.55,19.65,19.35,19.45,17.3658309008,204656,0.0000,1.0
2017-05-15,19.65,19.75,19.35,19.45,17.3658309008,231425,0.0000,1.0
2017-05-12,19.35,19.55,19.25,19.35,17.2765464232,401349,0.0000,1.0
2017-05-11,19.5,19.8,19.05,19.35,17.2765464232,451763,0.0000,1.0
2017-05-10,19.15,19.65,19.0,19.55,17.4551153785,452026,0.0000,1.0
2017-05-09,18.95,19.25,18.9,19.15,17.0979774679,592422,0.0000,1.0
2017-05-08,18.6,18.95,18.55,18.9,16.8747662738,311827,0.0000,1.0
2017-05-05,18.65,18.85,18.4,18.75,16.7408395573,243503,0.0000,1.0
2017-05-04,18.3,18.45,17.8,18.35,16.3837016468,305074,0.1875,1.0
2017-05-03,18.85,18.85,18.45,18.5,16.3505586225,447789,0.0000,1.0
2017-05-02,19.05,19.3,18.85,19.0,16.7924656123,293101,0.0000,1.0
2017-05-01,19.05,19.25,18.8,19.0,16.7924656123,293694,0.0000,1.0
2017-04-28,18.95,19.15,18.75,18.9,16.7040842144,522049,0.0000,1.0
2017-04-27,19.15,19.225,18.55,18.8,16.6157028164,393315,0.0000,1.0
2017-04-26,18.65,19.3,18.6,19.2,16.9692284083,503079,0.0000,1.0
2017-04-25,19.35,19.65,18.8716,18.9,16.7040842144,509074,0.0000,1.0
2017-04-24,19.1,19.45,18.9,19.15,16.9250377093,413625,0.0000,1.0
2017-04-21,18.6,18.9,18.3,18.75,16.5715121174,420171,0.0000,1.0
2017-04-20,17.9,18.825,17.75,18.65,16.4831307195,785889,0.0000,1.0
2017-04-19,18.35,18.9,17.5,17.65,15.5993167399,697062,0.0000,1.0
2017-04-18,18.05,18.5686,17.85,18.2,16.0854144287,548510,0.0000,1.0
2017-04-17,18.25,18.7,17.95,18.25,16.1296051276,583275,0.0000,1.0
2017-04-13,18.85,18.8999,18.0,18.05,15.9528423317,801663,0.0000,1.0
2017-04-12,19.9,20.05,18.7,18.8,16.6157028164,569175,0.0000,1.0
2017-04-11,19.75,20.45,19.35,20.1,17.7646609899,597800,0.0000,1.0
2017-04-10,20.4,20.5,19.35,19.55,17.2785633011,655875,0.0000,1.0
2017-04-07,19.9,20.5,19.65,20.35,17.9856144848,680604,0.0000,1.0
2017-04-06,20.0,20.65,19.75,20.1,17.7646609899,699043,0.0000,1.0
2017-04-05,21.3,21.65,20.1,20.35,17.9856144848,415738,0.0000,1.0
2017-04-04,20.45,21.15,20.45,21.0,18.5600935715,328883,0.0000,1.0
2017-04-03,20.65,20.85,20.0,20.45,18.0739958828,327330,0.0000,1.0
2017-03-31,20.35,20.7,19.85,20.65,18.2507586787,589356,0.0000,1.0
2017-03-30,20.25,20.45,20.15,20.3,17.9414237858,311203,0.0000,1.0
2017-03-29,20.65,20.8,20.15,20.35,17.9856144848,317370,0.0000,1.0
2017-03-28,20.45,20.9,20.05,20.75,18.3391400766,289704,0.0000,1.0
2017-03-27,19.65,20.4,19.25,20.4,18.0298051838,553669,0.0000,1.0
2017-03-24,20.5,20.8999,19.75,19.75,17.455326097,399075,0.0000,1.0
2017-03-23,20.75,20.975,20.2,20.5,18.1181865817,270284,0.0000,1.0
2017-03-22,20.65,21.15,20.2,20.65,18.2507586787,434391,0.0000,1.0
2017-03-21,21.75,21.85,20.2,20.25,17.8972330868,616354,0.0000,1.0
2017-03-20,21.95,21.95,21.5,21.75,19.2229540562,225135,0.0000,1.0
2017-03-17,21.95,22.45,21.9,21.9,19.3555261532,517252,0.0000,1.0
2017-03-16,23.15,23.15,21.85,21.9,19.3555261532,424720,0.0000,1.0
2017-03-15,21.5,23.1,21.5,22.8,20.1509587348,719592,0.0000,1.0
2017-03-14,21.2,21.45,20.9,21.1,18.6484749695,297622,0.0000,1.0
2017-03-13,21.1,21.55,20.95,21.5,19.0020005613,424688,0.0000,1.0
2017-03-10,21.05,21.05,20.4,20.85,18.4275214746,304165,0.0000,1.0
2017-03-09,21.3,21.5,20.6,20.75,18.3391400766,493620,0.0000,1.0
2017-03-08,22.25,22.35,21.3,21.35,18.8694284644,434111,0.0000,1.0
2017-03-07,23.0,23.2,22.1,22.1,19.5322889491,328664,0.0000,1.0
2017-03-06,23.45,23.55,22.9,23.0,20.3277215307,459837,0.0000,1.0
2017-03-03,23.9,24.15,23.25,23.65,20.9022006175,539724,0.0000,1.0
2017-03-02,24.55,24.65,23.3,23.7,20.9463913165,435860,0.0000,1.0
2017-03-01,24.25,25.0,24.25,24.7,21.8302052961,435252,0.0000,1.0
2017-02-28,24.2,24.55,23.6,23.8,21.0347727144,437700,0.0000,1.0
2017-02-27,24.1,24.7,23.85,24.25,21.4324890052,402750,0.0000,1.0
2017-02-24,24.25,24.8,23.775,24.25,21.4324890052,471035,0.0000,1.0
2017-02-23,25.85,26.05,24.35,24.5,21.6534425001,354577,0.0000,1.0
2017-02-22,26.6,26.6,25.4,25.75,22.7582099746,399230,0.0000,1.0
2017-02-21,27.05,27.25,26.5,26.75,23.6420239542,411332,0.0000,1.0
2017-02-17,27.2,27.5,26.5,26.65,23.5536425563,313559,0.0000,1.0
2017-02-16,26.9,27.3,26.6001,27.25,24.083930944,499303,0.0000,1.0
2017-02-15,25.7,27.1,25.65,26.925,23.7966914007,649688,0.0000,1.0
2017-02-14,25.55,25.9,25.3,25.7,22.7140192756,462291,0.0000,1.0
2017-02-13,25.4,25.95,25.35,25.6,22.6256378777,386918,0.0000,1.0
2017-02-10,25.25,25.5,25.0,25.05,22.1395401889,490050,0.0000,1.0
2017-02-09,23.65,24.925,23.65,24.8,21.918586694,588934,0.0000,1.0
2017-02-08,23.6,24.05,23.3,23.65,20.9022006175,408649,0.0000,1.0
2017-02-07,23.85,24.15,23.35,23.6,20.8580099185,296575,0.0000,1.0
2017-02-06,23.75,24.0,23.45,23.8,21.0347727144,311042,0.0000,1.0
2017-02-03,23.4,23.9,23.15,23.65,20.9022006175,275811,0.0000,1.0
2017-02-02,23.3,23.45,23.05,23.4,20.6812471226,319113,0.1875,1.0
2017-02-01,23.9,24.35,23.2,23.35,20.4730098701,424205,0.0000,1.0
2017-01-31,23.9,24.0,23.3,23.65,20.7360463995,393998,0.0000,1.0
2017-01-30,24.15,24.2,23.2,23.75,20.8237252427,357793,0.0000,1.0
2017-01-27,23.85,24.4,23.65,24.35,21.3497983014,441486,0.0000,1.0
2017-01-26,23.7,24.05,23.45,23.85,20.9114040858,395965,0.0000,1.0
2017-01-25,23.8,23.895,22.9,23.75,20.8237252427,488486,0.0000,1.0
2017-01-24,23.6,23.95,23.2,23.8,20.8675646642,444021,0.0000,1.0
2017-01-23,23.1,23.325,22.6,23.25,20.385331027,366609,0.0000,1.0
2017-01-20,22.85,23.1,22.55,22.85,20.0346156545,443890,0.0000,1.0
2017-01-19,23.55,23.7083,22.75,22.75,19.9469368114,702262,0.0000,1.0
2017-01-18,22.6,23.8,22.6,23.75,20.8237252427,615270,0.0000,1.0
2017-01-17,23.75,23.9,22.9,23.05,20.2099733408,328328,0.0000,1.0
2017-01-13,23.7,24.35,23.6,23.7,20.7798858211,295099,0.0000,1.0
2017-01-12,24.2,24.45,23.2,23.75,20.8237252427,670743,0.0000,1.0
2017-01-11,24.85,24.875,24.05,24.55,21.5251559877,499560,0.0000,1.0
2017-01-10,23.85,25.25,23.7,25.05,21.9635502033,786549,0.0000,1.0
2017-01-09,23.9,24.2,23.45,23.6,20.692206978,622518,0.0000,1.0
2017-01-06,25.2,25.3,23.75,23.875,20.9333237966,994864,0.0000,1.0
2017-01-05,26.55,26.9,25.2,25.25,22.1389078896,515866,0.0000,1.0
2017-01-04,26.15,27.2,25.6,27.0,23.6732876443,754037,0.0000,1.0
2017-01-03,26.25,26.65,25.9,26.15,22.9280174777,578620,0.0000,1.0
2016-12-30,26.5,26.65,25.65,25.7,22.5334626836,399909,0.0000,1.0
2016-12-29,26.75,27.1625,26.35,26.45,23.1910540071,263331,0.0000,1.0
2016-12-28,27.5,27.65,26.55,26.7,23.4102511149,299322,0.0000,1.0
2016-12-27,25.55,27.5,25.55,27.35,23.9801635952,298000,0.0000,1.0
2016-12-23,26.85,26.95,26.5,26.7,23.4102511149,237196,0.0000,1.0
2016-12-22,27.7,27.85,26.8,26.8,23.497929958,414049,0.0000,1.0
2016-12-21,28.0,28.3,27.55,27.65,24.2432001246,269252,0.0000,1.0
2016-12-20,27.5,28.25,27.25,28.0,24.5500760756,231369,0.0000,1.0
2016-12-19,27.55,28.4,27.55,27.85,24.4185578109,284751,0.0000,1.0
2016-12-16,28.7,28.85,27.6,27.9,24.4623972324,1125930,0.0000,1.0
2016-12-15,28.2,29.0,27.65,28.75,25.207667399,415506,0.0000,1.0
2016-12-14,28.4,29.3,28.05,28.6,25.0761491343,319516,0.0000,1.0
2016-12-13,29.15,29.7,28.1,28.55,25.0323097127,528328,0.0000,1.0
2016-12-12,29.05,29.253,28.85,29.1,25.5145433499,407557,0.0000,1.0
2016-12-09,29.7,29.8239,28.75,29.05,25.4707039284,432586,0.0000,1.0
2016-12-08,30.15,30.45,29.45,29.8,26.1282952518,595438,0.0000,1.0
2016-12-07,29.7,30.25,29.35,30.0,26.3036529381,434391,0.0000,1.0
2016-12-06,30.2,30.6,29.22,29.8,26.1282952518,385859,0.0000,1.0
2016-12-05,29.65,30.275,29.25,30.2,26.4790106243,427819,0.0000,1.0
2016-12-02,28.3,29.2025,28.2,29.0,25.4268645068,361395,0.0000,1.0
2016-12-01,28.05,28.6,27.85,28.45,24.9446308696,603834,0.0000,1.0
2016-11-30,28.4,28.8,27.85,27.9,24.4623972324,436664,0.0000,1.0
2016-11-29,28.4,28.6,27.75,28.05,24.5939154971,477937,0.0000,1.0
2016-11-28,29.55,29.65,28.6,28.85,25.2953462421,374945,0.0000,1.0
2016-11-25,30.0,30.0,29.5,29.65,25.9967769871,155137,0.0000,1.0
2016-11-23,29.7,30.2423,29.1,29.8,26.1282952518,397176,0.0000,1.0
2016-11-22,28.2,30.325,28.2,29.9,26.215974095,934702,0.0000,1.0
2016-11-21,27.5,27.9,27.4,27.85,24.4185578109,509245,0.0000,1.0
2016-11-18,27.2,27.5,26.65,27.0,23.6732876443,465126,0.0000,1.0
2016-11-17,27.05,27.7231,26.7,27.25,23.8924847521,333896,0.0000,1.0
2016-11-16,27.6,27.9076,26.65,27.15,23.804805909,379772,0.0000,1.0
2016-11-15,27.75,28.1,27.35,27.9,24.4623972324,439087,0.0000,1.0
2016-11-14,27.95,28.4,27.3,28.0,24.5500760756,647288,0.0000,1.0
2016-11-11,26.95,27.8,26.1,27.6,24.199360703,520394,0.0000,1.0
2016-11-10,26.9,27.7,26.5,26.95,23.6294482227,831699,0.0000,1.0
2016-11-09,25.1,26.75,24.85,26.45,23.1910540071,725696,0.0000,1.0
2016-11-08,24.45,25.15,24.05,24.8,21.7443530955,398778,0.0000,1.0
2016-11-07,24.45,24.85,24.35,24.45,21.4374771445,496834,0.0000,1.0
2016-11-04,23.5,24.7,23.375,23.95,20.9990829289,572081,0.0000,1.0
2016-11-03,23.2,23.8,23.2,23.55,20.6483675564,271942,0.1875,1.0
2016-11-02,23.4,23.9,23.25,23.4,20.3547888708,322838,0.0000,1.0
2016-11-01,24.4,24.7,23.4,23.55,20.4852682866,360248,0.0000,1.0
2016-10-31,23.5,24.2,23.2,24.15,21.00718595,513749,0.0000,1.0
2016-10-28,23.45,23.95,23.3,23.4,20.3547888708,381569,0.0000,1.0
2016-10-27,24.0,24.25,23.45,23.5,20.441775148,577688,0.0000,1.0
2016-10-26,24.05,24.25,23.65,24.1,20.9636928113,541959,0.0000,1.0
2016-10-25,23.75,25.0,23.55,24.1,20.9636928113,805299,0.0000,1.0
2016-10-24,23.45,24.0,23.3,23.4,20.3547888708,521586,0.0000,1.0
2016-10-21,22.5,23.4,22.3,23.25,20.2243094549,385030,0.0000,1.0
2016-10-20,22.15,23.0,21.85,22.7,19.7458849302,358104,0.0000,1.0
2016-10-19,21.75,22.55,21.7,22.35,19.4414329599,360060,0.0000,1.0
2016-10-18,21.7,21.9,21.35,21.75,18.9195152965,172300,0.0000,1.0
2016-10-17,20.8,21.75,20.25,21.3,18.528077049,219944,0.0000,1.0
2016-10-14,21.0,21.25,20.6752,20.85,18.1366388015,248829,0.0000,1.0
2016-10-13,21.05,21.1,20.45,20.9,18.1801319401,210643,0.0000,1.0
2016-10-12,20.9,21.5,20.65,21.45,18.6585564649,206756,0.0000,1.0
2016-10-11,21.15,21.3,20.4,20.8,18.0931456629,330475,0.0000,1.0
2016-10-10,21.0,21.65,21.0,21.3,18.528077049,246392,0.0000,1.0
2016-10-07,21.39,21.39,20.67,20.97,18.2410223342,247920,0.0000,1.0
2016-10-06,20.74,21.31,20.74,21.19,18.4323921441,203368,0.0000,1.0
2016-10-05,21.13,21.14,20.68,21.04,18.3019127282,217389,0.0000,1.0
2016-10-04,20.91,21.21,20.64,20.9,18.1801319401,499338,0.0000,1.0
2016-10-03,21.0,21.1336,20.52,20.8,18.0931456629,301463,0.0000,1.0
2016-09-30,21.15,21.15,20.64,20.9,18.1801319401,564106,0.0000,1.0
2016-09-29,21.02,21.59,20.68,20.92,18.1975291956,638987,0.0000,1.0
2016-09-28,19.58,20.79,19.58,20.78,18.0757484075,410399,0.0000,1.0
2016-09-27,19.41,19.89,19.41,19.63,17.0754062194,397714,0.0000,1.0
2016-09-26,19.61,19.97,19.56,19.57,17.023214453,231630,0.0000,1.0
2016-09-23,19.69,19.97,19.51,19.72,17.1536938689,236210,0.0000,1.0
2016-09-22,19.39,20.065,19.3,19.78,17.2058856352,420567,0.0000,1.0
2016-09-21,18.69,19.1,18.47,19.06,16.5795844392,393672,0.0000,1.0
2016-09-20,18.71,18.74,18.34,18.49,16.083762659,303352,0.0000,1.0
2016-09-19,18.15,18.99,17.94,18.57,16.1533516808,381446,0.0000,1.0
2016-09-16,17.7,18.19,17.43,17.89,15.5618449956,2136738,0.0000,1.0
2016-09-15,17.63,17.81,17.38,17.8,15.4835573461,273704,0.0000,1.0
2016-09-14,17.68,17.97,17.46,17.62,15.3269820471,292215,0.0000,1.0
2016-09-13,18.16,18.16,17.3,17.64,15.3443793026,451733,0.0000,1.0
2016-09-12,17.88,18.47,17.69,18.47,16.0663654035,349583,0.0000,1.0
2016-09-09,19.26,19.26,18.1,18.1,15.7445161778,363605,0.0000,1.0
2016-09-08,19.61,19.62,19.09,19.51,16.9710226867,378744,0.0000,1.0
2016-09-07,19.5,19.6,19.14,19.57,17.023214453,434618,0.0000,1.0
2016-09-06,19.49,19.74,19.235,19.7,17.1362966134,355859,0.0000,1.0
2016-09-02,19.49,19.64,18.93,19.24,16.7361597382,222029,0.0000,1.0
2016-09-01,18.77,19.2,18.49,19.2,16.7013652273,274477,0.0000,1.0
2016-08-31,18.46,18.869,18.4,18.78,16.3360228629,234876,0.0000,1.0
2016-08-30,19.0,19.12,18.41,18.64,16.2142420748,272602,0.0000,1.0
2016-08-29,18.84,19.08,18.69,19.06,16.5795844392,265018,0.0000,1.0
2016-08-26,19.11,19.61,18.65,18.89,16.4317077679,271081,0.0000,1.0
2016-08-25,18.46,18.98,18.4,18.93,16.4665022788,213178,0.0000,1.0
2016-08-24,18.83,18.83,18.22,18.53,16.1185571699,253200,0.0000,1.0
2016-08-23,18.92,19.29,18.7718,18.95,16.4838995342,185042,0.0000,1.0
2016-08-22,18.39,18.77,18.02,18.76,16.3186256075,312851,0.0000,1.0
2016-08-19,18.87,18.99,18.27,18.56,16.1446530531,412314,0.0000,1.0
2016-08-18,18.9,19.07,18.75,19.05,16.5708858115,155103,0.0000,1.0
2016-08-17,18.83,18.96,18.52,18.78,16.3360228629,168907,0.0000,1.0
2016-08-16,19.08,19.17,18.8,18.89,16.4317077679,206344,0.0000,1.0
2016-08-15,18.33,19.1,18.28,19.07,16.5882830669,350724,0.0000,1.0
2016-08-12,18.96,18.98,18.06,18.2,15.831502455,309085,0.0000,1.0
2016-08-11,18.65,19.01,18.29,18.9,16.4404063956,286251,0.0000,1.0
2016-08-10,18.76,18.83,18.44,18.51,16.1011599144,156853,0.0000,1.0
2016-08-09,19.3,19.5,18.58,18.66,16.2316393303,270945,0.0000,1.0
2016-08-08,19.3,19.55,19.205,19.36,16.8405432709,253012,0.0000,1.0
2016-08-05,18.97,19.25,18.81,19.23,16.7274611105,194527,0.0000,1.0
2016-08-04,18.83,19.05,18.72,18.95,16.4838995342,212326,0.1875,1.0
2016-08-03,18.91,19.098,18.55,19.06,16.4171456628,259660,0.0000,1.0
2016-08-02,19.33,19.36,18.7,19.03,16.3913054545,270698,0.0000,1.0
2016-08-01,19.48,19.58,19.05,19.24,16.5721869125,268358,0.0000,1.0
2016-07-29,19.53,20.329,19.22,19.49,16.7875219816,263839,0.0000,1.0
2016-07-28,19.62,19.66,19.2,19.51,16.8047487871,179922,0.0000,1.0
2016-07-27,19.7,20.14,19.06,19.51,16.8047487871,451127,0.0000,1.0
2016-07-26,18.62,19.57,18.57,19.53,16.8219755926,400715,0.0000,1.0
2016-07-25,18.73,18.82,18.45,18.68,16.0898363579,293025,0.0000,1.0
2016-07-22,19.2,19.42,18.58,18.81,16.2018105938,297727,0.0000,1.0
2016-07-21,19.14,20.03,19.04,19.2,16.5377333015,359590,0.0000,1.0
2016-07-20,18.93,19.21,18.35,18.93,16.3051714269,327758,0.0000,1.0
2016-07-19,19.86,19.885,18.81,19.07,16.4257590656,460830,0.0000,1.0
2016-07-18,19.88,20.21,19.73,20.1,17.31293955,472057,0.0000,1.0
2016-07-15,20.1,20.29,19.92,20.29,17.4765942025,216163,0.0000,1.0
2016-07-14,20.17,20.65,19.83,20.1,17.31293955,362335,0.0000,1.0
2016-07-13,20.12,20.36,19.83,20.18,17.3818467721,299202,0.0000,1.0
2016-07-12,19.81,20.22,19.66,19.97,17.2009653141,516135,0.0000,1.0
2016-07-11,18.85,19.56,18.67,19.48,16.7789085788,501482,0.0000,1.0
2016-07-08,18.03,18.99,18.03,18.62,16.0381559413,361850,0.0000,1.0
2016-07-07,18.28,18.48,17.65,17.77,15.3060167066,340178,0.0000,1.0
2016-07-06,17.53,18.22,17.36,18.21,15.6850064281,456989,0.0000,1.0
2016-07-05,17.57,17.97,17.43,17.61,15.1682022625,460741,0.0000,1.0
2016-07-01,17.54,18.12,17.09,17.66,15.2112692763,698646,0.0000,1.0
2016-06-30,16.6,17.94,15.91,17.6,15.1595888597,1143829,0.0000,1.0
2016-06-29,15.74,15.89,15.55,15.72,13.5402691406,363237,0.0000,1.0
2016-06-28,15.37,15.57,15.17,15.43,13.2904804605,353957,0.0000,1.0
2016-06-27,15.25,15.34,14.83,15.07,12.9803979611,759834,0.0000,1.0
2016-06-24,15.95,16.2,15.26,15.49,13.3421608771,481173,0.0000,1.0
2016-06-23,16.64,16.905,16.23,16.49,14.2035011532,366755,0.0000,1.0
2016-06-22,16.89,16.99,15.97,16.23,13.9795526814,379893,0.0000,1.0
2016-06-21,17.54,17.54,16.31,16.76,14.4360630278,448145,0.0000,1.0
2016-06-20,17.02,17.71,16.99,17.65,15.2026558735,364543,0.0000,1.0
2016-06-17,16.61,17.1,16.53,16.78,14.4532898333,688248,0.0000,1.0
2016-06-16,16.33,16.72,16.05,16.68,14.3671558057,408073,0.0000,1.0
2016-06-15,16.33,16.97,16.21,16.53,14.2379547643,310131,0.0000,1.0
2016-06-14,16.29,16.61,15.97,16.14,13.9020320566,305074,0.0000,1.0
2016-06-13,16.6,16.775,16.32,16.37,14.1001403201,296471,0.0000,1.0
2016-06-10,16.73,16.82,16.41,16.53,14.2379547643,268433,0.0000,1.0
2016-06-09,17.33,17.35,16.55,17.03,14.6686249023,385511,0.0000,1.0
2016-06-08,17.32,17.86,17.15,17.74,15.2801764984,487637,0.0000,1.0
2016-06-07,16.8,17.33,16.69,17.0,14.642784694,338685,0.0000,1.0
2016-06-06,16.86,17.12,16.47,16.94,14.5911042775,338011,0.0000,1.0
2016-06-03,16.45,16.75,16.115,16.74,14.4188362222,393738,0.0000,1.0
2016-06-02,15.93,16.28,15.75,16.25,13.9967794869,367660,0.0000,1.0
2016-06-01,15.89,16.14,15.35,16.02,13.7986712234,553353,0.0000,1.0
2016-05-31,16.28,16.38,15.95,16.09,13.8589650428,327730,0.0000,1.0
2016-05-27,16.64,16.93,15.9,16.12,13.884805251,309574,0.0000,1.0
2016-05-26,16.9,17.19,16.41,16.64,14.3327021946,371973,0.0000,1.0
2016-05-25,15.75,16.66,15.56,16.59,14.2896351808,646421,0.0000,1.0
2016-05-24,15.91,16.18,15.68,15.71,13.5316557378,517898,0.0000,1.0
2016-05-23,15.7,16.11,15.61,15.91,13.7039237931,424971,0.0000,1.0
2016-05-20,15.88,16.08,15.64,15.84,13.6436299737,337578,0.0000,1.0
2016-05-19,15.35,15.95,15.08,15.73,13.5488825434,295284,0.0000,1.0
2016-05-18,16.2,16.59,15.31,15.53,13.3766144881,599637,0.0000,1.0
2016-05-17,16.47,16.86,16.02,16.63,14.3240887919,507012,0.0000,1.0
2016-05-16,16.77,17.06,16.34,16.44,14.1604341394,573664,0.0000,1.0
2016-05-13,16.42,16.94,15.92,16.4,14.1259805284,424324,0.0000,1.0
2016-05-12,17.07,17.42,16.26,16.5,14.212114556,444600,0.0000,1.0
2016-05-11,17.39,17.39,16.42,17.0,14.642784694,522136,0.0000,1.0
2016-05-10,16.77,17.42,16.56,17.27,14.8753465686,449453,0.0000,1.0
2016-05-09,18.45,18.45,16.24,16.55,14.2551815698,834948,0.0000,1.0
2016-05-06,18.37,19.03,18.27,18.83,16.2190373993,516508,0.0000,1.0
2016-05-05,19.32,19.4,18.39,18.43,15.8745012889,428027,0.1875,1.0
2016-05-04,19.01,19.67,18.74,18.98,16.1835925588,428336,0.0000,1.0
2016-05-03,20.68,20.73,19.22,19.3,16.4564455418,499196,0.0000,1.0
2016-05-02,20.66,21.21,20.27,21.11,17.9997702274,401646,0.0000,1.0
2016-04-29,20.38,21.34,20.25,20.62,17.581964097,365622,0.0000,1.0
2016-04-28,21.0,21.57,20.33,20.38,17.3773243597,471297,0.0000,1.0
2016-04-27,20.12,20.9,19.13,20.85,17.7780771786,405854,0.0000,1.0
2016-04-26,19.65,20.34,19.03,20.21,17.2323712125,299053,0.0000,1.0
2016-04-25,20.15,20.1683,19.34,19.54,16.6610852792,488718,0.0000,1.0
2016-04-22,20.36,21.22,20.05,20.33,17.3346910811,570876,0.0000,1.0
2016-04-21,20.77,21.15,20.17,20.29,17.3005844582,562478,0.0000,1.0
2016-04-20,20.76,21.08,20.43,20.535,17.5094875234,423560,0.0000,1.0
2016-04-19,20.56,21.34,20.3,20.78,17.7183905886,406838,0.0000,1.0
2016-04-18,19.95,20.44,19.825,20.33,17.3346910811,320473,0.0000,1.0
2016-04-15,19.68,20.31,19.6,20.2,17.2238445568,412064,0.0000,1.0
2016-04-14,19.84,19.96,19.36,19.79,16.8742516722,267846,0.0000,1.0
2016-04-13,19.42,19.99,19.405,19.74,16.8316183936,345028,0.0000,1.0
2016-04-12,18.94,19.48,18.94,19.19,16.3626523289,325009,0.0000,1.0
2016-04-11,18.38,19.07,18.38,18.93,16.1409592802,361841,0.0000,1.0
2016-04-08,17.38,18.4,17.34,18.12,15.4503001667,402199,0.0000,1.0
2016-04-07,18.18,18.38,17.03,17.14,14.6146879061,411591,0.0000,1.0
2016-04-06,17.81,18.36,16.75,18.24,15.5526200354,494058,0.0000,1.0
2016-04-05,18.52,19.04,18.12,18.58,15.8425263299,346670,0.0000,1.0
2016-04-04,18.97,19.32,18.54,18.57,15.8339996742,377788,0.0000,1.0
2016-04-01,17.37,18.97,17.0717,18.94,16.1494859359,355525,0.0000,1.0
2016-03-31,19.08,19.32,18.38,18.44,15.7231531498,387767,0.0000,1.0
2016-03-30,18.46,19.25,18.4,19.13,16.3114923946,330885,0.0000,1.0
2016-03-29,17.83,18.92,17.07,18.26,15.5696733468,1414507,0.0000,1.0
2016-03-28,18.88,19.61,18.79,19.41,16.5502387548,417988,0.0000,1.0
2016-03-24,18.14,18.79,18.01,18.78,16.0130594443,343146,0.0000,1.0
2016-03-23,18.62,19.2,18.32,18.32,15.6208332812,502467,0.0000,1.0
2016-03-22,18.4,18.84,18.1,18.79,16.0215861001,272082,0.0000,1.0
2016-03-21,18.82,18.82,18.07,18.61,15.8681062971,260109,0.0000,1.0
2016-03-18,18.99,19.46,18.59,18.9,16.115379313,1945566,0.0000,1.0
2016-03-17,16.95,19.0,16.63,18.83,16.055692723,706009,0.0000,1.0
2016-03-16,16.43,16.88,15.99,16.82,14.341834923,447588,0.0000,1.0
2016-03-15,16.44,16.59,15.94,16.41,13.9922420384,269720,0.0000,1.0
2016-03-14,16.35,16.97,16.07,16.69,14.2309883986,519504,0.0000,1.0
2016-03-11,16.58,16.92,16.45,16.46,14.034875317,418398,0.0000,1.0
2016-03-10,16.2,17.06,15.94,16.43,14.0092953499,416278,0.0000,1.0
2016-03-09,16.04,16.32,15.1506,16.21,13.821708924,384071,0.0000,1.0
2016-03-08,16.89,17.08,15.6901,15.84,13.5062226623,401505,0.0000,1.0
2016-03-07,16.2,17.42,16.04,17.22,14.6829011518,621938,0.0000,1.0
2016-03-04,16.26,16.35,16.08,16.18,13.7961289568,543436,0.0000,1.0
2016-03-03,15.68,16.42,15.68,16.21,13.821708924,595589,0.0000,1.0
2016-03-02,14.95,15.76,14.91,15.7,13.3868494822,255010,0.0000,1.0
2016-03-01,14.87,15.0,14.49,14.95,12.7473503031,186245,0.0000,1.0
2016-02-29,14.02,14.71,13.94,14.64,12.4830239758,442421,0.0000,1.0
2016-02-26,13.82,14.2025,13.7,13.88,11.834998141,175760,0.0000,1.0
2016-02-25,13.83,13.83,13.35,13.68,11.6644650266,122020,0.0000,1.0
2016-02-24,13.44,13.95,13.37,13.92,11.8691047639,138857,0.0000,1.0
2016-02-23,13.97,14.28,13.77,13.79,11.7582582395,144098,0.0000,1.0
2016-02-22,14.25,14.52,14.06,14.17,12.0822711569,230882,0.0000,1.0
2016-02-19,14.18,14.59,13.92,13.97,11.9117380425,194620,0.0000,1.0
2016-02-18,14.54,14.54,14.05,14.28,12.1760643698,199653,0.0000,1.0
2016-02-17,14.39,14.82,14.23,14.46,12.3295441728,260145,0.0000,1.0
2016-02-16,14.28,14.39,13.65,14.14,12.0566911897,234317,0.0000,1.0
2016-02-12,13.05,14.28,13.03,14.25,12.1504844027,274269,0.0000,1.0
2016-02-11,13.18,13.435,12.6,12.94,11.0334925032,191084,0.0000,1.0
2016-02-10,13.37,14.3,13.336,13.46,11.4768786007,233235,0.0000,1.0
2016-02-09,13.05,13.49,13.05,13.34,11.374558732,231478,0.0000,1.0
2016-02-08,13.25,13.39,13.07,13.28,11.3233987977,321048,0.0000,1.0
2016-02-05,13.62,14.02,13.43,13.43,11.4512986335,239986,0.0000,1.0
2016-02-04,13.45,14.35,13.45,13.68,11.6644650266,269870,0.1875,1.0
2016-02-03,13.38,13.83,13.02,13.57,11.4142268188,186734,0.0000,1.0
2016-02-02,13.11,13.31,12.88,13.13,11.0441266125,293182,0.0000,1.0
2016-02-01,13.22,13.4255,12.99,13.34,11.2207653473,268709,0.0000,1.0
2016-01-29,12.84,13.5,12.84,13.45,11.3132903989,305126,0.0000,1.0
2016-01-28,12.74,13.06,12.51,12.89,10.8422537727,261790,0.0000,1.0
2016-01-27,12.56,12.66,12.31,12.46,10.4805649346,307885,0.0000,1.0
2016-01-26,12.47,12.93,12.41,12.6,10.5983240912,240411,0.0000,1.0
2016-01-25,12.55,12.62,12.22,12.28,10.3291603047,295430,0.0000,1.0
2016-01-22,12.68,12.78,12.18,12.63,10.6235581962,294848,0.0000,1.0
2016-01-21,12.24,12.7,12.09,12.33,10.3712171464,266261,0.0000,1.0
2016-01-20,11.76,12.41,11.7,12.26,10.3123375681,418488,0.0000,1.0
2016-01-19,12.21,12.39,11.7677,12.12,10.1945784115,408709,0.0000,1.0
2016-01-15,12.31,12.42,11.75,11.96,10.0599965183,337160,0.0000,1.0
2016-01-14,12.48,13.06,12.3,12.77,10.7413173527,380604,0.0000,1.0
2016-01-13,12.59,12.72,12.18,12.31,10.3543944097,356968,0.0000,1.0
2016-01-12,12.79,13.0085,12.11,12.45,10.4721535663,464560,0.0000,1.0
2016-01-11,12.84,13.14,12.32,12.57,10.5730899862,388548,0.0000,1.0
2016-01-08,13.3,13.395,12.4,12.66,10.6487923011,633547,0.0000,1.0
2016-01-07,13.53,14.02,12.98,13.2,11.1030061908,619637,0.0000,1.0
2016-01-06,13.85,14.34,13.75,13.83,11.6329223953,412366,0.0000,1.0
2016-01-05,14.18,14.35,13.98,14.21,11.9525543917,290057,0.0000,1.0
2016-01-04,14.2,14.4,13.9,14.14,11.8936748134,446957,0.0000,1.0
2015-12-31,14.94,15.23,14.21,14.37,12.087136285,502904,0.0000,1.0
2015-12-30,14.42,15.22,14.42,14.96,12.5834070162,466522,0.0000,1.0
2015-12-29,14.85,15.0,14.12,14.63,12.3058318614,238317,0.0000,1.0
2015-12-28,15.11,15.1999,14.755,14.85,12.4908819646,173146,0.0000,1.0
2015-12-24,15.15,15.34,15.07,15.26,12.835748066,60047,0.0000,1.0
2015-12-23,15.37,15.6003,15.01,15.22,12.8021025927,164367,0.0000,1.0
2015-12-22,14.72,15.12,14.46,15.08,12.6843434361,194332,0.0000,1.0
2015-12-21,14.45,14.89,14.24,14.76,12.4151796497,308799,0.0000,1.0
2015-12-18,14.62,14.62,13.97,14.18,11.9273202868,876191,0.0000,1.0
2015-12-17,14.86,14.91,14.51,14.6,12.2805977565,233963,0.0000,1.0
2015-12-16,15.38,15.43,14.75,14.94,12.5665842796,283285,0.0000,1.0
2015-12-15,15.32,15.47,14.97,15.44,12.9871526959,348530,0.0000,1.0
2015-12-14,14.98,15.326,14.8201,15.13,12.7264002778,322408,0.0000,1.0
2015-12-11,15.28,15.3499,14.89,14.93,12.5581729112,263507,0.0000,1.0
2015-12-10,15.45,15.77,15.31,15.65,13.1637914307,277471,0.0000,1.0
2015-12-09,15.35,15.81,15.35,15.47,13.0123868008,234072,0.0000,1.0
2015-12-08,15.23,15.69,15.15,15.27,12.8441594343,245064,0.0000,1.0
2015-12-07,16.03,16.03,15.36,15.52,13.0544436425,277016,0.0000,1.0
2015-12-04,16.32,16.38,16.0,16.21,13.634828057,190642,0.0000,1.0
2015-12-03,16.73,16.76,16.14,16.37,13.7694099502,239917,0.0000,1.0
2015-12-02,16.73,16.93,16.53,16.59,13.9544600534,247124,0.0000,1.0
2015-12-01,16.61,16.91,16.47,16.87,14.1899783665,263398,0.0000,1.0
2015-11-30,16.41,16.79,16.19,16.51,13.8871691068,327860,0.0000,1.0
2015-11-27,15.94,16.5,15.94,16.4,13.7946440552,109456,0.0000,1.0
2015-11-25,15.94,16.27,15.71,16.08,13.5254802688,354854,0.0000,1.0
2015-11-24,15.36,16.29,14.88,16.08,13.5254802688,1021681,0.0000,1.0
2015-11-23,14.61,14.81,14.32,14.34,12.06190218,376451,0.0000,1.0
2015-11-20,14.87,15.18,14.65,14.67,12.3394773347,290862,0.0000,1.0
2015-11-19,15.05,15.37,14.52,14.81,12.4572364913,443642,0.0000,1.0
2015-11-18,15.12,15.3,14.88,15.16,12.7516343827,397659,0.0000,1.0
2015-11-17,15.47,15.66,14.51,14.76,12.4151796497,499681,0.0000,1.0
2015-11-16,15.15,15.7,15.15,15.56,13.0880891158,252213,0.0000,1.0
2015-11-13,15.21,15.52,15.01,15.14,12.7348116461,557287,0.0000,1.0
2015-11-12,16.05,16.35,15.19,15.28,12.8525708026,497569,0.0000,1.0
2015-11-11,16.66,16.69,16.275,16.4,13.7946440552,204650,0.0000,1.0
2015-11-10,16.68,16.842,16.52,16.59,13.9544600534,190923,0.0000,1.0
2015-11-09,17.02,17.27,16.54,16.68,14.0301623683,236046,0.0000,1.0
2015-11-06,16.5,17.4,16.13,17.11,14.3918512064,299943,0.0000,1.0
2015-11-05,16.57,16.84,16.31,16.65,14.0049282634,291020,0.1875,1.0
2015-11-04,17.08,17.2,16.49,16.8,13.9737368864,249903,0.0000,1.0
2015-11-03,17.51,17.81,17.08,17.19,14.298127207,290208,0.0000,1.0
2015-11-02,16.8,17.74,16.8,17.45,14.5143874207,543104,0.0000,1.0
2015-10-30,16.87,17.13,16.45,16.86,14.0236430895,298435,0.0000,1.0
2015-10-29,16.43,16.95,16.43,16.71,13.8988775816,299626,0.0000,1.0
2015-10-28,16.4,16.86,15.842,16.61,13.8157005764,775939,0.0000,1.0
2015-10-27,16.51,17.01,16.07,16.36,13.6077580632,280618,0.0000,1.0
2015-10-26,16.69,16.77,15.97,16.2,13.4746748547,367867,0.0000,1.0
2015-10-23,17.18,17.36,16.61,16.85,14.015325389,334566,0.0000,1.0
2015-10-22,16.76,17.34,16.76,17.13,14.2482210038,307574,0.0000,1.0
2015-10-21,17.09,17.41,16.61,16.64,13.8406536779,251990,0.0000,1.0
2015-10-20,16.66,17.095,16.52,17.08,14.2066325012,422337,0.0000,1.0
2015-10-19,17.39,17.44,16.73,16.83,13.998689988,365530,0.0000,1.0
2015-10-16,17.64,17.76,17.0601,17.6,14.6391529286,431865,0.0000,1.0
2015-10-15,17.21,17.67,17.06,17.58,14.6225175275,275371,0.0000,1.0
2015-10-14,17.38,17.66,17.13,17.25,14.3480334101,275360,0.0000,1.0
2015-10-13,16.9,17.64,16.7,17.37,14.4478458165,407623,0.0000,1.0
2015-10-12,17.21,17.22,16.7,17.1,14.2232679022,433697,0.0000,1.0
2015-10-09,17.25,17.4,16.97,17.22,14.3230803085,506609,0.0000,1.0
2015-10-08,16.99,17.25,16.71,17.07,14.1983148006,453894,0.0000,1.0
2015-10-07,16.94,17.53,16.9,16.99,14.1317731964,761346,0.0000,1.0
2015-10-06,15.95,16.96,15.89,16.76,13.9404660843,677556,0.0000,1.0
2015-10-05,15.4,15.94,15.2615,15.84,13.1752376357,473387,0.0000,1.0
2015-10-02,14.56,15.43,14.35,15.4,12.8092588125,486788,0.0000,1.0
2015-10-01,13.81,15.35,13.81,14.66,12.1937489735,1080626,0.0000,1.0
2015-09-30,13.58,13.68,13.2,13.54,11.2621665144,375092,0.0000,1.0
2015-09-29,13.68,13.92,13.37,13.44,11.1789895091,389687,0.0000,1.0
2015-09-28,12.81,13.67,12.64,13.63,11.3370258191,667094,0.0000,1.0
2015-09-25,12.95,13.11,12.78,12.94,10.7631044827,383446,0.0000,1.0
2015-09-24,12.85,13.23,12.8,12.91,10.7381513811,1247418,0.0000,1.0
2015-09-23,13.93,13.98,13.06,13.11,10.9045053917,601957,0.0000,1.0
2015-09-22,14.19,14.22,13.54,13.81,11.4867444286,871471,0.0000,1.0
2015-09-21,14.69,14.8825,14.33,14.47,12.0357126634,376641,0.0000,1.0
2015-09-18,14.78,14.85,14.4317,14.63,12.1687958719,520751,0.0000,1.0
2015-09-17,15.31,15.45,14.85,15.0,12.4765507914,506197,0.0000,1.0
2015-09-16,15.79,16.03,15.22,15.43,12.8342119141,715094,0.0000,1.0
2015-09-15,15.9,16.11,15.79,16.0,13.3083208442,346122,0.0000,1.0
2015-09-14,16.03,16.04,15.525,15.83,13.1669199352,436788,0.0000,1.0
2015-09-11,15.73,16.21,15.59,16.17,13.4497217531,463697,0.0000,1.0
2015-09-10,15.8,15.915,15.35,15.73,13.0837429299,363864,0.0000,1.0
2015-09-09,16.53,16.55,15.76,15.9,13.2251438389,219823,0.0000,1.0
2015-09-08,16.2,16.5,16.025,16.32,13.5744872611,236255,0.0000,1.0
2015-09-04,16.63,16.71,15.65,16.0,13.3083208442,334489,0.0000,1.0
2015-09-03,17.12,17.68,16.8,16.9,14.0569138917,430900,0.0000,1.0
2015-09-02,16.84,17.14,16.61,16.95,14.0985023943,264361,0.0000,1.0
2015-09-01,16.75,17.15,16.5,16.68,13.87392448,449405,0.0000,1.0
2015-08-31,16.64,17.5,16.44,17.31,14.3979396133,280236,0.0000,1.0
2015-08-28,16.72,17.13,16.57,16.79,13.9654191858,393313,0.0000,1.0
2015-08-27,15.98,16.94,15.93,16.78,13.9571014853,299478,0.0000,1.0
2015-08-26,15.88,15.91,15.405,15.89,13.2168261384,380366,0.0000,1.0
2015-08-25,16.57,16.57,15.57,15.59,12.9672951225,563647,0.0000,1.0
2015-08-24,15.63,16.53,15.46,16.1,13.3914978494,728607,0.0000,1.0
2015-08-21,16.12,16.7,16.05,16.54,13.7574766727,479618,0.0000,1.0
2015-08-20,16.59,16.72,16.34,16.44,13.6742996674,525704,0.0000,1.0
2015-08-19,16.92,17.01,16.42,16.55,13.7657943732,590873,0.0000,1.0
2015-08-18,17.23,17.48,16.6801,17.06,14.1899971001,712805,0.0000,1.0
2015-08-17,16.69,17.48,16.52,17.43,14.4977520196,560287,0.0000,1.0
2015-08-14,15.56,16.74,15.56,16.65,13.8489713785,399660,0.0000,1.0
2015-08-13,16.0,16.268,15.44,15.51,12.9007535183,242196,0.0000,1.0
2015-08-12,16.25,16.344,15.77,15.95,13.2667323415,331203,0.0000,1.0
2015-08-11,16.59,16.928,16.08,16.19,13.4663571542,399605,0.0000,1.0
2015-08-10,16.27,16.91,15.92,16.84,14.0070076885,269880,0.0000,1.0
2015-08-07,16.21,16.78,16.09,16.29,13.5495341595,431905,0.0000,1.0
2015-08-06,15.7,16.38,15.5,16.33,13.5828049616,327936,0.1875,1.0
2015-08-05,15.81,16.31,15.63,15.9,13.0750173385,290484,0.0000,1.0
2015-08-04,15.72,16.01,15.47,15.6,12.8283188982,345570,0.0000,1.0
2015-08-03,15.65,15.876,15.16,15.54,12.7789792101,464422,0.0000,1.0
2015-07-31,16.27,16.47,15.64,15.71,12.918774993,524990,0.0000,1.0
2015-07-30,16.86,16.9089,16.11,16.21,13.3299390602,512048,0.0000,1.0
2015-07-29,16.78,16.97,16.51,16.85,13.8562290663,314932,0.0000,1.0
2015-07-28,16.54,16.84,16.26,16.73,13.7575496902,457822,0.0000,1.0
2015-07-27,16.01,16.63,15.8,16.37,13.4615115617,543139,0.0000,1.0
2015-07-24,16.51,16.51,15.8,16.25,13.3628321856,926338,0.0000,1.0
2015-07-23,17.0,17.3,16.46,16.56,13.6177539073,733365,0.0000,1.0
2015-07-22,16.78,17.05,16.39,17.05,14.0206946932,500637,0.0000,1.0
2015-07-21,16.81,17.15,16.59,16.92,13.9137920357,430038,0.0000,1.0
2015-07-20,16.63,16.69,16.02,16.67,13.7082100021,622678,0.0000,1.0
2015-07-17,17.15,17.22,16.36,16.69,13.7246565648,540688,0.0000,1.0
2015-07-16,17.67,17.87,16.95,17.11,14.0700343813,485964,0.0000,1.0
2015-07-15,18.42,18.63,17.5,17.52,14.4071889164,589586,0.0000,1.0
2015-07-14,18.34,18.5,17.8,18.48,15.1966239255,444031,0.0000,1.0
2015-07-13,18.22,18.7,18.09,18.28,15.0321582986,414729,0.0000,1.0
2015-07-10,18.67,18.92,18.2,18.22,14.9828186106,255972,0.0000,1.0
2015-07-09,18.89,19.2,18.42,18.47,15.1884006442,415180,0.0000,1.0
2015-07-08,18.47,18.79,17.853,18.62,15.3117498644,755777,0.0000,1.0
2015-07-07,19.75,19.89,19.13,19.3,15.8709329958,667362,0.0000,1.0
2015-07-06,19.47,20.28,19.4,19.75,16.2409806563,1144077,0.0000,1.0
2015-07-02,19.2,19.85,18.97,19.58,16.1011848735,927974,0.0000,1.0
2015-07-01,19.12,20.65,18.85,19.82,16.2985436258,1876837,0.0000,1.0
2015-06-30,18.51,18.9299,16.58,17.47,14.3660725097,1090507,0.0000,1.0
2015-06-29,19.56,19.67,18.23,19.27,15.8462631518,619533,0.0000,1.0
2015-06-26,19.03,19.8571,18.72,19.83,16.3067669071,705286,0.0000,1.0
2015-06-25,19.23,19.24,18.7,18.93,15.5666715861,186004,0.0000,1.0
2015-06-24,19.26,19.27,19.03,19.23,15.8133700264,172710,0.0000,1.0
2015-06-23,18.72,19.34,18.59,19.26,15.8380398704,209834,0.0000,1.0
2015-06-22,19.05,19.05,18.62,18.78,15.4433223659,306074,0.0000,1.0
2015-06-19,18.47,19.11,18.34,19.06,15.6735742435,444628,0.0000,1.0
2015-06-18,18.38,18.75,18.17,18.59,15.2870800203,190302,0.0000,1.0
2015-06-17,19.0,19.0,18.135,18.39,15.1226143934,169014,0.0000,1.0
2015-06-16,18.49,18.94,18.27,18.89,15.5337784607,240409,0.0000,1.0
2015-06-15,18.29,18.55,17.89,18.53,15.2377403323,302525,0.0000,1.0
2015-06-12,18.2,18.565,17.91,18.51,15.2212937696,235193,0.0000,1.0
2015-06-11,18.27,18.33,17.96,18.3,15.0486048613,267477,0.0000,1.0
2015-06-10,18.18,18.6548,17.98,18.31,15.0568281427,205143,0.0000,1.0
2015-06-09,18.2,18.38,17.95,17.99,14.7936831396,202337,0.0000,1.0
2015-06-08,18.65,18.65,17.845,18.18,14.9499254852,298134,0.0000,1.0
2015-06-05,18.65,18.67,18.3,18.63,15.3199731457,161225,0.0000,1.0
2015-06-04,18.73,18.9,18.5,18.78,15.4433223659,182635,0.0000,1.0
2015-06-03,18.65,19.0,18.59,18.86,15.5091086166,365163,0.0000,1.0
2015-06-02,18.22,18.75,18.22,18.67,15.3528662711,241372,0.0000,1.0
2015-06-01,17.94,18.2,17.5,18.19,14.9581487665,337993,0.0000,1.0
2015-05-29,18.08,18.12,17.79,17.91,14.7278968889,227805,0.0000,1.0
2015-05-28,18.4,18.562,17.83,18.14,14.9170323598,238212,0.0000,1.0
2015-05-27,18.65,18.8,18.23,18.45,15.1719540815,193580,0.0000,1.0
2015-05-26,19.3,19.3,18.295,18.63,15.3199731457,320689,0.0000,1.0
2015-05-22,18.71,19.025,18.6,18.96,15.5913414301,363871,0.0000,1.0
2015-05-21,19.15,19.2789,18.53,18.68,15.3610895524,306240,0.0000,1.0
2015-05-20,18.94,19.26,18.69,19.19,15.780476901,243708,0.0000,1.0
2015-05-19,19.14,19.276,18.491,18.9,15.542001742,403844,0.0000,1.0
2015-05-18,18.1,19.24,17.83,19.2,15.7887001824,722421,0.0000,1.0
2015-05-15,17.5,17.65,17.26,17.54,14.4236354791,223672,0.0000,1.0
2015-05-14,17.53,17.82,17.32,17.48,14.374295791,325087,0.0000,1.0
2015-05-13,17.35,17.46,17.09,17.43,14.3331793843,300874,0.0000,1.0
2015-05-12,17.76,17.76,17.06,17.29,14.2180534455,325122,0.0000,1.0
2015-05-11,17.14,17.99,17.14,17.75,14.5963243873,316390,0.0000,1.0
2015-05-08,17.26,17.29,16.98,17.07,14.0371412559,353690,0.0000,1.0
2015-05-07,16.95,17.06,16.53,17.02,13.9960248492,471130,0.1875,1.0
2015-05-06,17.36,17.575,17.03,17.09,13.9004541434,387970,0.0000,1.0
2015-05-05,17.11,17.54,17.11,17.26,14.0387266539,331967,0.0000,1.0
2015-05-04,17.07,17.52,17.07,17.16,13.957389883,219064,0.0000,1.0
2015-05-01,17.53,17.7199,16.98,17.14,13.9411225288,368978,0.0000,1.0
2015-04-30,17.09,17.68,16.82,17.42,14.1688654873,509486,0.0000,1.0
2015-04-29,17.08,17.21,16.751,17.1,13.9085878205,338638,0.0000,1.0
2015-04-28,16.84,17.34,16.74,17.21,13.9980582684,382536,0.0000,1.0
2015-04-27,17.0,17.13,16.67,16.77,13.6401764766,540289,0.0000,1.0
2015-04-24,16.04,16.94,16.04,16.88,13.7296469245,626191,0.0000,1.0
2015-04-23,15.42,16.05,15.42,15.94,12.9650812783,481311,0.0000,1.0
2015-04-22,15.61,15.66,15.26,15.46,12.574664778,298802,0.0000,1.0
2015-04-21,15.87,16.08,15.54,15.59,12.6804025802,261156,0.0000,1.0
2015-04-20,15.87,16.12,15.822,15.9,12.9325465699,339746,0.0000,1.0
2015-04-17,15.76,16.05,15.6001,15.86,12.9000118616,461656,0.0000,1.0
2015-04-16,16.17,16.23,15.88,15.89,12.9244128928,410477,0.0000,1.0
2015-04-15,15.6,16.36,15.5,16.16,13.1440221742,634802,0.0000,1.0
2015-04-14,15.25,15.62,15.2151,15.52,12.6234668406,618246,0.0000,1.0
2015-04-13,15.46,15.54,15.06,15.15,12.3225207883,439334,0.0000,1.0
2015-04-10,15.54,15.69,15.51,15.51,12.6153331635,310153,0.0000,1.0
2015-04-09,15.77,15.77,15.45,15.56,12.6560015489,475187,0.0000,1.0
2015-04-08,16.22,16.526,15.29,15.65,12.7292046427,762509,0.0000,1.0
2015-04-07,15.5,16.94,15.4,16.25,13.217225268,721729,0.0000,1.0
2015-04-06,16.31,16.33,15.96,16.03,13.0382843721,406200,0.0000,1.0
2015-04-02,15.83,16.41,15.83,16.33,13.2822946847,410960,0.0000,1.0
2015-04-01,15.77,16.18,15.77,15.89,12.9244128928,383721,0.0000,1.0
2015-03-31,15.66,15.93,15.3,15.86,12.9000118616,374078,0.0000,1.0
2015-03-30,15.39,15.79,15.24,15.74,12.8024077365,423285,0.0000,1.0
2015-03-27,15.34,15.46,15.2,15.27,12.4201249134,382127,0.0000,1.0
2015-03-26,15.5,15.8,15.25,15.37,12.5014616842,463696,0.0000,1.0
2015-03-25,15.68,15.935,15.5,15.54,12.6397341947,451111,0.0000,1.0
2015-03-24,15.72,15.81,15.58,15.6,12.6885362573,471636,0.0000,1.0
2015-03-23,15.6,15.93,15.575,15.73,12.7942740594,630262,0.0000,1.0
2015-03-20,16.0,16.11,15.53,15.61,12.6966699344,1003785,0.0000,1.0
2015-03-19,16.3,16.3,15.84,15.9,12.9325465699,260672,0.0000,1.0
2015-03-18,15.51,16.6205,15.455,16.37,13.314829393,350321,0.0000,1.0
2015-03-17,15.61,15.71,15.38,15.63,12.7129372885,268693,0.0000,1.0
2015-03-16,16.3,16.42,15.46,15.53,12.6316005177,385131,0.0000,1.0
2015-03-13,16.51,16.56,15.97,16.31,13.2660273305,224872,0.0000,1.0
2015-03-12,16.44,16.65,16.2,16.59,13.493770289,251712,0.0000,1.0
2015-03-11,16.0,16.29,15.815,16.28,13.2416262993,282219,0.0000,1.0
2015-03-10,16.02,16.31,15.83,15.99,13.0057496637,293346,0.0000,1.0
2015-03-09,16.68,16.715,16.25,16.29,13.2497599763,251983,0.0000,1.0
2015-03-06,16.38,16.69,16.14,16.56,13.4693692577,403536,0.0000,1.0
2015-03-05,16.27,16.49,15.97,16.44,13.3717651327,253169,0.0000,1.0
2015-03-04,15.6,16.2925,15.51,16.25,13.217225268,472038,0.0000,1.0
2015-03-03,16.0,16.1,15.63,15.64,12.7210709656,425498,0.0000,1.0
2015-03-02,15.7,16.08,15.53,16.0,13.0138833408,567299,0.0000,1.0
2015-02-27,16.05,16.11,15.69,15.7,12.7698730282,515236,0.0000,1.0
2015-02-26,15.94,16.06,15.81,16.06,13.0626854033,432061,0.0000,1.0
2015-02-25,15.95,16.01,15.81,15.93,12.9569476012,462300,0.0000,1.0
2015-02-24,16.1,16.21,15.75,15.93,12.9569476012,525202,0.0000,1.0
2015-02-23,16.25,16.42,15.9,16.07,13.0708190804,457198,0.0000,1.0
2015-02-20,16.24,16.46,16.02,16.36,13.306695716,605464,0.0000,1.0
2015-02-19,16.6,16.625,16.24,16.24,13.2090915909,606105,0.0000,1.0
2015-02-18,16.77,17.0,16.58,16.64,13.5344386744,364139,0.0000,1.0
2015-02-17,17.2,17.3,16.72,16.75,13.6239091224,570291,0.0000,1.0
2015-02-13,17.2,17.4682,17.15,17.19,13.9817909143,604672,0.0000,1.0
2015-02-12,17.27,17.44,17.06,17.15,13.9492562059,372338,0.0000,1.0
2015-02-11,17.09,17.41,16.78,17.19,13.9817909143,557133,0.0000,1.0
2015-02-10,17.59,17.59,16.94,17.18,13.9736572372,620979,0.0000,1.0
2015-02-09,17.04,17.85,17.04,17.59,14.3071379978,313057,0.0000,1.0
2015-02-06,17.04,17.6,16.94,17.03,13.8516520809,499781,0.0000,1.0
2015-02-05,16.83,17.317,16.82,17.1,13.9085878205,385628,0.1875,1.0
2015-02-04,17.51,17.51,16.775,16.96,13.6450990273,372747,0.0000,1.0
2015-02-03,16.84,17.66,16.57,17.62,14.1760993433,437902,0.0000,1.0
2015-02-02,16.89,17.208,16.37,16.54,13.3071897354,386811,0.0000,1.0
2015-01-30,16.71,17.2,16.57,16.88,13.5807353527,368422,0.0000,1.0
2015-01-29,16.65,16.91,16.34,16.89,13.588780812,395463,0.0000,1.0
2015-01-28,16.69,16.925,16.38,16.61,13.3635079507,406023,0.0000,1.0
2015-01-27,16.28,16.7,16.25,16.49,13.2669624387,261799,0.0000,1.0
2015-01-26,16.8,16.918,16.33,16.53,13.2991442761,364153,0.0000,1.0
2015-01-23,17.16,17.16,16.5,16.77,13.4922353,366471,0.0000,1.0
2015-01-22,16.74,17.278,16.67,17.16,13.806008214,387058,0.0000,1.0
2015-01-21,16.96,17.235,16.5,16.68,13.419826166,286588,0.0000,1.0
2015-01-20,17.04,17.0499,16.45,16.94,13.6290081087,458102,0.0000,1.0
2015-01-16,17.28,17.58,16.74,17.02,13.6933717833,392307,0.0000,1.0
2015-01-15,17.79,17.89,17.04,17.32,13.9347355633,352725,0.0000,1.0
2015-01-14,17.34,17.74,17.26,17.67,14.2163266399,403810,0.0000,1.0
2015-01-13,17.91,18.08,17.354,17.6,14.1600084246,782944,0.0000,1.0
2015-01-12,18.17,18.25,17.08,17.83,14.3450539892,765896,0.0000,1.0
2015-01-09,20.39,20.5,18.2,18.25,14.6829632812,957406,0.0000,1.0
2015-01-08,20.08,20.74,19.3,19.94,16.0426459083,477940,0.0000,1.0
2015-01-07,20.36,20.56,19.918,20.49,16.4851461716,471895,0.0000,1.0
2015-01-06,20.16,20.28,19.329,19.86,15.9782822337,524695,0.0000,1.0
2015-01-05,21.49,21.74,19.9,20.26,16.300100607,731624,0.0000,1.0
2015-01-02,22.65,22.85,21.59,22.01,17.7080559901,398570,0.0000,1.0
2014-12-31,23.0,23.05,22.49,22.56,18.1505562534,245902,0.0000,1.0
2014-12-30,22.88,23.41,22.75,22.91,18.43214733,284328,0.0000,1.0
2014-12-29,22.71,23.09,22.51,22.89,18.4160564113,166738,0.0000,1.0
2014-12-26,22.68,22.97,22.45,22.7,18.263192684,89438,0.0000,1.0
2014-12-24,22.42,22.65,22.2,22.55,18.142510794,62358,0.0000,1.0
2014-12-23,22.26,22.64,22.0,22.42,18.0379198227,183077,0.0000,1.0
2014-12-22,22.86,23.0,21.92,22.06,17.7482832867,232472,0.0000,1.0
2014-12-19,22.37,23.09,22.25,22.96,18.4723746266,364795,0.0000,1.0
2014-12-18,22.59,22.87,21.83,22.37,17.997692526,206708,0.0000,1.0
2014-12-17,21.89,22.6,21.89,22.35,17.9816016074,371277,0.0000,1.0
2014-12-16,22.02,22.73,21.9,22.04,17.7321923681,294804,0.0000,1.0
2014-12-15,22.32,22.43,21.76,21.98,17.6839196121,271054,0.0000,1.0
2014-12-12,22.92,22.92,22.12,22.25,17.9011470141,307123,0.0000,1.0
2014-12-11,23.43,23.755,23.0301,23.28,18.7298293253,286891,0.0000,1.0
2014-12-10,23.47,24.04,23.19,23.4,18.8263748373,400727,0.0000,1.0
2014-12-09,22.55,23.99,22.41,23.67,19.0436022392,300099,0.0000,1.0
2014-12-08,22.63,23.01,22.48,22.92,18.4401927893,274691,0.0000,1.0
2014-12-05,22.54,23.3,22.51,22.78,18.3275563587,254983,0.0000,1.0
2014-12-04,23.0,23.0,22.34,22.56,18.1505562534,236546,0.0000,1.0
2014-12-03,22.42,23.22,22.06,22.76,18.31146544,284425,0.0000,1.0
2014-12-02,22.11,22.58,21.905,22.3,17.9413743107,269212,0.0000,1.0
2014-12-01,22.71,22.71,22.11,22.24,17.8931015547,326032,0.0000,1.0
2014-11-28,23.23,23.28,22.62,22.8,18.3436472773,152588,0.0000,1.0
2014-11-26,24.07,24.17,23.33,23.36,18.7941929999,186427,0.0000,1.0
2014-11-25,23.61,24.12,23.39,24.02,19.3251933158,168529,0.0000,1.0
2014-11-24,23.75,23.93,23.3701,23.64,19.0194658612,248463,0.0000,1.0
2014-11-21,23.79,24.14,23.5201,23.67,19.0436022392,177551,0.0000,1.0
2014-11-20,22.76,23.47,22.7101,23.35,18.7861475406,133012,0.0000,1.0
2014-11-19,24.08,24.1,22.85,22.99,18.4965110046,344821,0.0000,1.0
2014-11-18,24.0,24.58,23.94,24.25,19.5102388805,232530,0.0000,1.0
2014-11-17,24.44,24.44,23.75,24.01,19.3171478565,191453,0.0000,1.0
2014-11-14,23.92,24.7,23.782,24.46,19.6791935265,197904,0.0000,1.0
2014-11-13,24.26,24.436,23.785,23.89,19.2206023445,211289,0.0000,1.0
2014-11-12,23.42,24.16,23.42,24.16,19.4378297465,209054,0.0000,1.0
2014-11-11,23.57,23.74,23.27,23.63,19.0114204019,329904,0.0000,1.0
2014-11-10,24.5,24.7445,23.58,23.68,19.0516476986,339644,0.0000,1.0
2014-11-07,23.74,24.58,23.74,24.46,19.6791935265,300776,0.0000,1.0
2014-11-06,23.53,23.81,23.41,23.65,19.0275113206,177458,0.1875,1.0
2014-11-05,23.58,24.11,23.25,23.83,19.0215246888,219340,0.0000,1.0
2014-11-04,23.63,23.77,23.25,23.5,18.7581128907,253111,0.0000,1.0
2014-11-03,23.48,24.14,23.2801,23.77,18.9736316346,248406,0.0000,1.0
2014-10-31,23.46,23.67,23.03,23.55,18.7980237692,388923,0.0000,1.0
2014-10-30,22.8,23.48,22.8,23.33,18.6224159039,392731,0.0000,1.0
2014-10-29,23.21,23.58,22.56,22.99,18.3510219301,469606,0.0000,1.0
2014-10-28,22.56,23.45,21.77,23.07,18.4148793357,717319,0.0000,1.0
2014-10-27,22.35,22.56,22.13,22.36,17.8481448611,459491,0.0000,1.0
2014-10-24,22.71,23.04,22.44,22.59,18.0317349022,276390,0.0000,1.0
2014-10-23,22.79,23.01,22.44,22.61,18.0476992536,277364,0.0000,1.0
2014-10-22,22.84,23.2,22.33,22.46,17.9279666181,280570,0.0000,1.0
2014-10-21,22.8,23.46,22.61,22.84,18.2312892947,322620,0.0000,1.0
2014-10-20,22.3,22.87,22.23,22.75,18.1594497134,179389,0.0000,1.0
2014-10-17,22.78,22.99,22.26,22.34,17.8321805098,195781,0.0000,1.0
2014-10-16,21.86,23.11,21.86,22.52,17.9758596723,324890,0.0000,1.0
2014-10-15,22.04,23.0987,21.61,22.27,17.7763052799,361308,0.0000,1.0
2014-10-14,22.11,22.95,22.11,22.33,17.8241983341,388474,0.0000,1.0
2014-10-13,21.93,22.37,21.77,21.92,17.4969291304,570211,0.0000,1.0
2014-10-10,21.53,22.26,21.502,21.84,17.4330717248,308274,0.0000,1.0
2014-10-09,22.41,22.41,21.41,21.63,17.2654460352,306971,0.0000,1.0
2014-10-08,22.27,22.59,21.49,22.49,17.9519131452,604627,0.0000,1.0
2014-10-07,22.85,23.0,22.23,22.31,17.8082339827,417207,0.0000,1.0
2014-10-06,23.6,24.124,23.04,23.055,18.4029060722,384730,0.0000,1.0
2014-10-03,23.74,24.07,23.25,23.4,18.6782911338,442931,0.0000,1.0
2014-10-02,24.0,24.15,23.25,23.67,18.8938098776,504602,0.0000,1.0
2014-10-01,24.11,24.22,23.85,23.94,19.1093286215,465060,0.0000,1.0
2014-09-30,24.0,24.405,23.5,24.05,19.1971325541,890886,0.0000,1.0
2014-09-29,23.24,23.45,22.72,22.78,18.1833962405,383208,0.0000,1.0
2014-09-26,23.5,23.78,23.14,23.54,18.7900415935,424806,0.0000,1.0
2014-09-25,24.08,24.25,23.51,23.58,18.8219702963,283384,0.0000,1.0
2014-09-24,24.89,25.15,24.04,24.25,19.3567760681,222482,0.0000,1.0
2014-09-23,24.95,25.33,24.77,24.77,19.7718492044,197200,0.0000,1.0
2014-09-22,25.02,25.08,24.7,24.95,19.915528367,225900,0.0000,1.0
2014-09-19,25.77,25.795,25.052,25.23,20.1390292865,223300,0.0000,1.0
2014-09-18,25.97,26.06,25.58,25.72,20.5301558957,142000,0.0000,1.0
2014-09-17,25.61,26.0,25.56,25.76,20.5620845985,197900,0.0000,1.0
2014-09-16,25.24,25.3662,25.01,25.2,20.1150827594,275400,0.0000,1.0
2014-09-15,25.7,25.87,25.3582,25.38,20.258761922,211100,0.0000,1.0
2014-09-12,26.16,26.17,25.65,25.72,20.5301558957,105900,0.0000,1.0
2014-09-11,26.07,26.26,25.82,26.2,20.9133003293,219200,0.0000,1.0
2014-09-10,26.55,26.62,26.05,26.3,20.9931220862,138700,0.0000,1.0
2014-09-09,26.9,26.96,26.52,26.59,21.2246051815,179300,0.0000,1.0
2014-09-08,26.96,27.08,26.65,26.86,21.4401239253,177100,0.0000,1.0
2014-09-05,26.88,27.12,26.632,27.02,21.5678387365,238600,0.0000,1.0
2014-09-04,27.28,27.67,26.83,26.96,21.5199456823,346500,0.0000,1.0
2014-09-03,27.92,28.23,27.23,27.25,21.7514287776,325100,0.0000,1.0
2014-09-02,27.82,27.91,27.51,27.64,22.0627336298,122600,0.0000,1.0
2014-08-29,27.76,27.86,27.42,27.69,22.1026445083,105500,0.0000,1.0
2014-08-28,28.04,28.44,27.584,27.71,22.1186088597,164800,0.0000,1.0
2014-08-27,28.26,28.37,27.86,28.12,22.4458780633,206300,0.0000,1.0
2014-08-26,27.66,28.23,27.5475,28.21,22.5177176446,218800,0.0000,1.0
2014-08-25,27.81,28.02,27.48,27.68,22.0946623326,228700,0.0000,1.0
2014-08-22,27.67,27.88,27.4,27.73,22.1345732111,230500,0.0000,1.0
2014-08-21,27.29,27.7,26.98,27.69,22.1026445083,264700,0.0000,1.0
2014-08-20,27.52,27.56,27.17,27.35,21.8312505345,262700,0.0000,1.0
2014-08-19,27.73,27.92,27.34,27.62,22.0467692784,241500,0.0000,1.0
2014-08-18,27.52,27.9,27.35,27.66,22.0786979812,221500,0.0000,1.0
2014-08-15,27.51,27.54,26.98,27.29,21.7833574804,176700,0.0000,1.0
2014-08-14,27.14,27.52,26.94,27.25,21.7514287776,107500,0.0000,1.0
2014-08-13,26.75,27.11,26.53,27.05,21.5917852636,157300,0.0000,1.0
2014-08-12,26.89,27.0,26.42,26.77,21.368284344,134400,0.0000,1.0
2014-08-11,27.04,27.39,26.95,26.98,21.5359100337,121900,0.0000,1.0
2014-08-08,26.77,27.11,26.4725,26.92,21.4880169795,175100,0.0000,1.0
2014-08-07,26.65,26.89,26.29,26.83,21.4161773982,238300,0.1875,1.0
2014-08-06,26.74,27.24,26.59,26.77,21.2199895975,149900,0.0000,1.0
2014-08-05,26.75,27.07,26.6,26.85,21.2834038361,185900,0.0000,1.0
2014-08-04,26.74,27.09,26.29,26.94,21.3547448546,190200,0.0000,1.0
2014-08-01,26.69,26.99,26.2,26.64,21.1169414598,232900,0.0000,1.0
2014-07-31,27.08,27.2225,26.5,26.71,21.1724289186,243000,0.0000,1.0
2014-07-30,27.26,27.78,27.23,27.41,21.7273035065,205900,0.0000,1.0
2014-07-29,27.08,27.2,26.78,27.04,21.4340126528,248100,0.0000,1.0
2014-07-28,27.44,27.55,26.87,26.99,21.3943787537,168100,0.0000,1.0
2014-07-25,27.15,27.47,27.15,27.42,21.7352302863,128000,0.0000,1.0
2014-07-24,27.76,27.89,27.24,27.36,21.6876696073,266100,0.0000,1.0
2014-07-23,27.36,27.94,27.13,27.7,21.9571801214,395600,0.0000,1.0
2014-07-22,27.62,27.95,27.28,27.41,21.7273035065,308700,0.0000,1.0
2014-07-21,27.0,27.58,27.0,27.38,21.703523167,402500,0.0000,1.0
2014-07-18,26.42,27.18,26.42,27.01,21.4102323134,278500,0.0000,1.0
2014-07-17,26.42,26.83,26.29,26.52,21.0218201018,259700,0.0000,1.0
2014-07-16,26.33,26.75,26.14,26.65,21.1248682396,271200,0.0000,1.0
2014-07-15,26.7,26.77,25.86,26.15,20.7285292482,352100,0.0000,1.0
2014-07-14,27.06,27.08,26.38,26.64,21.1169414598,178400,0.0000,1.0
2014-07-11,26.19,26.96,26.17,26.82,21.2596234967,337700,0.0000,1.0
2014-07-10,26.13,26.81,25.98,26.295,20.8434675557,254100,0.0000,1.0
2014-07-09,26.8,26.93,26.51,26.6,21.0852343405,225600,0.0000,1.0
2014-07-08,26.95,27.164,26.56,26.67,21.1407217992,210600,0.0000,1.0
2014-07-07,26.93,27.1,26.58,26.97,21.3785251941,201200,0.0000,1.0
2014-07-03,26.89,27.3,26.66,27.18,21.5449875704,141500,0.0000,1.0
2014-07-02,26.55,27.04,26.55,26.72,21.1803556984,191200,0.0000,1.0
2014-07-01,26.24,26.7,26.094,26.6,21.0852343405,304000,0.0000,1.0
2014-06-30,25.74,26.28,25.33,26.07,20.6651150096,260100,0.0000,1.0
2014-06-27,26.24,26.27,25.73,25.84,20.4827990736,327200,0.0000,1.0
2014-06-26,26.09,26.83,25.35,26.57,21.061454001,783500,0.0000,1.0
2014-06-25,24.67,25.24,24.67,25.1,19.8962173664,401100,0.0000,1.0
2014-06-24,25.47,25.77,24.87,24.89,19.72975499,289400,0.0000,1.0
2014-06-23,25.8,26.02,25.57,25.57,20.2687760182,210900,0.0000,1.0
2014-06-20,25.78,26.08,25.6,25.91,20.5382865324,346200,0.0000,1.0
2014-06-19,25.91,26.1699,25.76,25.815,20.462982124,219600,0.0000,1.0
2014-06-18,25.59,25.92,25.46,25.86,20.4986526332,239700,0.0000,1.0
2014-06-17,24.99,25.59,24.86,25.58,20.2767027981,229700,0.0000,1.0
2014-06-16,25.74,25.86,25.0,25.06,19.8645102471,179600,0.0000,1.0
2014-06-13,25.36,25.82,25.24,25.68,20.3559705963,318600,0.0000,1.0
2014-06-12,25.38,25.47,25.05,25.24,20.0071922839,242400,0.0000,1.0
2014-06-11,25.23,25.69,25.23,25.52,20.2291421191,221900,0.0000,1.0
2014-06-10,25.12,25.33,24.89,25.3,20.0547529629,200200,0.0000,1.0
2014-06-09,25.14,25.52,24.99,25.11,19.9041441462,155100,0.0000,1.0
2014-06-06,24.95,25.18,24.866,25.09,19.8882905865,263900,0.0000,1.0
2014-06-05,24.57,25.12,24.46,24.98,19.8010960084,234900,0.0000,1.0
2014-06-04,25.0,25.0,24.13,24.56,19.4681712557,289100,0.0000,1.0
2014-06-03,24.59,24.9199,24.21,24.32,19.2779285398,251000,0.0000,1.0
2014-06-02,25.0,25.12,24.58,24.76,19.6267068522,283600,0.0000,1.0
2014-05-30,25.32,25.33,24.79,24.92,19.7535353295,233600,0.0000,1.0
2014-05-29,25.31,25.41,24.93,25.32,20.0706065226,134600,0.0000,1.0
2014-05-28,24.92,25.24,24.7,25.15,19.9358512655,411200,0.0000,1.0
2014-05-27,25.57,25.57,24.46,24.99,19.8090227883,398700,0.0000,1.0
2014-05-23,25.38,25.7,25.13,25.51,20.2212153393,367700,0.0000,1.0
2014-05-22,25.98,26.07,25.57,25.72,20.3876777157,115100,0.0000,1.0
2014-05-21,25.91,26.1,25.55,25.87,20.5065794131,236500,0.0000,1.0
2014-05-20,26.31,26.31,25.45,25.7,20.371824156,355700,0.0000,1.0
2014-05-19,26.13,26.65,26.08,26.45,20.966332643,223700,0.0000,1.0
2014-05-16,26.69,26.72,26.25,26.33,20.8712112851,241800,0.0000,1.0
2014-05-15,26.98,27.32,26.51,26.8,21.243769937,261200,0.0000,1.0
2014-05-14,27.75,27.9,27.1,27.11,21.4895001116,177300,0.0000,1.0
2014-05-13,27.82,28.12,27.71,27.76,22.0047408004,277700,0.0000,1.0
2014-05-12,27.23,27.98,27.21,27.79,22.0285211399,273700,0.0000,1.0
2014-05-09,26.77,27.03,26.51,26.99,21.3943787537,248600,0.0000,1.0
2014-05-08,27.01,27.31,26.82,26.93,21.3468180748,202200,0.1875,1.0
2014-05-07,27.11,27.36,26.9,27.18,21.3960178951,246000,0.0000,1.0
2014-05-06,27.44,27.69,27.06,27.1,21.333042125,174500,0.0000,1.0
2014-05-05,27.85,27.88,27.17,27.46,21.6164330905,219000,0.0000,1.0
2014-05-02,28.08,28.65,27.83,28.02,22.0572634813,171800,0.0000,1.0
2014-05-01,28.05,28.29,27.64,27.98,22.0257755963,255900,0.0000,1.0
2014-04-30,28.28,28.28,27.65,28.07,22.0966233376,222500,0.0000,1.0
2014-04-29,28.25,28.76,28.06,28.28,22.2619347342,180100,0.0000,1.0
2014-04-28,28.13,28.44,27.7,28.11,22.1281112227,233600,0.0000,1.0
2014-04-25,27.88,28.56,27.79,28.16,22.167471079,256700,0.0000,1.0
2014-04-24,28.19,28.27,27.79,27.95,22.0021596825,166800,0.0000,1.0
2014-04-23,27.86,28.32,27.86,28.0,22.0415195388,196000,0.0000,1.0
2014-04-22,27.96,28.21,27.62,27.87,21.9391839124,218600,0.0000,1.0
2014-04-21,27.76,28.19,27.38,27.8,21.8840801135,210600,0.0000,1.0
2014-04-17,28.13,28.345,27.77,27.81,21.8919520848,221000,0.0000,1.0
2014-04-16,28.41,28.5899,27.89,28.1,22.1202392514,165000,0.0000,1.0
2014-04-15,27.77,28.26,27.33,28.14,22.1517271365,503600,0.0000,1.0
2014-04-14,27.77,28.21,27.37,27.85,21.9234399698,370800,0.0000,1.0
2014-04-11,27.75,27.76,27.2,27.53,21.6715368894,264100,0.0000,1.0
2014-04-10,28.48,28.48,27.69,27.93,21.9864157399,325900,0.0000,1.0
2014-04-09,28.64,28.95,28.22,28.47,22.4115021882,258900,0.0000,1.0
2014-04-08,28.45,28.98,28.244,28.64,22.5453256997,232100,0.0000,1.0
2014-04-07,28.42,28.98,27.9208,28.33,22.3012945905,319800,0.0000,1.0
2014-04-04,29.5,29.53,28.18,28.53,22.4587340158,359300,0.0000,1.0
2014-04-03,28.16,30.04,27.9043,29.22,23.001900033,812000,0.0000,1.0
2014-04-02,27.71,28.25,27.53,28.1,22.1202392514,389800,0.0000,1.0
2014-04-01,28.9,29.1175,27.58,27.83,21.9076960273,513900,0.0000,1.0
2014-03-31,28.73,29.32,28.58,28.85,22.7106370962,350100,0.0000,1.0
2014-03-28,28.69,28.94,28.37,28.55,22.4744779583,153300,0.0000,1.0
2014-03-27,28.59,28.88,28.04,28.56,22.4823499296,270600,0.0000,1.0
2014-03-26,29.3,29.31,28.39,28.5,22.435118102,209400,0.0000,1.0
2014-03-25,29.16,29.56,29.04,29.19,22.9782841192,205900,0.0000,1.0
2014-03-24,28.88,29.14,28.48,28.81,22.6791492112,305500,0.0000,1.0
2014-03-21,27.26,28.84,27.185,28.78,22.6555332974,725400,0.0000,1.0
2014-03-20,26.78,27.42,26.495,27.09,21.3251701538,155100,0.0000,1.0
2014-03-19,27.0,27.47,26.79,26.95,21.2149625561,178700,0.0000,1.0
2014-03-18,26.48,27.27,26.4,27.06,21.30155424,216900,0.0000,1.0
2014-03-17,26.29,26.7,26.29,26.52,20.8764677917,210100,0.0000,1.0
2014-03-14,25.82,26.25,25.62,26.17,20.6009487975,259500,0.0000,1.0
2014-03-13,26.12,26.31,25.681,25.88,20.3726616308,194900,0.0000,1.0
2014-03-12,25.58,26.35,25.58,25.97,20.4435093722,239300,0.0000,1.0
2014-03-11,25.9,26.15,25.39,25.76,20.2781979757,225900,0.0000,1.0
2014-03-10,26.18,26.18,25.51,25.93,20.4120214872,203600,0.0000,1.0
2014-03-07,26.09,26.46,25.8,26.36,20.7505162515,299200,0.0000,1.0
2014-03-06,25.93,26.37,25.93,26.2,20.6245647113,234500,0.0000,1.0
2014-03-05,25.86,26.44,25.66,25.88,20.3726616308,372500,0.0000,1.0
2014-03-04,25.28,26.15,25.2,25.93,20.4120214872,340900,0.0000,1.0
2014-03-03,25.18,25.28,24.815,24.94,19.632696332,252000,0.0000,1.0
2014-02-28,25.8,25.8,25.31,25.37,19.9711910964,201400,0.0000,1.0
2014-02-27,25.32,25.8,25.25,25.78,20.2939419182,193600,0.0000,1.0
2014-02-26,25.19,25.705,25.04,25.35,19.9554471539,218200,0.0000,1.0
2014-02-25,25.29,25.29,24.71,25.08,19.7429039297,259600,0.0000,1.0
2014-02-24,25.24,25.96,25.06,25.46,20.0420388378,320400,0.0000,1.0
2014-02-21,25.88,25.98,25.14,25.24,19.86885547,271500,0.0000,1.0
2014-02-20,25.6,25.84,25.27,25.76,20.2781979757,199800,0.0000,1.0
2014-02-19,25.75,26.18,25.57,25.6,20.1522464355,245700,0.0000,1.0
2014-02-18,26.6,26.6,25.86,25.93,20.4120214872,215500,0.1875,1.0
2014-02-14,26.51,26.8499,26.39,26.58,20.7734864029,258500,0.0000,1.0
2014-02-13,25.86,26.78,25.83,26.43,20.6562545384,402600,0.0000,1.0
2014-02-12,25.86,26.3,25.68,25.88,20.2264043683,212800,0.0000,1.0
2014-02-11,25.34,25.94,25.34,25.86,20.210773453,242900,0.0000,1.0
2014-02-10,25.39,25.9,25.19,25.26,19.7418459947,171000,0.0000,1.0
2014-02-07,25.63,25.8,25.23,25.51,19.9372324356,200500,0.0000,1.0
2014-02-06,25.38,25.74,25.2,25.43,19.8747087745,316100,0.0000,1.0
2014-02-05,25.27,25.79,24.75,25.32,19.7887387405,256300,0.0000,1.0
2014-02-04,25.56,26.1,25.21,25.36,19.8200005711,284800,0.0000,1.0
2014-02-03,26.4,26.4,25.21,25.43,19.8747087745,417900,0.0000,1.0
2014-01-31,26.17,26.9525,26.03,26.42,20.6484390807,262600,0.0000,1.0
2014-01-30,27.13,27.21,26.31,26.73,20.8907182675,401200,0.0000,1.0
2014-01-29,28.0,28.0,26.98,27.23,21.2814911494,262300,0.0000,1.0
2014-01-28,27.56,27.884,27.02,27.67,21.6253712855,370100,0.0000,1.0
2014-01-27,28.29,28.52,27.27,27.34,21.3674611835,257000,0.0000,1.0
2014-01-24,29.36,29.37,27.9,28.11,21.9692514216,446400,0.0000,1.0
2014-01-23,29.31,29.8999,29.31,29.53,23.0790464063,318000,0.0000,1.0
2014-01-22,29.94,30.11,29.42,29.46,23.0243382028,332800,0.0000,1.0
2014-01-21,29.86,30.185,29.51,29.9,23.3682183389,383700,0.0000,1.0
2014-01-17,29.65,29.98,29.5,29.84,23.3213255931,284100,0.0000,1.0
2014-01-16,29.3,29.66,29.13,29.6,23.1337546098,447400,0.0000,1.0
2014-01-15,29.0,29.38,29.0,29.23,22.8445826771,277100,0.0000,1.0
2014-01-14,28.865,29.12,28.73,29.06,22.7117198973,334600,0.0000,1.0
2014-01-13,28.98,29.16,28.53,28.75,22.4694407105,373400,0.0000,1.0
2014-01-10,28.4,28.97,28.025,28.94,22.6179344056,466800,0.0000,1.0
2014-01-09,29.99,29.99,28.05,28.4,22.1958996931,812900,0.0000,1.0
2014-01-08,30.71,30.76,28.85,30.06,23.4932656611,590200,0.0000,1.0
2014-01-07,31.11,31.57,31.01,31.04,24.2591805097,267100,0.0000,1.0
2014-01-06,32.35,32.36,30.66,31.09,24.2982577979,399700,0.0000,1.0
2014-01-03,32.39,32.81,31.97,32.09,25.0798035617,272800,0.0000,1.0
2014-01-02,32.59,33.32,32.24,32.46,25.3689754943,328400,0.0000,1.0
2013-12-31,32.25,33.03,32.22,32.67,25.5331001047,224900,0.0000,1.0
2013-12-30,31.94,32.72,31.94,32.12,25.1032499346,318900,0.0000,1.0
2013-12-27,31.67,32.06,31.49,32.05,25.0485417312,182000,0.0000,1.0
2013-12-26,31.03,31.71,30.74,31.49,24.6108761034,236600,0.0000,1.0
2013-12-24,30.49,31.45,30.275,30.995,24.2240109503,96200,0.0000,1.0
2013-12-23,29.8,30.87,29.61,30.4,23.7589912208,193400,0.0000,1.0
2013-12-20,30.28,30.54,29.54,29.74,23.2431710167,456900,0.0000,1.0
2013-12-19,29.55,30.7075,29.55,30.13,23.5479738646,276500,0.0000,1.0
2013-12-18,29.46,29.66,29.11,29.58,23.1181236945,270200,0.0000,1.0
2013-12-17,29.43,29.53,29.06,29.33,22.9227372535,186100,0.0000,1.0
2013-12-16,29.79,29.98,29.08,29.46,23.0243382028,272400,0.0000,1.0
2013-12-13,29.83,30.51,29.8,29.88,23.3525874236,197400,0.0000,1.0
2013-12-12,29.85,30.3,29.545,29.69,23.2040937285,201000,0.0000,1.0
2013-12-11,30.81,30.85,29.68,29.94,23.3994801695,198800,0.0000,1.0
2013-12-10,30.49,31.08,30.45,30.66,23.9621931194,279000,0.0000,1.0
2013-12-09,29.9,30.6,29.8701,30.59,23.907484916,227400,0.0000,1.0
2013-12-06,30.52,30.75,29.78,29.91,23.3760337965,214700,0.0000,1.0
2013-12-05,29.98,30.59,29.861,30.07,23.5010811188,204600,0.0000,1.0
2013-12-04,30.22,30.569,29.72,30.13,23.5479738646,193500,0.0000,1.0
2013-12-03,30.15,30.85,29.61,30.26,23.6495748139,217600,0.0000,1.0
2013-12-02,30.76,31.01,30.215,30.37,23.7355448479,186900,0.0000,1.0
2013-11-29,30.77,31.14,30.2301,30.635,23.9426544753,136500,0.0000,1.0
2013-11-27,30.2,30.65,30.15,30.5,23.8371457972,195600,0.0000,1.0
2013-11-26,29.92,30.13,29.58,30.12,23.5401584069,227000,0.0000,1.0
2013-11-25,29.88,30.35,29.53,30.02,23.4620038306,339200,0.0000,1.0
2013-11-22,30.57,30.82,30.07,30.72,24.0090858653,238900,0.0000,1.0
2013-11-21,30.8,31.14,30.42,30.55,23.8762230854,231500,0.0000,1.0
2013-11-20,31.01,31.49,30.65,30.83,24.0950558993,206800,0.0000,1.0
2013-11-19,31.54,31.63,30.48,30.8,24.0716095264,219100,0.0000,1.0
2013-11-18,30.87,31.85,30.73,31.46,24.5874297305,360400,0.0000,1.0
2013-11-15,30.78,31.12,30.32,30.68,23.9778240347,178100,0.0000,1.0
2013-11-14,30.81,30.99,30.05,30.69,23.9856394923,234300,0.1875,1.0
2013-11-13,30.94,31.34,30.58,30.95,24.0419574865,236600,0.0000,1.0
2013-11-12,31.25,31.54,30.678,31.24,24.2672294629,232600,0.0000,1.0
2013-11-11,31.3,31.59,30.8701,31.25,24.2749974621,254500,0.0000,1.0
2013-11-08,29.88,31.52,29.88,31.42,24.4070534483,281400,0.0000,1.0
2013-11-07,30.62,30.9,29.91,30.21,23.4671255465,184900,0.0000,1.0
2013-11-06,30.52,30.54,29.965,30.42,23.6302535295,123200,0.0000,1.0
2013-11-05,29.98,30.44,29.43,30.38,23.5991815327,201700,0.0000,1.0
2013-11-04,29.91,30.54,29.789,30.05,23.3428375595,216500,0.0000,1.0
2013-11-01,29.02,29.96,28.87,29.74,23.1020295847,258200,0.0000,1.0
2013-10-31,29.11,29.59,29.01,29.04,22.5582696416,326300,0.0000,1.0
2013-10-30,28.26,29.2,27.86,29.12,22.6204136351,547300,0.0000,1.0
2013-10-29,29.1,31.7,27.73,28.36,22.0300456968,985500,0.0000,1.0
2013-10-28,30.2,30.41,30.01,30.37,23.5914135336,340300,0.0000,1.0
2013-10-25,30.28,30.64,30.09,30.29,23.5292695401,228300,0.0000,1.0
2013-10-24,29.97,30.24,29.7701,30.19,23.4515895482,145700,0.0000,1.0
2013-10-23,29.47,29.93,29.19,29.84,23.1797095766,194500,0.0000,1.0
2013-10-22,29.61,30.0,29.56,29.76,23.1175655831,169500,0.0000,1.0
2013-10-21,29.75,29.86,29.17,29.39,22.8301496131,173500,0.0000,1.0
2013-10-18,28.88,29.94,28.6,29.71,23.0787255872,311400,0.0000,1.0
2013-10-17,28.45,28.86,28.41,28.63,22.2397816749,200300,0.0000,1.0
2013-10-16,28.72,28.85,28.34,28.5,22.1387976854,190500,0.0000,1.0
2013-10-15,28.4,28.96,28.4,28.63,22.2397816749,148400,0.0000,1.0
2013-10-14,27.87,28.63,27.7,28.38,22.0455816952,185700,0.0000,1.0
2013-10-11,27.67,28.13,27.49,28.01,21.7581657252,188300,0.0000,1.0
2013-10-10,27.37,27.92,27.37,27.74,21.5484297471,112700,0.0000,1.0
2013-10-09,27.53,27.53,26.83,27.05,21.0124378032,211800,0.0000,1.0
2013-10-08,27.45,27.61,27.24,27.36,21.253245778,106600,0.0000,1.0
2013-10-07,27.29,27.65,27.11,27.43,21.3076217723,101100,0.0000,1.0
2013-10-04,27.35,27.85,27.22,27.6,21.4396777585,111600,0.0000,1.0
2013-10-03,27.52,27.64,27.12,27.41,21.2920857739,240500,0.0000,1.0
2013-10-02,27.5,27.71,27.18,27.62,21.4552137569,229800,0.0000,1.0
2013-10-01,27.51,27.945,27.35,27.6,21.4396777585,218100,0.0000,1.0
2013-09-30,27.19,27.78,27.1,27.5,21.3619977666,241400,0.0000,1.0
2013-09-27,27.44,27.7,27.1,27.57,21.416373761,113000,0.0000,1.0
2013-09-26,27.75,27.99,27.48,27.73,21.540661748,246000,0.0000,1.0
2013-09-25,27.69,28.06,27.474,27.56,21.4086057618,211900,0.0000,1.0
2013-09-24,27.49,27.74,27.09,27.48,21.3464617683,249700,0.0000,1.0
2013-09-23,27.51,28.06,27.48,27.51,21.3697657658,273600,0.0000,1.0
2013-09-20,27.9,27.91,27.38,27.47,21.3386937691,479500,0.0000,1.0
2013-09-19,27.79,28.09,27.52,27.9,21.6727177342,217300,0.0000,1.0
2013-09-18,27.31,27.87,27.29,27.69,21.5095897512,446300,0.0000,1.0
2013-09-17,27.01,27.6,27.01,27.29,21.1988697837,328200,0.0000,1.0
2013-09-16,27.44,27.44,26.9,26.99,20.9658298081,213600,0.0000,1.0
2013-09-13,26.97,27.28,26.94,27.14,21.0823497959,218400,0.0000,1.0
2013-09-12,27.01,27.34,26.53,27.04,21.004669804,204900,0.0000,1.0
2013-09-11,27.2,27.46,26.76,27.21,21.1367257902,219400,0.0000,1.0
2013-09-10,26.82,27.46,26.64,27.14,21.0823497959,287400,0.0000,1.0
2013-09-09,25.75,26.7,25.6,26.59,20.6551098405,269200,0.0000,1.0
2013-09-06,25.92,25.98,25.37,25.58,19.8705419226,256900,0.0000,1.0
2013-09-05,25.3,25.96,25.07,25.69,19.9559899136,146400,0.0000,1.0
2013-09-04,25.13,25.38,24.97,25.23,19.598661951,197100,0.0000,1.0
2013-09-03,25.72,26.03,24.88,25.15,19.5365179575,239200,0.0000,1.0
2013-08-30,25.36,25.81,25.16,25.25,19.6141979494,221800,0.0000,1.0
2013-08-29,25.56,25.62,25.31,25.42,19.7462539356,325300,0.0000,1.0
2013-08-28,26.22,26.26,25.66,25.67,19.9404539153,427200,0.0000,1.0
2013-08-27,26.95,27.26,26.17,26.27,20.4065338665,457700,0.0000,1.0
2013-08-26,27.53,28.08,27.53,27.79,21.5872697431,189800,0.0000,1.0
2013-08-23,26.96,27.53,26.85,27.51,21.3697657658,155400,0.0000,1.0
2013-08-22,26.64,27.54,26.27,26.96,20.9425258105,283300,0.0000,1.0
2013-08-21,26.6,26.805,26.28,26.45,20.5463578519,187100,0.0000,1.0
2013-08-20,26.3,26.92,26.11,26.68,20.7250218332,180300,0.0000,1.0
2013-08-19,26.64,27.0598,26.1,26.26,20.3987658673,178500,0.0000,1.0
2013-08-16,27.12,27.14,26.41,26.59,20.6551098405,159300,0.0000,1.0
2013-08-15,27.0,27.679,26.51,27.15,21.0901177951,288000,0.0000,1.0
2013-08-14,26.84,27.36,26.76,27.15,21.0901177951,205500,0.0000,1.0
2013-08-13,27.44,27.5899,26.92,27.07,21.0279738016,176100,0.0000,1.0
2013-08-12,27.1,27.59,27.005,27.22,21.1444937894,303300,0.0000,1.0
2013-08-09,27.04,27.4799,26.83,27.09,21.0435097999,202700,0.0000,1.0
2013-08-08,26.5,27.24,26.39,26.99,20.9658298081,229600,0.1875,1.0
2013-08-07,26.07,26.67,25.6775,26.36,20.3351770303,158000,0.0000,1.0
2013-08-06,26.45,26.45,25.96,26.19,20.2040321101,153400,0.0000,1.0
2013-08-05,26.15,26.51,26.11,26.46,20.412321101,237200,0.0000,1.0
2013-08-02,26.12,26.39,25.85,26.25,20.2503185525,124100,0.0000,1.0
2013-08-01,26.01,26.31,25.92,26.26,20.2580329596,262200,0.0000,1.0
2013-07-31,25.8,26.09,25.63,25.66,19.7951685355,178500,0.0000,1.0
2013-07-30,25.94,25.96,25.57,25.77,19.8800270133,249600,0.0000,1.0
2013-07-29,25.61,26.12,25.42,25.91,19.9880287122,292200,0.0000,1.0
2013-07-26,25.6,25.82,25.42,25.68,19.8105973497,276800,0.0000,1.0
2013-07-25,25.67,26.19,25.5,25.7,19.8260261638,205600,0.0000,1.0
2013-07-24,26.23,26.54,25.4,25.66,19.7951685355,246900,0.0000,1.0
2013-07-23,25.76,26.73,25.66,26.39,20.3583202515,266400,0.0000,1.0
2013-07-22,25.17,25.7044,25.06,25.55,19.7103100578,209700,0.0000,1.0
2013-07-19,25.1,25.24,24.95,25.09,19.3554473327,91900,0.0000,1.0
2013-07-18,25.37,25.66,24.93,25.12,19.3785905539,190600,0.0000,1.0
2013-07-17,25.08,25.35,24.89,25.27,19.4943066599,149800,0.0000,1.0
2013-07-16,25.11,25.2,24.59,24.88,19.1934447843,157600,0.0000,1.0
2013-07-15,24.93,25.2124,24.8,24.93,19.2320168196,143100,0.0000,1.0
2013-07-12,25.48,25.48,24.77,24.83,19.1548727489,201500,0.0000,1.0
2013-07-11,25.0,25.79,24.87,25.66,19.7951685355,269500,0.0000,1.0
2013-07-10,24.65,24.91,24.41,24.66,19.0237278288,170800,0.0000,1.0
2013-07-09,24.39,24.85,24.34,24.7,19.0545854571,167400,0.0000,1.0
2013-07-08,24.09,24.53,23.97,24.15,18.6302930683,218300,0.0000,1.0
2013-07-05,23.77,24.18,23.6501,24.04,18.5454345906,183400,0.0000,1.0
2013-07-03,23.445,23.73,23.37,23.62,18.2214294937,120000,0.0000,1.0
2013-07-02,23.81,23.96,23.29,23.77,18.3371455998,341500,0.0000,1.0
2013-07-01,23.53,24.1,23.34,23.9,18.4374328916,267000,0.0000,1.0
2013-06-28,23.51,23.89,23.12,23.38,18.0362837241,450900,0.0000,1.0
2013-06-27,24.25,24.5699,23.5,23.7,18.2831447503,592300,0.0000,1.0
2013-06-26,24.44,24.64,23.72,24.44,18.8540108733,404500,0.0000,1.0
2013-06-25,24.17,24.51,23.69,24.37,18.8000100238,268900,0.0000,1.0
2013-06-24,24.25,24.42,23.4101,24.0,18.5145769623,271300,0.0000,1.0
2013-06-21,24.86,25.23,24.53,24.63,19.0005846076,362600,0.0000,1.0
2013-06-20,24.23,24.92,23.9,24.75,19.0931574924,301100,0.0000,1.0
2013-06-19,24.75,24.93,24.52,24.68,19.0391566429,199900,0.0000,1.0
2013-06-18,24.81,25.08,24.63,24.93,19.2320168196,190100,0.0000,1.0
2013-06-17,25.15,25.26,24.74,24.89,19.2011591913,232100,0.0000,1.0
2013-06-14,25.17,25.32,24.74,24.87,19.1857303772,261700,0.0000,1.0
2013-06-13,24.05,25.2,24.05,25.04,19.3168752973,197700,0.0000,1.0
2013-06-12,24.4,24.82,23.83,24.01,18.5222913694,287300,0.0000,1.0
2013-06-11,23.85,24.17,23.67,24.12,18.6071498471,161900,0.0000,1.0
2013-06-10,23.84,24.37,23.54,24.26,18.7151515461,198500,0.0000,1.0
2013-06-07,24.42,24.48,23.68,23.91,18.4451472987,219000,0.0000,1.0
2013-06-06,24.21,24.53,23.95,24.44,18.8540108733,173300,0.0000,1.0
2013-06-05,24.67,24.93,24.07,24.23,18.6920083249,200100,0.0000,1.0
2013-06-04,25.19,25.44,24.53,24.85,19.1703015631,187700,0.0000,1.0
2013-06-03,24.93,25.29,24.41,25.25,19.4788778458,353000,0.0000,1.0
2013-05-31,25.54,25.76,24.68,24.7,19.0545854571,258100,0.0000,1.0
2013-05-30,25.97,26.26,25.63,25.77,19.8800270133,176900,0.0000,1.0
2013-05-29,26.46,26.52,25.724,26.0,20.0574583758,292000,0.0000,1.0
2013-05-28,26.77,27.05,26.36,26.77,20.65146772,186800,0.0000,1.0
2013-05-24,25.91,26.49,25.76,26.27,20.2657473667,209700,0.0000,1.0
2013-05-23,26.01,26.4,25.5,26.12,20.1500312607,225400,0.0000,1.0
2013-05-22,27.08,27.35,26.05,26.36,20.3351770303,255500,0.0000,1.0
2013-05-21,26.56,27.42,26.3,26.89,20.7440406049,272100,0.0000,1.0
2013-05-20,25.66,26.47,25.46,26.41,20.3737490656,218100,0.0000,1.0
2013-05-17,25.98,26.32,25.62,25.77,19.8800270133,308700,0.0000,1.0
2013-05-16,25.48,26.27,25.14,25.69,19.8183117567,197900,0.0000,1.0
2013-05-15,25.61,25.91,24.98,25.67,19.8028829426,229100,0.0000,1.0
2013-05-14,25.85,26.2399,25.49,25.85,19.9417422698,245000,0.1875,1.0
2013-05-13,27.0,27.0,25.97,26.11,19.9972689646,290500,0.0000,1.0
2013-05-10,26.54,26.8,26.11,26.7,20.449141377,260400,0.0000,1.0
2013-05-09,26.74,26.91,26.09,26.35,20.1810814713,259000,0.0000,1.0
2013-05-08,26.35,27.24,26.29,26.86,20.5716830482,311700,0.0000,1.0
2013-05-07,25.85,26.8499,25.85,26.29,20.1351283446,427200,0.0000,1.0
2013-05-06,25.49,25.99,25.27,25.84,19.7904798945,304100,0.0000,1.0
2013-05-03,24.88,26.06,24.74,25.75,19.7215502044,404900,0.0000,1.0
2013-05-02,24.71,24.71,24.0,24.42,18.7029225628,229600,0.0000,1.0
2013-05-01,24.64,24.64,23.94,24.47,18.7412168351,423700,0.0000,1.0
2013-04-30,23.77,24.64,23.58,24.53,18.7871699617,386200,0.0000,1.0
2013-04-29,23.99,24.22,23.66,23.94,18.3352975493,325300,0.0000,1.0
2013-04-26,23.95,23.9501,23.28,23.83,18.2510501504,281800,0.0000,1.0
2013-04-25,24.35,24.69,24.05,24.13,18.4808157838,329600,0.0000,1.0
2013-04-24,23.76,24.33,23.64,24.2,18.5344277649,381100,0.0000,1.0
2013-04-23,23.81,23.81,23.24,23.62,18.0902142069,289500,0.0000,1.0
2013-04-22,23.9,23.94,23.07,23.73,18.1744616059,251700,0.0000,1.0
2013-04-19,24.03,24.06,23.21,23.9,18.3046621315,318300,0.0000,1.0
2013-04-18,24.04,24.378,23.61,23.92,18.3199798404,381100,0.0000,1.0
2013-04-17,24.08,24.3499,23.7201,23.97,18.3582741126,431200,0.0000,1.0
2013-04-16,24.44,24.79,24.13,24.43,18.7105814173,349700,0.0000,1.0
2013-04-15,24.51,24.72,23.7,24.1,18.4578392205,451900,0.0000,1.0
2013-04-12,25.3,25.49,24.34,24.86,19.0399121585,451200,0.0000,1.0
2013-04-11,25.93,26.28,25.39,25.57,19.5836908244,244100,0.0000,1.0
2013-04-10,26.09,26.26,25.89,26.11,19.9972689646,321900,0.0000,1.0
2013-04-09,26.0,26.69,25.74,26.11,19.9972689646,268400,0.0000,1.0
2013-04-08,26.22,26.22,25.48,25.89,19.8287741667,240500,0.0000,1.0
2013-04-05,25.94,26.3,25.75,26.05,19.9513158379,395600,0.0000,1.0
2013-04-04,25.97,27.23,25.86,26.42,20.2346934525,576000,0.0000,1.0
2013-04-03,26.0,26.7699,25.325,25.87,19.8134564578,1022000,0.0000,1.0
2013-04-02,26.44,26.65,25.19,25.43,19.4764668621,412000,0.0000,1.0
2013-04-01,26.71,26.71,25.85,26.1,19.9896101101,420000,0.0000,1.0
2013-03-28,26.85,26.855,26.47,26.67,20.4261648137,274000,0.0000,1.0
2013-03-27,26.74,26.905,26.33,26.83,20.5487064849,392700,0.0000,1.0
2013-03-26,26.97,27.05,26.5,27.0,20.6789070105,338100,0.0000,1.0
2013-03-25,27.5,27.64,26.69,26.88,20.5870007571,463200,0.0000,1.0
2013-03-22,27.83,28.0,27.42,27.53,21.0848262962,265300,0.0000,1.0
2013-03-21,27.68,28.08,27.61,27.78,21.2762976574,381000,0.0000,1.0
2013-03-20,28.2,28.44,27.645,27.77,21.268638803,324000,0.0000,1.0
2013-03-19,28.59,29.0,27.42,28.15,21.559675272,315200,0.0000,1.0
2013-03-18,28.66,29.43,28.49,28.6,21.9043237222,284100,0.0000,1.0
2013-03-15,29.05,29.48,28.9,29.15,22.3255607169,627600,0.0000,1.0
2013-03-14,29.51,29.64,28.8,29.17,22.3408784258,294300,0.0000,1.0
2013-03-13,29.42,29.64,28.89,29.53,22.6165971859,230700,0.0000,1.0
2013-03-12,29.7,30.0,29.26,29.46,22.5629852048,221500,0.0000,1.0
2013-03-11,29.39,29.68,28.66,29.64,22.7008445848,360000,0.0000,1.0
2013-03-08,29.34,29.85,29.27,29.51,22.601279477,283300,0.0000,1.0
2013-03-07,29.11,29.3,28.72,29.11,22.2949252991,260300,0.0000,1.0
2013-03-06,27.96,28.9,27.82,28.69,21.9732534122,304500,0.0000,1.0
2013-03-05,27.73,28.4,27.696,27.76,21.2609799486,335600,0.0000,1.0
2013-03-04,27.59,27.905,27.01,27.36,20.9546257706,303300,0.0000,1.0
2013-03-01,28.37,28.37,27.56,27.75,21.2533210941,409000,0.0000,1.0
2013-02-28,29.59,29.65,28.59,28.61,21.9119825767,457900,0.0000,1.0
2013-02-27,28.65,29.81,28.65,29.66,22.7161622937,272600,0.0000,1.0
2013-02-26,28.88,29.22,28.4,28.72,21.9962299756,276600,0.0000,1.0
2013-02-25,29.72,29.72,28.71,28.71,21.9885711211,277500,0.0000,1.0
2013-02-22,29.17,29.6199,28.6301,29.53,22.6165971859,307600,0.0000,1.0
2013-02-21,29.32,29.51,28.53,28.88,22.1187716468,459700,0.0000,1.0
2013-02-20,30.5475,30.5475,29.16,29.34,22.4710789514,475700,0.0000,1.0
2013-02-19,31.0,31.219,30.35,30.55,23.3978003396,352400,0.1875,1.0
2013-02-15,31.09,31.33,30.93,31.12,23.6889645082,315900,0.0000,1.0
2013-02-14,29.9,31.095,29.84,30.82,23.4606004544,427700,0.0000,1.0
2013-02-13,29.75,30.01,29.62,29.83,22.7069990771,300400,0.0000,1.0
2013-02-12,29.73,29.99,29.5201,29.72,22.6232655907,188200,0.0000,1.0
2013-02-11,29.52,29.75,29.2,29.75,22.6461019961,239900,0.0000,1.0
2013-02-08,29.56,29.83,29.5,29.63,22.5547563746,159900,0.0000,1.0
2013-02-07,29.77,29.8399,29.19,29.5,22.4557986179,159400,0.0000,1.0
2013-02-06,29.07,29.83,29.035,29.79,22.6765505366,267400,0.0000,1.0
2013-02-05,29.43,29.43,28.93,29.08,22.1360889427,222900,0.0000,1.0
2013-02-04,29.21,29.3499,28.98,29.11,22.1589253481,285700,0.0000,1.0
2013-02-01,29.49,29.76,29.02,29.53,22.4786350233,376200,0.0000,1.0
2013-01-31,28.72,29.43,28.63,29.08,22.1360889427,383800,0.0000,1.0
2013-01-30,29.66,30.05,28.41,28.8,21.9229491592,367700,0.0000,1.0
2013-01-29,29.8,30.1999,29.49,29.63,22.5547563746,242100,0.0000,1.0
2013-01-28,30.15,30.3,29.33,29.71,22.6156534556,383800,0.0000,1.0
2013-01-25,30.5,30.77,29.95,30.36,23.1104422387,375600,0.0000,1.0
2013-01-24,30.16,30.98,30.16,30.39,23.1332786441,241600,0.0000,1.0
2013-01-23,30.61,30.695,29.98,30.32,23.0799936982,154100,0.0000,1.0
2013-01-22,30.48,30.64,29.84,30.5,23.2170121304,279000,0.0000,1.0
2013-01-18,30.15,30.38,29.84,30.32,23.0799936982,283100,0.0000,1.0
2013-01-17,29.98,30.16,29.42,30.0,22.8364053742,476500,0.0000,1.0
2013-01-16,29.13,29.88,29.01,29.58,22.5166956989,323900,0.0000,1.0
2013-01-15,28.87,29.85,28.67,29.61,22.5395321043,329600,0.0000,1.0
2013-01-14,29.55,29.61,28.69,28.92,22.0142947807,336500,0.0000,1.0
2013-01-11,29.66,29.71,29.11,29.44,22.4101258072,373600,0.0000,1.0
2013-01-10,29.8,29.8599,29.38,29.67,22.5852049151,456300,0.0000,1.0
2013-01-09,29.0,29.95,28.91,29.66,22.5775927799,553800,0.0000,1.0
2013-01-08,32.79,32.99,29.02,29.38,22.3644529965,1087400,0.0000,1.0
2013-01-07,31.73,32.53,31.4,31.9,24.2827110479,425300,0.0000,1.0
2013-01-04,31.4,31.97,31.13,31.68,24.1152440751,232300,0.0000,1.0
2013-01-03,31.49,31.82,31.11,31.2464,23.7851818961,263000,0.0000,1.0
2013-01-02,31.39,32.61,31.12,31.31,23.8335950755,426500,0.0000,1.0
2012-12-31,29.53,30.96,29.2701,30.33,23.0876058333,293000,0.0000,1.0
2012-12-28,30.0,30.0,29.31,29.48,22.4405743477,152800,0.0000,1.0
2012-12-27,31.5,31.5,29.625,30.26,23.0343208874,175300,0.0000,1.0
2012-12-26,30.27,31.04,30.2,30.51,23.2246242655,127600,0.0000,1.0
2012-12-24,30.1,32.7099,29.76,30.22,23.0038723469,138200,0.0000,1.0
2012-12-21,30.1,30.52,29.75,30.01,22.8440175093,1046800,0.0000,1.0
2012-12-20,30.6,31.19,30.23,30.71,23.376866968,304400,0.0000,1.0
2012-12-19,31.45,31.63,30.39,30.67,23.3464184275,253800,0.0000,1.0
2012-12-18,29.99,31.5,29.94,31.25,23.7879222648,442800,0.0000,1.0
2012-12-17,29.99,30.168,29.69,30.0,22.8364053742,187000,0.0000,1.0
2012-12-14,29.22,30.02,29.21,29.77,22.6613262663,204400,0.0000,1.0
2012-12-13,29.14,29.98,28.92,29.15,22.1893738886,269000,0.0000,1.0
2012-12-12,30.0,30.0799,28.89,29.03,22.0980282671,282500,0.0000,1.0
2012-12-11,29.6,30.05,29.302,29.74,22.6384898609,234000,0.0000,1.0
2012-12-10,28.95,29.55,28.95,29.28,22.2883316452,180200,0.0000,1.0
2012-12-07,28.7,29.0,28.52,28.96,22.0447433212,190100,0.0000,1.0
2012-12-06,28.26,28.56,28.19,28.42,21.6336880245,158700,0.0000,1.0
2012-12-05,28.23,28.78,27.95,28.4,21.6184637542,238400,0.0000,1.0
2012-12-04,27.69,28.35,27.47,28.0,21.3139783492,148200,0.0000,1.0
2012-12-03,28.25,28.62,27.22,27.7,21.0856142955,252500,0.0000,1.0
2012-11-30,28.25,28.52,27.98,28.19,21.4586089166,195000,0.0000,1.0
2012-11-29,28.03,28.77,27.93,28.22,21.481445322,201200,0.0000,1.0
2012-11-28,26.82,27.86,26.58,27.68,21.0703900252,328600,0.0000,1.0
2012-11-27,27.25,28.4,26.16,27.15,20.6669468636,899500,0.1875,1.0
2012-11-26,27.73,28.27,27.38,28.27,21.3719099345,207600,0.0000,1.0
2012-11-23,28.22,28.22,27.64,27.9,21.0921926839,77500,0.0000,1.0
2012-11-21,28.05,28.1277,27.3775,27.82,21.0317132783,169800,0.0000,1.0
2012-11-20,27.94,28.37,27.59,27.94,21.1224323867,169900,0.0000,1.0
2012-11-19,27.79,28.73,27.27,28.0,21.1677919408,309300,0.0000,1.0
2012-11-16,26.82,27.43,26.16,27.22,20.5781177367,316200,0.0000,1.0
2012-11-15,27.25,27.75,26.61,26.77,20.2379210806,248800,0.0000,1.0
2012-11-14,28.41,28.47,27.02,27.24,20.5932375881,403100,0.0000,1.0
2012-11-13,28.33,28.92,27.96,28.31,21.4021496373,229700,0.0000,1.0
2012-11-12,29.36,29.36,28.34,28.69,21.6894268136,153500,0.0000,1.0
2012-11-09,28.41,29.84,28.09,28.94,21.878424956,216900,0.0000,1.0
2012-11-08,29.16,29.55,28.15,28.58,21.606267631,309900,0.0000,1.0
2012-11-07,29.88,29.9999,28.52,29.33,22.173262058,412500,0.0000,1.0
2012-11-06,29.27,31.15,29.17,30.5,23.0577733641,358200,0.0000,1.0
2012-11-05,29.15,29.93,28.867,29.31,22.1581422066,187100,0.0000,1.0
2012-11-02,29.85,29.91,28.69,29.2184,22.0888932873,353500,0.0000,1.0
2012-11-01,28.63,30.07,28.63,29.75,22.4907789371,621400,0.0000,1.0
2012-10-31,29.27,29.3,28.3,28.51,21.5533481512,469900,0.0000,1.0
2012-10-26,30.54,31.05,28.47,29.08,21.9842639157,709400,0.0000,1.0
2012-10-25,28.47,29.61,28.47,29.3,22.1505822809,514800,0.0000,1.0
2012-10-24,28.4,28.62,27.725,28.03,21.1904717179,277800,0.0000,1.0
2012-10-23,28.57,29.37,27.61,28.14,21.2736309005,391300,0.0000,1.0
2012-10-22,28.45,29.97,28.26,29.24,22.1052227268,375400,0.0000,1.0
2012-10-19,29.69,29.69,28.23,28.37,21.4475091915,491200,0.0000,1.0
2012-10-18,28.2,29.95,28.1601,29.91,22.6117377482,344600,0.0000,1.0
2012-10-17,28.34,29.0,27.74,28.59,21.6138275567,216700,0.0000,1.0
2012-10-16,28.0,28.5599,27.87,28.13,21.2660709748,299000,0.0000,1.0
2012-10-15,27.12,27.95,26.72,27.74,20.9712338728,240000,0.0000,1.0
2012-10-12,27.94,27.94,26.83,27.12,20.5025184798,231000,0.0000,1.0
2012-10-11,27.74,28.2,27.28,27.63,20.8880746902,322800,0.0000,1.0
2012-10-10,28.1,28.27,26.8,27.22,20.5781177367,393800,0.0000,1.0
2012-10-09,27.55,28.68,27.35,28.06,21.213151495,690800,0.0000,1.0
2012-10-08,26.75,27.53,26.63,27.29,20.6310372166,281300,0.0000,1.0
2012-10-05,27.76,28.0,26.82,27.03,20.4344791486,272200,0.0000,1.0
2012-10-04,27.35,27.8008,26.83,27.29,20.6310372166,389200,0.0000,1.0
2012-10-03,27.8,28.0,26.75,27.01,20.4193592972,469400,0.0000,1.0
2012-10-02,28.46,28.7268,27.4,27.75,20.9787937985,301100,0.0000,1.0
2012-10-01,28.38,29.51,28.04,28.14,21.2736309005,355500,0.0000,1.0
2012-09-28,27.94,28.49,27.64,28.15,21.2811908262,215400,0.0000,1.0
2012-09-27,28.44,28.57,27.66,28.13,21.2660709748,260200,0.0000,1.0
2012-09-26,28.01,28.92,27.51,28.04,21.1980316436,445300,0.0000,1.0
2012-09-25,29.04,29.18,27.6,27.76,20.9863537242,388000,0.0000,1.0
2012-09-24,28.62,29.65,28.62,28.77,21.7499062192,305600,0.0000,1.0
2012-09-21,29.81,30.14,29.08,29.21,22.0825429497,495700,0.0000,1.0
2012-09-20,29.24,29.52,28.95,29.37,22.2035017608,329300,0.0000,1.0
2012-09-19,29.97,30.3,29.4601,29.73,22.4756590857,319400,0.0000,1.0
2012-09-18,28.82,30.45,28.51,29.81,22.5361384913,461300,0.0000,1.0
2012-09-17,31.15,31.19,29.76,30.14,22.7856160391,663800,0.0000,1.0
2012-09-14,32.36,32.96,31.13,31.45,23.7759663049,630600,0.0000,1.0
2012-09-13,30.49,32.22,29.67,32.0431,24.2243454978,642800,0.0000,1.0
2012-09-12,31.01,31.36,30.18,30.34,22.936814553,452200,0.0000,1.0
2012-09-11,31.38,31.71,30.99,31.09,23.50380898,409000,0.0000,1.0
2012-09-10,31.26,32.64,31.15,31.28,23.6474475682,533100,0.0000,1.0
2012-09-07,28.96,31.88,28.96,31.22,23.602088014,706900,0.0000,1.0
2012-09-06,27.47,28.71,27.38,28.59,21.6138275567,535900,0.0000,1.0
2012-09-05,27.58,27.86,27.07,27.085,20.4760587399,495400,0.0000,1.0
2012-09-04,27.6,27.98,27.04,27.68,20.9258743186,307800,0.0000,1.0
2012-08-31,27.63,27.81,27.2,27.62,20.8805147645,285300,0.0000,1.0
2012-08-30,27.19,27.55,26.95,27.28,20.6234772909,352200,0.0000,1.0
2012-08-29,27.87,28.1599,26.93,27.47,20.7671158791,592600,0.0000,1.0
2012-08-28,28.79,29.58,28.56,28.96,21.8935448074,612800,0.0000,1.0
2012-08-27,30.0,30.0,29.0,29.15,22.0371833955,289500,0.0000,1.0
2012-08-24,29.63,30.41,29.18,29.83,22.5512583427,269000,0.0000,1.0
2012-08-23,30.24,30.4953,29.4613,29.62,22.3924999031,215800,0.0000,1.0
2012-08-22,30.35,30.66,29.81,30.39,22.9746141815,287400,0.0000,1.0
2012-08-21,31.49,32.05,30.05,30.44,23.0124138099,372000,0.0000,1.0
2012-08-20,30.85,31.59,30.61,31.21,23.5945280883,333800,0.0000,1.0
2012-08-17,30.4,31.14,30.16,30.91,23.3677303175,417600,0.0000,1.0
2012-08-16,29.67,30.58,29.57,30.29,22.8990149245,522500,0.0000,1.0
2012-08-15,29.12,29.44,28.86,29.29,22.1430223552,528200,0.0000,1.0
2012-08-14,30.11,30.46,29.54,29.76,22.4983388628,359500,0.1875,1.0
2012-08-13,31.29,31.7,28.885,29.91,22.4701666378,839200,0.0000,1.0
2012-08-10,32.69,32.69,31.5,32.41,24.3483149693,513500,0.0000,1.0
2012-08-09,31.76,33.03,31.43,32.95,24.7539950089,592900,0.0000,1.0
2012-08-08,31.34,32.35,30.5305,31.63,23.7623326899,544100,0.0000,1.0
2012-08-07,31.67,32.5,30.75,31.58,23.7247697233,428100,0.0000,1.0
2012-08-06,30.8,31.89,30.75,31.4,23.5895430434,433900,0.0000,1.0
2012-08-03,29.77,31.42,29.7126,30.72,23.0786866972,595500,0.0000,1.0
2012-08-02,28.36,29.64,27.85,29.13,21.8841843584,570300,0.0000,1.0
2012-08-01,29.01,29.39,28.29,28.74,21.5911932187,480000,0.0000,1.0
2012-07-31,28.18,29.12,28.18,28.71,21.5686554387,388400,0.0000,1.0
2012-07-30,27.72,28.53,27.66,28.43,21.3583028256,371700,0.0000,1.0
2012-07-27,26.27,27.96,26.05,27.54,20.6896820196,332600,0.0000,1.0
2012-07-26,26.66,27.08,25.84,26.0,19.5327426474,305800,0.0000,1.0
2012-07-25,26.61,26.79,25.58,26.04,19.5627930207,446600,0.0000,1.0
2012-07-24,27.79,28.3047,25.64,26.27,19.7355826672,608600,0.0000,1.0
2012-07-23,28.18,28.18,27.31,27.58,20.7197323929,370300,0.0000,1.0
2012-07-20,29.0,29.25,28.48,28.94,21.7414450852,459300,0.0000,1.0
2012-07-19,30.02,30.14,28.48,29.59,22.2297636514,421400,0.0000,1.0
2012-07-18,29.86,30.55,29.54,29.95,22.5002170111,348200,0.0000,1.0
2012-07-17,29.79,30.32,29.19,29.96,22.5077296045,410400,0.0000,1.0
2012-07-16,29.46,29.805,28.65,29.56,22.2072258714,248100,0.0000,1.0
2012-07-13,30.09,30.23,29.54,29.68,22.2973769913,266900,0.0000,1.0
2012-07-12,30.08,30.11,28.78,29.68,22.2973769913,606800,0.0000,1.0
2012-07-11,30.33,30.765,29.98,30.49,22.9058970507,440200,0.0000,1.0
2012-07-10,30.31,31.06,29.66,30.2,22.6880318443,600300,0.0000,1.0
2012-07-09,30.04,30.84,29.74,30.3,22.7631577775,474200,0.0000,1.0
2012-07-06,29.7,30.74,29.2,30.17,22.6654940643,615600,0.0000,1.0
2012-07-05,29.24,30.47,29.0,30.16,22.657981471,724300,0.0000,1.0
2012-07-03,28.34,30.29,28.08,29.21,21.944285105,414400,0.0000,1.0
2012-07-02,28.11,28.4099,26.98,28.34,21.2906894857,473600,0.0000,1.0
2012-06-29,27.17,28.66,26.51,28.02,21.0502864992,730100,0.0000,1.0
2012-06-28,24.58,26.6,24.32,26.32,19.7731456338,669300,0.0000,1.0
2012-06-27,24.46,25.43,24.38,24.89,18.6988447882,352800,0.0000,1.0
2012-06-26,24.23,24.71,23.64,24.53,18.4283914285,318700,0.0000,1.0
2012-06-25,23.99,24.33,23.54,24.13,18.1278876954,404800,0.0000,1.0
2012-06-22,24.06,24.66,23.79,24.49,18.3983410552,3365700,0.0000,1.0
2012-06-21,24.81,24.82,23.7,23.96,18.0001736089,382100,0.0000,1.0
2012-06-20,25.23,25.39,24.47,24.73,18.578643295,537100,0.0000,1.0
2012-06-19,24.75,25.74,24.48,25.37,19.0594492679,419800,0.0000,1.0
2012-06-18,23.94,24.57,23.3,24.39,18.3232151219,386900,0.0000,1.0
2012-06-15,23.76,25.01,23.56,24.41,18.3382403086,1243100,0.0000,1.0
2012-06-14,23.17,23.85,22.78,23.78,17.864946929,353900,0.0000,1.0
2012-06-13,23.9,24.11,23.01,23.19,17.4217039228,365700,0.0000,1.0
2012-06-12,23.37,24.06,23.13,24.03,18.0527617622,443400,0.0000,1.0
2012-06-11,25.26,25.72,23.07,23.1,17.3540905829,680500,0.0000,1.0
2012-06-08,25.24,26.638,24.65,25.12,18.8716344347,402600,0.0000,1.0
2012-06-07,26.01,26.63,25.38,25.41,19.0894996412,330700,0.0000,1.0
2012-06-06,25.27,25.92,24.97,25.53,19.1796507611,518500,0.0000,1.0
2012-06-05,25.24,25.64,24.56,24.85,18.6687944149,535700,0.0000,1.0
2012-06-04,25.81,26.51,24.31,25.29,18.9993485213,591200,0.0000,1.0
2012-06-01,25.53,26.25,25.23,25.68,19.292339661,763000,0.0000,1.0
2012-05-31,27.38,27.38,25.85,26.08,19.592843394,461400,0.0000,1.0
2012-05-30,27.7,27.7,27.1,27.36,20.5544553397,291600,0.0000,1.0
2012-05-29,27.5,28.61,27.43,28.22,21.2005383658,277000,0.0000,1.0
2012-05-25,26.6,27.66,26.2,27.13,20.3816656932,319100,0.0000,1.0
2012-05-24,28.44,28.595,26.72,26.77,20.1112123335,641600,0.0000,1.0
2012-05-23,26.77,28.29,26.22,28.28,21.2456139257,591000,0.0000,1.0
2012-05-22,27.56,28.35,26.9,27.13,20.3816656932,533500,0.0000,1.0
2012-05-21,26.51,27.91,26.12,27.515,20.6709005363,788400,0.0000,1.0
2012-05-18,31.96,32.43,25.59,26.26,19.7280700739,2205400,0.0000,1.0
2012-05-17,32.68,33.41,32.26,32.34,24.295726816,242700,0.0000,1.0
2012-05-16,33.52,34.18,32.66,32.69,24.5586675824,309700,0.0000,1.0
2012-05-15,34.64,35.34,33.23,33.35,25.0544987419,328100,0.1875,1.0
2012-05-14,35.72,35.79,34.84,34.91,26.0798375276,271500,0.0000,1.0
2012-05-11,36.48,36.8349,35.75,35.81,26.7521908296,241700,0.0000,1.0
2012-05-10,37.2,37.36,36.22,36.92,27.5814265688,278000,0.0000,1.0
2012-05-09,35.77,37.34,35.75,36.64,27.372249986,302100,0.0000,1.0
2012-05-08,36.93,36.98,35.68,36.43,27.2153675488,385100,0.0000,1.0
2012-05-07,37.08,38.16,36.92,37.32,27.8802502587,339000,0.0000,1.0
2012-05-04,38.4,38.44,37.14,37.16,27.7607207827,422200,0.0000,1.0
2012-05-03,39.16,39.43,38.5,38.84,29.0157802799,248500,0.0000,1.0
2012-05-02,39.54,39.94,38.42,39.18,29.2697804162,235300,0.0000,1.0
2012-05-01,39.7,40.54,39.5606,39.99,29.8748983881,230000,0.0000,1.0
2012-04-30,39.79,39.97,39.11,39.87,29.7852512811,187000,0.0000,1.0
2012-04-27,40.0,40.08,39.41,39.91,29.8151336501,156800,0.0000,1.0
2012-04-26,39.37,39.95,39.28,39.76,29.7030747665,140500,0.0000,1.0
2012-04-25,39.79,40.21,39.15,39.53,29.5312511448,204600,0.0000,1.0
2012-04-24,38.36,39.63,38.07,39.16,29.2548392317,203300,0.0000,1.0
2012-04-23,38.46,38.5,37.32,38.32,28.6273094832,270200,0.0000,1.0
2012-04-20,39.57,39.89,38.87,38.92,29.0755450179,296000,0.0000,1.0
2012-04-19,40.21,40.44,39.05,39.38,29.4191922611,236100,0.0000,1.0
2012-04-18,39.42,40.56,39.2,39.95,29.8450160191,286200,0.0000,1.0
2012-04-17,40.98,41.4,39.73,39.79,29.7254865432,455100,0.0000,1.0
2012-04-16,40.53,41.02,39.95,40.45,30.2185456314,243400,0.0000,1.0
2012-04-13,40.94,40.94,40.08,40.21,30.0392514175,336100,0.0000,1.0
2012-04-12,39.94,41.55,39.46,41.18,30.7638988653,427400,0.0000,1.0
2012-04-11,40.04,40.73,39.44,39.7,29.658251213,401400,0.0000,1.0
2012-04-10,40.2,40.64,38.87,39.42,29.4490746301,488100,0.0000,1.0
2012-04-09,38.72,40.68,38.14,40.22,30.0467220097,488700,0.0000,1.0
2012-04-05,38.07,40.31,38.07,39.46,29.4789569991,902000,0.0000,1.0
2012-04-04,38.75,38.8655,37.83,38.06,28.4330740848,411600,0.0000,1.0
2012-04-03,39.75,40.07,38.64,39.17,29.262309824,358300,0.0000,1.0
2012-04-02,39.87,40.57,39.8,39.94,29.8375454269,435000,0.0000,1.0
2012-03-30,40.14,40.2499,39.81,39.895,29.8039277618,431000,0.0000,1.0
2012-03-29,39.78,40.38,39.27,40.0,29.8823689803,358900,0.0000,1.0
2012-03-28,40.56,40.77,39.88,40.2,30.0317808252,275300,0.0000,1.0
2012-03-27,41.16,41.56,40.5,40.58,30.3156633305,209400,0.0000,1.0
2012-03-26,41.17,41.9999,40.4,40.98,30.6144870204,175800,0.0000,1.0
2012-03-23,40.42,41.18,40.14,40.86,30.5248399134,250100,0.0000,1.0
2012-03-22,40.67,40.99,40.09,40.33,30.1288985244,436700,0.0000,1.0
2012-03-21,41.57,41.57,40.69,41.25,30.816193011,462000,0.0000,1.0
2012-03-20,42.07,42.5049,40.84,41.38,30.9133107102,538700,0.0000,1.0
2012-03-19,41.01,42.94,40.13,42.53,31.7724288183,600400,0.0000,1.0
2012-03-16,42.0,42.47,41.35,41.98,31.3615462449,1047600,0.0000,1.0
2012-03-15,42.95,42.95,42.1,42.23,31.548311051,512700,0.0000,1.0
2012-03-14,44.01,44.16,42.55,43.23,32.2953702755,235700,0.0000,1.0
2012-03-13,42.74,44.205,42.53,44.19,33.012547131,239100,0.0000,1.0
2012-03-12,42.69,43.4,42.06,42.33,31.6230169734,173700,0.0000,1.0
2012-03-09,42.46,43.65,42.34,42.86,32.0189583624,174600,0.0000,1.0
2012-03-08,42.66,43.01,41.8621,42.32,31.6155463812,187500,0.0000,1.0
2012-03-07,42.66,42.87,41.67,42.16,31.4960169053,239400,0.0000,1.0
2012-03-06,42.79,44.03,41.98,42.34,31.6304875657,202700,0.0000,1.0
2012-03-05,44.9,44.9,43.45,43.51,32.5045468584,181400,0.0000,1.0
2012-03-02,46.0,46.37,44.93,45.07,33.6699592486,115700,0.0000,1.0
2012-03-01,45.48,46.67,45.48,46.09,34.4319596576,161500,0.0000,1.0
2012-02-29,46.1,46.91,45.1,45.16,33.7371945788,312800,0.0000,1.0
2012-02-28,46.54,47.0,45.63,45.84,34.2451948515,208500,0.0000,1.0
2012-02-27,46.49,46.85,45.59,46.48,34.7233127551,197600,0.0000,1.0
2012-02-24,46.66,47.45,46.4317,46.85,34.9997246682,318900,0.0000,1.0
2012-02-23,44.78,46.52,44.35,46.47,34.7158421629,415600,0.0000,1.0
2012-02-22,44.69,45.1,44.28,44.62,33.3337825976,253500,0.0000,1.0
2012-02-21,43.61,45.195,43.48,44.7,33.3935473355,339000,0.0000,1.0
2012-02-17,43.51,43.71,42.93,43.36,32.3924879747,218600,0.0000,1.0
2012-02-16,41.15,43.44,41.0,43.41,32.4298409359,524700,0.0000,1.0
2012-02-15,41.61,41.7384,40.85,41.2,30.7788400497,237100,0.0000,1.0
2012-02-14,41.93,42.23,40.98,41.39,30.9207813024,498600,0.0170,1.0
2012-02-13,42.6,43.22,41.83,42.41,31.6697740729,155000,0.0000,1.0
2012-02-10,43.0,43.23,42.1,42.22,31.5278910954,219600,0.0000,1.0
2012-02-09,45.25,45.25,43.37,43.64,32.5882796637,356800,0.0000,1.0
2012-02-08,45.51,46.0,44.98,45.26,33.7980187347,290400,0.0000,1.0
2012-02-07,45.01,45.64,44.27,45.29,33.8204213101,154600,0.0000,1.0
2012-02-06,45.3,45.57,44.87,45.12,33.6934733829,191200,0.0000,1.0
2012-02-03,45.13,46.03,44.92,45.56,34.0220444885,203900,0.0000,1.0
2012-02-02,44.49,45.29,44.27,44.35,33.1184739479,171100,0.0000,1.0
2012-02-01,44.1,45.4,43.67,44.64,33.3350321767,215100,0.0000,1.0
2012-01-31,44.65,45.0,43.16,43.63,32.5808121386,386800,0.0000,1.0
2012-01-30,44.63,44.92,43.72,44.5,33.2304868249,227200,0.0000,1.0
2012-01-27,45.41,45.62,44.58,45.29,33.8204213101,121800,0.0000,1.0
2012-01-26,46.66,46.89,45.15,45.54,34.0071094383,175300,0.0000,1.0
2012-01-25,45.71,46.19,44.65,46.15,34.4626284712,256200,0.0000,1.0
2012-01-24,45.57,45.82,44.68,45.73,34.1489924157,209600,0.0000,1.0
2012-01-23,45.66,46.72,45.5,45.71,34.1340573655,163600,0.0000,1.0
2012-01-20,44.85,45.8,44.36,45.49,33.9697718126,307600,0.0000,1.0
2012-01-19,45.01,45.43,44.65,44.79,33.4470450536,266500,0.0000,1.0
2012-01-18,44.11,45.06,43.57,44.64,33.3350321767,280500,0.0000,1.0
2012-01-17,44.21,44.89,43.69,43.87,32.7600327417,236000,0.0000,1.0
2012-01-13,43.74,43.88,43.03,43.8,32.7077600658,268300,0.0000,1.0
2012-01-12,43.89,44.39,42.97,44.28,33.066201272,258200,0.0000,1.0
2012-01-11,43.34,44.1,43.27,43.67,32.6106822391,219700,0.0000,1.0
2012-01-10,44.39,44.82,43.68,43.71,32.6405523396,412100,0.0000,1.0
2012-01-09,42.77,44.988,42.75,44.18,32.9915260207,460400,0.0000,1.0
2012-01-06,44.72,44.87,43.63,43.7,32.6330848145,451300,0.0000,1.0
2012-01-05,44.49,45.03,43.322,44.71,33.3873048526,311500,0.0000,1.0
2012-01-04,44.07,45.26,43.93,44.96,33.5739929808,227900,0.0000,1.0
2012-01-03,43.65,45.46,43.47,44.58,33.2902270259,525800,0.0000,1.0
2011-12-30,42.49,42.99,41.87,42.28,31.5726962462,242600,0.0000,1.0
2011-12-29,41.68,42.57,41.07,42.43,31.6847091231,557900,0.0000,1.0
2011-12-28,42.3,42.78,40.95,41.15,30.7288659066,386600,0.0000,1.0
2011-12-27,43.56,43.76,42.4,42.66,31.8564622011,224000,0.0000,1.0
2011-12-23,44.16,44.48,43.54,43.76,32.6778899653,166900,0.0000,1.0
2011-12-22,42.96,44.35,42.82,44.05,32.894448194,222000,0.0000,1.0
2011-12-21,42.51,43.15,41.65,42.67,31.8639297262,284900,0.0000,1.0
2011-12-20,41.61,43.5,41.61,42.695,31.882598539,480200,0.0000,1.0
2011-12-19,42.81,44.66,41.35,41.54,31.0200993866,1155900,0.0000,1.0
2011-12-16,45.39,46.78,44.95,45.73,34.1489924157,753800,0.0000,1.0
2011-12-15,44.86,45.41,43.93,44.8,33.4545125787,188800,0.0000,1.0
2011-12-14,44.56,45.29,43.47,44.0,32.8571105684,215700,0.0000,1.0
2011-12-13,46.78,47.11,44.6,45.09,33.6710708075,169000,0.0000,1.0
2011-12-12,46.54,47.16,45.31,46.2,34.4999660968,198900,0.0000,1.0
2011-12-09,46.49,47.88,45.81,47.64,35.5752897154,192000,0.0000,1.0
2011-12-08,47.36,47.39,45.72,46.02,34.3655506445,211000,0.0000,1.0
2011-12-07,48.11,48.48,46.9,48.02,35.8590556703,283600,0.0000,1.0
2011-12-06,48.15,49.35,47.3,48.67,36.3444448037,219000,0.0000,1.0
2011-12-05,47.53,49.24,47.4,48.15,35.956133497,341300,0.0000,1.0
2011-12-02,46.98,48.0,46.3,46.81,34.9554851297,255700,0.0000,1.0
2011-12-01,46.0,46.63,45.1,46.1,34.4252908455,245900,0.0000,1.0
2011-11-30,44.82,47.66,44.78,46.39,34.6418490743,585300,0.0000,1.0
2011-11-29,43.33,43.93,42.8,43.27,32.311981234,237500,0.0170,1.0
2011-11-28,42.59,43.88,42.28,43.22,32.2619684647,336000,0.0000,1.0
2011-11-25,41.22,41.7,40.55,41.06,30.6496165007,116000,0.0000,1.0
2011-11-23,43.0,43.0,41.37,41.45,30.9407356053,165100,0.0000,1.0
2011-11-22,44.07,44.76,42.57,43.59,32.5381583845,127100,0.0000,1.0
2011-11-21,44.29,45.12,42.42,44.05,32.8815296361,218100,0.0000,1.0
2011-11-18,45.99,46.56,44.69,45.27,33.792209912,192600,0.0000,1.0
2011-11-17,46.85,48.19,45.13,45.53,33.9862893151,188200,0.0000,1.0
2011-11-16,47.27,48.43,46.82,47.09,35.1507657335,165800,0.0000,1.0
2011-11-15,46.61,48.35,45.99,47.95,35.7927206822,175600,0.0000,1.0
2011-11-14,46.69,47.3292,45.85,46.92,35.0238676623,193600,0.0000,1.0
2011-11-11,46.35,48.55,46.35,47.09,35.1507657335,200400,0.0000,1.0
2011-11-10,45.81,46.516,44.58,45.95,34.299802197,169900,0.0000,1.0
2011-11-09,47.2,47.5,44.34,44.91,33.5234845847,324300,0.0000,1.0
2011-11-08,48.55,49.38,47.74,48.84,36.4570694081,149500,0.0000,1.0
2011-11-07,49.04,49.57,46.79,48.05,35.8673666064,186800,0.0000,1.0
2011-11-04,48.15,49.45,47.36,49.07,36.6287550339,165400,0.0000,1.0
2011-11-03,48.38,48.96,47.13,48.83,36.4496048156,260200,0.0000,1.0
2011-11-02,46.51,47.76,45.75,47.6,35.5314599473,215400,0.0000,1.0
2011-11-01,45.92,46.74,44.52,45.73,34.1355811636,319300,0.0000,1.0
2011-10-31,49.85,49.85,46.64,46.8,34.9342925532,425200,0.0000,1.0
2011-10-28,49.25,51.98,48.53,51.15,38.1813902584,450900,0.0000,1.0
2011-10-27,45.61,50.83,45.61,50.67,37.823089822,623300,0.0000,1.0
2011-10-26,43.73,44.62,42.0,44.26,33.038286077,214800,0.0000,1.0
2011-10-25,44.64,45.15,42.83,43.0,32.0977474313,322800,0.0000,1.0
2011-10-24,42.82,45.39,42.82,45.24,33.7698161347,364700,0.0000,1.0
2011-10-21,39.35,43.42,39.35,42.67,31.8514158813,528300,0.0000,1.0
2011-10-20,38.74,40.14,38.74,39.53,29.5075338596,360800,0.0000,1.0
2011-10-19,40.65,41.02,39.03,39.63,29.5821797838,255200,0.0000,1.0
2011-10-18,39.32,41.22,38.11,40.92,30.5451122068,258200,0.0000,1.0
2011-10-17,41.11,41.415,38.88,39.15,29.2238793474,221300,0.0000,1.0
2011-10-14,41.04,41.74,40.49,41.51,30.9855231599,174700,0.0000,1.0
2011-10-13,40.99,40.99,39.15,40.4,30.1569534006,256300,0.0000,1.0
2011-10-12,40.42,42.3,40.27,41.44,30.9332710129,254400,0.0000,1.0
2011-10-11,39.25,40.57,39.0,39.93,29.8061175566,179100,0.0000,1.0
2011-10-10,38.85,39.92,38.72,39.65,29.5971089687,171800,0.0000,1.0
2011-10-07,39.39,39.45,37.03,37.88,28.2758761093,159700,0.0000,1.0
2011-10-06,38.36,39.81,37.6,39.1,29.1865563852,173200,0.0000,1.0
2011-10-05,36.13,38.99,36.03,38.52,28.7536100245,493600,0.0000,1.0
2011-10-04,33.59,36.35,32.82,36.3,27.096470506,327300,0.0000,1.0
2011-10-03,36.35,36.71,33.73,33.78,25.2153932147,292200,0.0000,1.0
2011-09-30,36.58,37.14,35.71,36.8,27.4697001273,267600,0.0000,1.0
2011-09-29,37.8,37.8,36.01,37.14,27.7234962698,303500,0.0000,1.0
2011-09-28,39.49,39.91,36.375,36.8,27.4697001273,399600,0.0000,1.0
2011-09-27,38.14,40.81,37.97,39.29,29.3283836413,431400,0.0000,1.0
2011-09-26,36.57,37.23,35.91,37.2,27.7682838243,303400,0.0000,1.0
2011-09-23,35.39,36.74,35.39,36.21,27.0292891742,318600,0.0000,1.0
2011-09-22,37.52,37.9,35.2,35.84,26.7530992544,564800,0.0000,1.0
2011-09-21,39.99,40.36,38.65,38.71,28.8954372806,269800,0.0000,1.0
2011-09-20,41.73,42.01,39.95,40.0,29.8583697036,263600,0.0000,1.0
2011-09-19,41.74,41.86,40.29,41.5,30.9780585675,213100,0.0000,1.0
2011-09-16,43.01,43.54,41.92,42.81,31.9559201753,320400,0.0000,1.0
2011-09-15,42.73,43.35,41.83,42.97,32.0753536541,138000,0.0000,1.0
2011-09-14,42.0,42.91,40.66,42.2,31.5005800373,151500,0.0000,1.0
2011-09-13,40.3,41.99,40.3,41.71,31.1348150084,228100,0.0000,1.0
2011-09-12,39.99,40.95,39.19,40.2,30.0076615521,177800,0.0000,1.0
2011-09-09,41.57,41.57,40.0,40.5,30.2315993249,241800,0.0000,1.0
2011-09-08,42.68,43.21,41.95,42.33,31.5976197388,154300,0.0000,1.0
2011-09-07,41.34,43.18,41.34,43.03,32.1201412086,275500,0.0000,1.0
2011-09-06,41.21,41.74,39.88,40.56,30.2763868794,318800,0.0000,1.0
2011-09-02,43.2,43.41,41.89,42.21,31.5080446297,117800,0.0000,1.0
2011-09-01,45.5,45.9971,44.19,44.33,33.090538224,169600,0.0000,1.0
2011-08-31,45.55,46.53,45.12,45.54,33.9937539075,228100,0.0000,1.0
2011-08-30,44.52,45.785,44.11,45.49,33.9564309454,327900,0.0000,1.0
2011-08-29,42.4,44.59,42.06,44.57,33.2696884422,181200,0.0000,1.0
2011-08-26,40.08,42.06,39.33,42.03,31.373681966,292500,0.0000,1.0
2011-08-25,41.24,42.07,40.28,40.65,30.3435682113,318500,0.0000,1.0
2011-08-24,39.78,41.35,39.55,41.2,30.7541207947,316200,0.0000,1.0
2011-08-23,38.9,39.8698,38.76,39.7,29.6344319308,377900,0.0000,1.0
2011-08-22,40.53,40.53,38.49,38.7,28.8879726882,333300,0.0000,1.0
2011-08-19,40.28,41.63,39.32,39.62,29.5747151914,448100,0.0000,1.0
2011-08-18,41.68,41.86,39.85,40.76,30.4256787279,329800,0.0000,1.0
2011-08-17,43.83,44.14,42.42,42.87,32.0007077298,260800,0.0000,1.0
2011-08-16,44.34,44.97,43.38,43.43,32.4187249057,370100,0.0170,1.0
2011-08-15,43.57,44.75,43.01,44.75,33.3909807243,316200,0.0000,1.0
2011-08-12,42.12,43.93,42.12,43.15,32.1971132571,334200,0.0000,1.0
2011-08-11,40.52,41.98,40.01,41.5,30.9659374315,461400,0.0000,1.0
2011-08-10,41.97,42.34,40.07,40.15,29.958611756,303800,0.0000,1.0
2011-08-09,41.36,43.12,39.75,43.12,32.174728242,365300,0.0000,1.0
2011-08-08,44.45,44.87,40.11,40.36,30.1153068611,521300,0.0000,1.0
2011-08-05,48.31,48.75,44.54,45.79,34.166994578,547700,0.0000,1.0
2011-08-04,49.92,49.92,47.47,47.63,35.5399421653,736800,0.0000,1.0
2011-08-03,49.92,50.74,48.82,50.69,37.8232136964,457100,0.0000,1.0
2011-08-02,49.8,51.09,49.64,49.82,37.1740482611,366600,0.0000,1.0
2011-08-01,51.46,51.908,49.6,50.27,37.5098234863,210200,0.0000,1.0
2011-07-29,49.93,51.11,49.53,50.79,37.8978304131,191700,0.0000,1.0
2011-07-28,50.9,51.33,50.21,50.31,37.5396701729,431300,0.0000,1.0
2011-07-27,53.05,53.18,50.78,50.89,37.9724471298,358800,0.0000,1.0
2011-07-26,54.4,55.03,53.1,53.23,39.7184783006,298900,0.0000,1.0
2011-07-25,55.44,55.869,54.55,54.65,40.7780356778,254300,0.0000,1.0
2011-07-22,55.96,56.2623,55.46,55.94,41.7405913233,182200,0.0000,1.0
2011-07-21,55.97,56.25,55.28,56.01,41.792823025,207800,0.0000,1.0
2011-07-20,56.8,56.96,55.5645,55.7,41.5615112032,213600,0.0000,1.0
2011-07-19,56.26,57.11,55.54,56.62,42.2479849969,344400,0.0000,1.0
2011-07-18,55.77,56.33,55.16,55.55,41.4495861281,264600,0.0000,1.0
2011-07-15,56.3,56.3,55.33,55.95,41.7480529949,336200,0.0000,1.0
2011-07-14,56.55,57.07,54.9,55.99,41.7778996816,278600,0.0000,1.0
2011-07-13,56.48,58.22,56.18,56.24,41.9644414734,237400,0.0000,1.0
2011-07-12,56.23,57.31,55.91,55.92,41.7256679799,304400,0.0000,1.0
2011-07-11,56.84,57.54,55.86,56.48,42.1435215935,215900,0.0000,1.0
2011-07-08,57.93,58.17,57.03,57.96,43.2478490007,271900,0.0000,1.0
2011-07-07,58.0,59.06,57.34,58.57,43.7030109725,314900,0.0000,1.0
2011-07-06,57.18,57.36,56.53,57.25,42.7180703121,313800,0.0000,1.0
2011-07-05,57.5,57.73,56.68,57.37,42.8076103721,482100,0.0000,1.0
2011-07-01,57.41,57.8,56.2242,57.65,43.0165371789,274700,0.0000,1.0
2011-06-30,54.67,57.69,54.5,57.6,42.9792288205,679700,0.0000,1.0
2011-06-29,55.14,56.73,55.13,56.44,42.1136749068,679800,0.0000,1.0
2011-06-28,53.74,54.915,53.22,54.59,40.7332656478,346900,0.0000,1.0
2011-06-27,52.7,53.39,52.15,53.27,39.7483249873,292800,0.0000,1.0
2011-06-24,53.33,54.15,52.6,52.71,39.3304713738,469600,0.0000,1.0
2011-06-23,52.29,53.56,51.34,53.4,39.845326719,343700,0.0000,1.0
2011-06-22,53.3,54.48,52.98,53.07,39.5990915539,258400,0.0000,1.0
2011-06-21,53.66,54.34,53.52,53.58,39.9796368091,299400,0.0000,1.0
2011-06-20,52.47,53.4199,52.46,53.21,39.7035549573,126100,0.0000,1.0
2011-06-17,53.77,53.94,52.14,52.51,39.1812379404,297200,0.0000,1.0
2011-06-16,53.77,54.29,52.3,53.15,39.6587849273,315700,0.0000,1.0
2011-06-15,54.37,55.1286,52.924,53.13,39.6438615839,203200,0.0000,1.0
2011-06-14,53.91,55.02,53.25,54.84,40.9198074396,332400,0.0000,1.0
2011-06-13,54.58,54.73,52.43,53.25,39.733401644,450200,0.0000,1.0
2011-06-10,54.88,55.64,54.34,54.88,40.9496541262,155600,0.0000,1.0
2011-06-09,54.76,55.55,54.5,55.23,41.2108126347,277100,0.0000,1.0
2011-06-08,55.89,56.34,54.53,54.63,40.7631123345,225000,0.0000,1.0
2011-06-07,56.27,57.16,56.08,56.14,41.8898247567,160200,0.0000,1.0
2011-06-06,56.79,57.26,55.44,55.87,41.6883596216,247000,0.0000,1.0
2011-06-03,57.03,57.59,55.89,56.73,42.3300633852,292000,0.0000,1.0
2011-06-02,58.04,59.41,57.47,58.04,43.307542374,265600,0.0000,1.0
2011-06-01,58.76,59.29,57.21,57.57,42.9568438055,415800,0.0000,1.0
2011-05-31,58.94,59.68,58.0,59.1,44.0984795711,583500,0.0000,1.0
2011-05-27,57.25,58.29,57.16,58.11,43.3597740757,161400,0.0000,1.0
2011-05-26,56.43,57.1,55.97,56.91,42.4643734753,165600,0.0000,1.0
2011-05-25,55.69,56.4985,55.1,56.42,42.0987515634,237200,0.0000,1.0
2011-05-24,55.05,55.99,54.41,54.95,41.0018858279,325700,0.0000,1.0
2011-05-23,55.2,55.42,54.45,54.47,40.6437255878,372900,0.0000,1.0
2011-05-20,57.12,57.12,55.65,56.34,42.0390581901,248400,0.0000,1.0
2011-05-19,57.41,57.7,56.0,56.94,42.4867584903,350100,0.0000,1.0
2011-05-18,55.29,56.47,54.67,56.32,42.0241348467,183500,0.0000,1.0
2011-05-17,55.49,55.77,54.32,55.05,41.0765025446,410700,0.0170,1.0
2011-05-16,55.0,56.37,54.4,55.53,41.4218712896,526100,0.0000,1.0
2011-05-13,56.77,56.77,54.73,55.08,41.0861997232,304200,0.0000,1.0
2011-05-12,56.72,57.65,55.79,56.86,42.4139672524,246000,0.0000,1.0
2011-05-11,58.25,58.27,56.35,57.0,42.5183984064,233700,0.0000,1.0
2011-05-10,58.31,58.74,57.46,58.34,43.5179537373,193600,0.0000,1.0
2011-05-09,57.6,58.66,56.9,58.15,43.3762257426,177000,0.0000,1.0
2011-05-06,58.88,59.4,57.15,57.59,42.9585011267,257000,0.0000,1.0
2011-05-05,57.83,58.86,57.44,58.02,43.2792539568,253800,0.0000,1.0
2011-05-04,59.69,59.69,58.1,58.19,43.4060632152,269800,0.0000,1.0
2011-05-03,60.03,60.21,58.52,59.57,44.4354560187,257000,0.0000,1.0
2011-05-02,62.588,62.588,60.1,60.3,44.9799898931,207000,0.0000,1.0
2011-04-29,61.32,62.5894,61.01,62.07,46.3002980541,352000,0.0000,1.0
2011-04-28,59.62,61.97,59.62,61.35,45.7632235479,315900,0.0000,1.0
2011-04-27,59.72,60.38,58.0,59.82,44.6219402223,224000,0.0000,1.0
2011-04-26,60.27,60.27,59.31,59.61,44.4652934913,310600,0.0000,1.0
2011-04-25,60.5,60.9,59.74,59.93,44.7039932718,105400,0.0000,1.0
2011-04-21,60.88,60.88,60.0707,60.67,45.2559865143,116100,0.0000,1.0
2011-04-20,60.61,60.7301,59.5,60.55,45.1664740966,263200,0.0000,1.0
2011-04-19,59.02,59.68,58.72,59.61,44.4652934913,328300,0.0000,1.0
2011-04-18,59.25,59.4,57.44,58.62,43.7268160453,525000,0.0000,1.0
2011-04-15,60.69,60.75,59.62,60.04,44.7860463214,298600,0.0000,1.0
2011-04-14,60.25,61.48,59.16,59.94,44.71145264,350600,0.0000,1.0
2011-04-13,61.23,61.23,59.58,60.57,45.1813928329,466700,0.0000,1.0
2011-04-12,61.0,61.0,59.78,60.59,45.1963115692,400400,0.0000,1.0
2011-04-11,63.04,63.64,60.71,61.35,45.7632235479,402200,0.0000,1.0
2011-04-08,64.25,64.25,62.93,63.26,47.1879628629,478300,0.0000,1.0
2011-04-07,63.9,64.46,63.54,63.77,47.5683906381,297800,0.0000,1.0
2011-04-06,64.49,64.85,63.64,63.96,47.7101186328,346300,0.0000,1.0
2011-04-05,65.37,66.0,63.02,64.205,47.8928731523,1197000,0.0000,1.0
2011-04-04,66.66,67.09,65.32,66.01,49.2392891018,381300,0.0000,1.0
2011-04-01,65.55,66.06,64.8401,65.83,49.1050204753,297300,0.0000,1.0
2011-03-31,66.23,66.7,65.01,65.01,48.4933522877,274800,0.0000,1.0
2011-03-30,67.01,67.135,65.8,66.36,49.5003669868,210800,0.0000,1.0
2011-03-29,65.35,66.66,64.87,66.52,49.6197168771,159900,0.0000,1.0
2011-03-28,65.79,66.72,64.38,65.21,48.6425396505,119900,0.0000,1.0
2011-03-25,66.0,67.14,65.64,65.68,48.9931299532,145500,0.0000,1.0
2011-03-24,65.38,66.61,64.73,66.15,49.3437202558,167200,0.0000,1.0
2011-03-23,64.35,65.3,63.42,65.03,48.508271024,137400,0.0000,1.0
2011-03-22,63.78,64.98,62.85,64.35,48.0010339904,335500,0.0000,1.0
2011-03-21,63.55,63.82,61.93,63.75,47.5534719019,217400,0.0000,1.0
2011-03-18,63.17,63.93,62.18,62.23,46.4196479444,1376400,0.0000,1.0
2011-03-17,62.4,62.75,61.51,62.15,46.3599729992,217000,0.0000,1.0
2011-03-16,62.44,63.31,59.84,60.89,45.4200926134,227900,0.0000,1.0
2011-03-15,60.84,63.15,60.84,62.49,46.613591516,293800,0.0000,1.0
2011-03-14,62.25,63.12,61.26,63.05,47.031316132,234300,0.0000,1.0
2011-03-11,60.5,62.6125,60.5,62.53,46.6434289886,244000,0.0000,1.0
2011-03-10,61.3,61.42,60.4,60.91,45.4350113497,228100,0.0000,1.0
2011-03-09,63.03,64.07,61.95,62.39,46.5389978346,239200,0.0000,1.0
2011-03-08,63.57,64.69,62.6,64.32,47.9786558859,146900,0.0000,1.0
2011-03-07,65.99,66.0,63.31,63.58,47.4266626435,157000,0.0000,1.0
2011-03-04,64.2,65.43,64.0,65.42,48.7991863815,260500,0.0000,1.0
2011-03-03,63.52,64.4,63.0401,64.24,47.9189809408,212500,0.0000,1.0
2011-03-02,61.44,63.66,61.44,62.33,46.4942416258,180500,0.0000,1.0
2011-03-01,64.41,64.5585,61.34,61.55,45.9124109107,206300,0.0000,1.0
2011-02-28,62.95,64.49,62.95,64.2,47.8891434682,296100,0.0000,1.0
2011-02-25,61.9,63.12,61.775,62.95,46.9567224505,261700,0.0000,1.0
2011-02-24,61.03,62.17,60.53,61.46,45.8452765975,208800,0.0000,1.0
2011-02-23,62.4,63.4,60.25,61.23,45.6737111302,508400,0.0000,1.0
2011-02-22,64.12,64.75,62.09,62.39,46.5389978346,319300,0.0000,1.0
2011-02-18,64.98,65.26,64.2,64.91,48.4187586063,352900,0.0000,1.0
2011-02-17,62.88,65.0,62.87,64.88,48.3963805018,346500,0.0000,1.0
2011-02-16,62.73,63.19,62.7,63.03,47.0163973957,269600,0.0000,1.0
2011-02-15,61.6,62.45,61.6,62.39,46.5389978346,285500,0.0170,1.0
2011-02-14,61.39,62.46,61.39,61.65,45.9744774866,183700,0.0000,1.0
2011-02-11,60.08,61.77,59.88,61.42,45.8029587547,202900,0.0000,1.0
2011-02-10,59.2,61.07,59.13,60.47,45.0945118185,226200,0.0000,1.0
2011-02-09,60.76,61.21,59.82,59.99,44.7365596824,221800,0.0000,1.0
2011-02-08,61.22,61.27,60.51,61.07,45.5419519887,152400,0.0000,1.0
2011-02-07,60.11,61.13,60.11,60.94,45.4450066185,195500,0.0000,1.0
2011-02-04,62.2,62.26,59.66,60.23,44.9155357505,603900,0.0000,1.0
2011-02-03,62.47,62.67,61.83,62.34,46.4890336823,257000,0.0000,1.0
2011-02-02,62.65,63.11,61.92,62.49,46.6008937248,186500,0.0000,1.0
2011-02-01,62.01,63.16,61.71,62.86,46.8768151631,271900,0.0170,1.0
2011-01-31,60.58,61.7399,60.03,61.7,45.9993240066,185900,0.0000,1.0
2011-01-28,62.08,62.46,60.03,60.26,44.9257579358,211400,0.0000,1.0
2011-01-27,63.1,63.13,61.535,62.21,46.3795453234,111200,0.0000,1.0
2011-01-26,62.09,63.71,61.64,63.3,47.1921751964,379100,0.0000,1.0
2011-01-25,61.39,62.83,60.27,61.77,46.0515112462,255500,0.0000,1.0
2011-01-24,60.87,62.03,60.7,61.64,45.954592087,211100,0.0000,1.0
2011-01-21,62.71,62.74,60.83,60.88,45.3879877718,287800,0.0000,1.0
2011-01-20,61.65,62.35,61.0,62.0,46.2229836047,307700,0.0000,1.0
2011-01-19,62.45,62.97,61.7,61.86,46.1186091256,340500,0.0000,1.0
2011-01-18,62.73,63.1,62.04,62.6,46.6703028009,491200,0.0000,1.0
2011-01-14,64.18,64.78,62.91,62.95,46.9312389986,516300,0.0000,1.0
2011-01-13,64.85,65.49,63.84,64.12,47.8035114312,409500,0.0000,1.0
2011-01-12,64.43,64.99,63.61,64.85,48.3477497865,397100,0.0000,1.0
2011-01-11,64.66,65.8,63.33,64.06,47.7587795116,492100,0.0000,1.0
2011-01-10,63.6,64.49,63.2254,64.37,47.9898944296,307100,0.0000,1.0
2011-01-07,64.33,65.32,63.11,64.17,47.8407880309,1711500,0.0000,1.0
2011-01-06,68.03,69.21,67.9,68.87,51.3447884009,264800,0.0000,1.0
2011-01-05,67.16,68.67,66.61,68.1,50.7707287658,356500,0.0000,1.0
2011-01-04,68.54,69.43,65.71,67.73,50.4948819282,242300,0.0000,1.0
2011-01-03,67.08,68.69,66.76,67.6,50.397962769,186500,0.0000,1.0
2010-12-31,66.46,66.85,65.88,66.39,49.4958690567,134000,0.0000,1.0
2010-12-30,65.73,66.65,65.73,66.31,49.4362264972,125800,0.0000,1.0
2010-12-29,65.68,66.14,65.4,65.88,49.11564774,117400,0.0000,1.0
2010-12-28,65.61,65.91,65.34,65.77,49.0336392207,102300,0.0000,1.0
2010-12-27,65.58,65.65,64.46,65.52,48.8472562223,103100,0.0000,1.0
2010-12-23,65.88,66.24,65.51,65.87,49.10819242,85900,0.0000,1.0
2010-12-22,66.11,66.3499,65.55,65.83,49.0783711403,153800,0.0000,1.0
2010-12-21,65.62,66.42,65.44,66.09,49.2722094586,260100,0.0000,1.0
2010-12-20,66.15,66.15,64.34,65.3,48.6832391837,276400,0.0000,1.0
2010-12-17,64.36,66.0613,64.15,65.79,49.0485498605,303800,0.0000,1.0
2010-12-16,61.5,65.4,61.5,64.92,48.3999370261,461700,0.0000,1.0
2010-12-15,63.1,63.5,61.74,61.81,46.0813325259,224500,0.0000,1.0
2010-12-14,61.54,64.4201,61.54,63.12,47.0579794376,453400,0.0000,1.0
2010-12-13,61.75,62.68,61.5,61.63,45.9471367671,184700,0.0000,1.0
2010-12-10,61.25,61.64,60.415,61.22,45.6414686497,285000,0.0000,1.0
2010-12-09,60.95,61.62,60.43,61.28,45.6862005693,274000,0.0000,1.0
2010-12-08,60.61,60.99,59.8,60.09,44.7990174969,144300,0.0000,1.0
2010-12-07,61.4,62.74,60.08,60.46,45.0748643345,391800,0.0000,1.0
2010-12-06,59.52,60.54,59.07,60.38,45.015221775,373300,0.0000,1.0
2010-12-03,59.32,59.88,58.51,59.45,44.321877021,180900,0.0000,1.0
2010-12-02,59.52,59.92,58.01,59.42,44.2995110612,216800,0.0000,1.0
2010-12-01,58.0,59.93,58.0,59.52,44.3740642605,478700,0.0000,1.0
2010-11-30,56.1,58.0,55.7,57.09,42.562421516,369300,0.0000,1.0
2010-11-29,56.06,57.15,55.65,57.05,42.5326002363,160500,0.0000,1.0
2010-11-26,56.29,56.77,55.92,56.32,41.9883618809,43500,0.0000,1.0
2010-11-24,56.36,56.93,55.91,56.89,42.4133151173,123700,0.0000,1.0
2010-11-23,56.18,56.33,55.05,55.9,41.6752384436,357500,0.0000,1.0
2010-11-22,55.29,56.49,54.71,56.41,42.0554597603,283600,0.0000,1.0
2010-11-19,54.63,56.18,54.39,55.6,41.4515788455,414700,0.0000,1.0
2010-11-18,53.51,55.195,53.21,54.84,40.8849745304,426100,0.0000,1.0
2010-11-17,52.83,53.89,52.61,52.68,39.2746254241,197800,0.0000,1.0
2010-11-16,54.36,54.36,51.83,52.7,39.289536064,447900,0.0170,1.0
2010-11-15,52.58,55.0,52.383,54.58,40.6780142719,405500,0.0000,1.0
2010-11-12,52.85,52.95,51.42,52.13,38.8520499083,279900,0.0000,1.0
2010-11-11,52.31,53.77,51.89,53.28,39.7091352218,267800,0.0000,1.0
2010-11-10,51.67,52.99,51.0101,52.99,39.4930006645,323100,0.0000,1.0
2010-11-09,52.76,53.0,51.59,51.83,38.6284624352,489900,0.0000,1.0
2010-11-08,53.01,53.08,52.29,52.83,39.3737540122,237100,0.0000,1.0
2010-11-05,52.97,54.36,52.96,53.14,39.6047944011,346100,0.0000,1.0
2010-11-04,52.98,53.99,52.6316,53.15,39.6122473168,330600,0.0000,1.0
2010-11-03,52.79,53.01,51.78,52.13,38.8520499083,257100,0.0000,1.0
2010-11-02,52.5,53.58,52.41,53.27,39.7016823061,332900,0.0000,1.0
2010-11-01,51.78,52.7,51.33,51.91,38.6880857614,263500,0.0000,1.0
2010-10-29,51.04,52.13,50.71,51.69,38.5241216144,274000,0.0000,1.0
2010-10-28,51.0,51.63,50.6,51.31,38.2409108152,128000,0.0000,1.0
2010-10-27,51.45,51.77,49.11,50.69,37.7788300374,454100,0.0000,1.0
2010-10-26,51.93,52.53,50.08,52.05,38.7924265821,137700,0.0000,1.0
2010-10-25,52.31,53.25,52.13,52.59,39.1948840337,244600,0.0000,1.0
2010-10-22,51.58,52.05,51.07,51.82,38.6210095194,344100,0.0000,1.0
2010-10-21,50.54,52.5,49.92,51.36,38.278175394,614800,0.0000,1.0
2010-10-20,49.54,50.02,48.84,49.06,36.564004767,420800,0.0000,1.0
2010-10-19,50.57,50.88,49.21,49.35,36.7801393243,260800,0.0000,1.0
2010-10-18,50.43,51.84,50.12,51.6,38.4570453725,195700,0.0000,1.0
2010-10-15,50.57,50.6,49.51,50.35,37.5254309013,214800,0.0000,1.0
2010-10-14,50.31,50.31,49.26,50.22,37.4285429963,399200,0.0000,1.0
2010-10-13,50.47,51.18,50.39,50.45,37.599960059,325800,0.0000,1.0
2010-10-12,49.77,50.165,48.76,50.0,37.2645788493,292200,0.0000,1.0
2010-10-11,49.95,51.2,49.85,50.03,37.2869375966,285400,0.0000,1.0
2010-10-08,49.03,50.2,48.89,49.87,37.1676909443,372500,0.0000,1.0
2010-10-07,49.25,49.83,48.75,49.39,36.8099509874,240300,0.0000,1.0
2010-10-06,49.12,49.48,48.54,49.14,36.6236280931,318000,0.0000,1.0
2010-10-05,48.46,49.47,48.33,48.95,36.4820226935,251300,0.0000,1.0
2010-10-04,48.05,48.5,47.5,48.22,35.9379598423,335800,0.0000,1.0
2010-10-01,48.94,49.09,47.55,48.17,35.9006952634,368700,0.0000,1.0
2010-09-30,48.01,48.79,47.19,48.28,35.9826773369,389200,0.0000,1.0
2010-09-29,46.88,48.0,46.55,47.51,35.4088028226,211900,0.0000,1.0
2010-09-28,47.26,47.8084,45.78,46.97,35.0063453711,367100,0.0000,1.0
2010-09-27,47.69,48.35,47.01,47.22,35.1926682653,263600,0.0000,1.0
2010-09-24,46.7,47.68,46.46,47.53,35.4237086542,153000,0.0000,1.0
2010-09-23,45.95,46.28,45.21,45.87,34.1865246364,218000,0.0000,1.0
2010-09-22,46.35,47.31,45.83,46.2,34.4324708568,259500,0.0000,1.0
2010-09-21,47.48,47.48,46.43,46.67,34.782757898,255400,0.0000,1.0
2010-09-20,47.2,47.39,46.34,47.28,35.2373857599,186300,0.0000,1.0
2010-09-17,48.21,48.21,46.92,47.2,35.1777624338,198500,0.0000,1.0
2010-09-16,47.09,48.25,46.7,48.06,35.81871319,107300,0.0000,1.0
2010-09-15,48.16,48.42,47.37,47.49,35.3938969911,234700,0.0000,1.0
2010-09-14,48.4,49.339,47.8901,48.64,36.2509823046,193400,0.0000,1.0
2010-09-13,47.89,48.91,47.645,48.78,36.3553231254,214500,0.0000,1.0
2010-09-10,47.57,47.66,47.1,47.19,35.170309518,108300,0.0000,1.0
2010-09-09,48.32,48.35,46.73,47.35,35.2895561703,153700,0.0000,1.0
2010-09-08,47.22,48.22,47.22,47.4,35.3268207492,174600,0.0000,1.0
2010-09-07,47.13,47.9793,46.87,47.28,35.2373857599,234500,0.0000,1.0
2010-09-03,47.69,48.24,47.06,47.39,35.3193678334,206900,0.0000,1.0
2010-09-02,46.42,47.25,45.9,47.13,35.1255920234,237300,0.0000,1.0
2010-09-01,45.54,47.06,45.51,46.53,34.6784170772,342700,0.0000,1.0
2010-08-31,43.29,44.52,43.0,44.24,32.9716993659,231400,0.0000,1.0
2010-08-30,44.0,44.44,43.12,43.17,32.1742373785,192100,0.0000,1.0
2010-08-27,43.2,44.32,42.12,44.22,32.9567935343,246900,0.0000,1.0
2010-08-26,44.2,44.9,42.64,42.76,31.8686678319,255400,0.0000,1.0
2010-08-25,43.81,44.13,42.59,44.05,32.8300939663,175000,0.0000,1.0
2010-08-24,44.45,45.0,43.56,44.1,32.8673585451,262900,0.0000,1.0
2010-08-23,47.15,47.2479,45.27,45.41,33.843690511,167800,0.0000,1.0
2010-08-20,47.09,47.18,45.99,46.97,35.0063453711,301500,0.0000,1.0
2010-08-19,47.72,49.44,46.64,47.23,35.2001211811,366200,0.0000,1.0
2010-08-18,46.33,48.21,45.74,47.75,35.5876728011,566800,0.0000,1.0
2010-08-17,45.6,46.68,45.39,46.25,34.4697354356,243000,0.0170,1.0
2010-08-16,44.06,45.63,44.06,45.31,33.7567534655,156400,0.0000,1.0
2010-08-13,45.06,45.3,44.34,44.49,33.1458389247,152500,0.0000,1.0
2010-08-12,44.75,46.05,44.5201,45.12,33.6152000963,213500,0.0000,1.0
2010-08-11,46.41,46.99,45.07,45.52,33.9132071894,380400,0.0000,1.0
2010-08-10,48.11,48.17,47.08,47.75,35.5745967331,275900,0.0000,1.0
2010-08-09,48.71,49.49,48.3,48.88,36.416466771,318400,0.0000,1.0
2010-08-06,46.65,48.42,46.46,48.19,35.9024045355,392700,0.0000,1.0
2010-08-05,47.0,47.28,46.6,47.21,35.1722871575,169600,0.0000,1.0
2010-08-04,46.67,47.38,46.05,47.33,35.2616892854,300900,0.0000,1.0
2010-08-03,47.26,47.65,46.44,46.53,34.6656750993,338600,0.0000,1.0
2010-08-02,46.94,48.2,46.6701,47.53,35.4106928319,307000,0.0000,1.0
2010-07-30,45.32,46.14,45.2,45.82,34.1367125091,484100,0.0000,1.0
2010-07-29,46.51,47.41,45.2706,46.28,34.4794206662,291500,0.0000,1.0
2010-07-28,47.03,47.93,46.11,46.28,34.4794206662,404800,0.0000,1.0
2010-07-27,49.13,49.3669,46.9,47.47,35.365991768,434600,0.0000,1.0
2010-07-26,48.65,49.38,48.25,48.95,36.4686180123,288400,0.0000,1.0
2010-07-23,46.83,49.0,46.57,48.78,36.3419649977,376500,0.0000,1.0
2010-07-22,46.9,47.79,46.61,47.24,35.1946376895,405200,0.0000,1.0
2010-07-21,47.15,48.2,45.75,45.92,34.2112142824,663700,0.0000,1.0
2010-07-20,43.28,47.25,42.49,47.15,35.1275860935,1215500,0.0000,1.0
2010-07-19,42.01,42.57,41.96,42.36,31.5589511542,397100,0.0000,1.0
2010-07-16,42.26,42.26,41.52,41.91,31.2236931746,514300,0.0000,1.0
2010-07-15,42.62,42.63,41.51,42.35,31.5515009769,538200,0.0000,1.0
2010-07-14,41.6,42.525,40.83,42.4,31.5887518635,553500,0.0000,1.0
2010-07-13,41.79,42.22,41.18,41.85,31.1789921106,355100,0.0000,1.0
2010-07-12,41.83,41.83,40.28,40.87,30.4488747326,374400,0.0000,1.0
2010-07-09,40.3,42.05,40.05,41.98,31.2758444158,539500,0.0000,1.0
2010-07-08,39.52,40.56,38.72,40.46,30.1434174622,645300,0.0000,1.0
2010-07-07,37.74,39.26,37.74,39.16,29.1748944098,445900,0.0000,1.0
2010-07-06,38.26,38.7801,37.36,37.73,28.1095190522,474200,0.0000,1.0
2010-07-02,38.46,38.81,37.0,37.47,27.9158144417,588800,0.0000,1.0
2010-07-01,39.88,40.71,37.58,38.46,28.653381997,767200,0.0000,1.0
2010-06-30,39.92,40.92,39.12,39.2,29.2046951191,604300,0.0000,1.0
2010-06-29,41.46,41.47,39.63,39.84,29.681506468,680000,0.0000,1.0
2010-06-28,43.5,43.5,41.93,42.07,31.3428960118,429200,0.0000,1.0
2010-06-25,42.63,43.53,41.78,43.04,32.0655632124,802700,0.0000,1.0
2010-06-24,43.1,43.19,42.12,42.55,31.7005045234,629700,0.0000,1.0
2010-06-23,42.81,43.76,41.875,43.61,32.49022332,883000,0.0000,1.0
2010-06-22,44.68,45.1,42.6608,42.8,31.8867589566,360600,0.0000,1.0
2010-06-21,45.52,45.99,44.0,44.47,33.1309385701,412300,0.0000,1.0
2010-06-18,43.75,44.01,43.46,44.0,32.7807802358,305500,0.0000,1.0
2010-06-17,45.49,45.49,43.28,43.67,32.534924384,351900,0.0000,1.0
2010-06-16,45.09,45.95,44.85,45.45,33.8610559481,263900,0.0000,1.0
2010-06-15,44.41,45.61,43.57,45.45,33.8610559481,401300,0.0000,1.0
2010-06-14,44.51,45.45,44.14,44.18,32.9148834276,365500,0.0000,1.0
2010-06-11,42.23,44.19,42.1915,43.77,32.6094261572,394300,0.0000,1.0
2010-06-10,42.91,43.83,42.4005,43.62,32.4976734974,503900,0.0000,1.0
2010-06-09,42.06,43.7665,41.43,41.72,31.0821398054,527800,0.0000,1.0
2010-06-08,41.66,42.55,40.12,41.52,30.9331362588,1070600,0.0000,1.0
2010-06-07,43.9,44.11,41.31,41.35,30.8064832443,702100,0.0000,1.0
2010-06-04,44.36,45.18,43.07,43.6,32.4827731427,796700,0.0000,1.0
2010-06-03,47.5,47.81,45.43,46.07,34.3229669423,700900,0.0000,1.0
2010-06-02,46.59,47.455,46.09,46.88,34.9264313057,853600,0.0000,1.0
2010-06-01,48.86,49.53,46.05,46.2,34.4198192475,842700,0.0000,1.0
2010-05-28,50.62,50.93,49.59,50.04,37.2806873408,672500,0.0000,1.0
2010-05-27,48.08,51.14,48.0,51.12,38.0853064921,1279600,0.0000,1.0
2010-05-26,46.46,47.82,45.88,46.27,34.4719704888,579100,0.0000,1.0
2010-05-25,43.76,45.995,43.46,45.67,34.0249598492,679400,0.0000,1.0
2010-05-24,46.71,47.0,45.59,45.6,33.972808608,345500,0.0000,1.0
2010-05-21,44.42,47.09,44.1701,46.74,34.8221288232,520300,0.0000,1.0
2010-05-20,47.01,47.86,44.56,44.61,33.2352410527,803300,0.0000,1.0
2010-05-19,47.42,48.81,46.17,48.5,36.1333600326,1075900,0.0000,1.0
2010-05-18,50.04,50.5886,47.63,47.82,35.6267479744,709100,0.0170,1.0
2010-05-17,51.36,51.6,48.02,49.23,36.6641888659,996800,0.0000,1.0
2010-05-14,53.16,53.18,50.8,51.25,38.1685898716,721100,0.0000,1.0
2010-05-13,55.35,56.09,53.76,54.01,40.2241080774,569700,0.0000,1.0
2010-05-12,54.38,55.5,53.88,55.35,41.2220770613,315800,0.0000,1.0
2010-05-11,53.85,55.08,53.12,53.88,40.1272901909,558500,0.0000,1.0
2010-05-10,54.0,54.48,52.024,54.48,40.5741419747,643500,0.0000,1.0
2010-05-07,50.17,52.16,49.06,50.779,37.8178112213,1042700,0.0000,1.0
2010-05-06,51.5,54.85,48.0,50.25,37.4238368985,1195800,0.0000,1.0
2010-05-05,51.85,53.25,50.89,51.8,38.5782040068,961300,0.0000,1.0
2010-05-04,51.5,52.94,50.87,52.87,39.375089688,1001600,0.0000,1.0
2010-05-03,54.26,54.61,51.74,52.61,39.181453915,838100,0.0000,1.0
2010-04-30,56.42,57.01,53.77,54.0,40.2166605476,489800,0.0000,1.0
2010-04-29,56.54,56.56,55.57,56.32,41.9444874452,487900,0.0000,1.0
2010-04-28,56.73,56.97,55.59,56.02,41.7210615533,515500,0.0000,1.0
2010-04-27,59.05,60.12,55.67,55.89,41.6242436668,1103200,0.0000,1.0
2010-04-26,56.74,60.0,56.57,59.44,44.2681167213,1210400,0.0000,1.0
2010-04-23,55.46,56.7,55.3,56.56,42.1232281588,530900,0.0000,1.0
2010-04-22,53.76,55.51,53.0,55.43,41.2816572992,866300,0.0000,1.0
2010-04-21,54.5,55.2,53.03,54.37,40.4922191477,701400,0.0000,1.0
2010-04-20,55.9,56.32,54.44,54.66,40.7081975099,703400,0.0000,1.0
2010-04-19,55.94,56.09,53.78,55.18,41.0954690559,670400,0.0000,1.0
2010-04-16,58.28,58.3,55.78,56.54,42.1083330993,956100,0.0000,1.0
2010-04-15,57.9,58.87,57.54,58.55,43.6052865753,1172600,0.0000,1.0
2010-04-14,55.62,58.03,55.62,57.96,43.1658823211,654200,0.0000,1.0
2010-04-13,56.19,56.56,55.44,56.0,41.7061664939,505600,0.0000,1.0
2010-04-12,55.93,56.6,55.68,56.15,41.8178794398,453100,0.0000,1.0
2010-04-09,55.05,56.24,54.81,55.67,41.4603980127,894500,0.0000,1.0
2010-04-08,54.38,55.53,52.88,54.9,40.8869382234,1576300,0.0000,1.0
2010-04-07,54.01,55.24,53.77,54.42,40.5294567964,719600,0.0000,1.0
2010-04-06,55.58,56.48,54.6,54.66,40.7081975099,759200,0.0000,1.0
2010-04-05,54.56,55.52,54.17,55.22,41.1252591748,416200,0.0000,1.0
2010-04-01,53.26,53.73,52.6501,53.3,39.6953334665,309000,0.0000,1.0
2010-03-31,52.1,53.04,51.792,52.53,39.1218736772,375100,0.0000,1.0
2010-03-30,52.35,53.31,51.53,52.09,38.794182369,540600,0.0000,1.0
2010-03-29,51.05,52.33,51.05,52.05,38.7643922501,292200,0.0000,1.0
2010-03-26,50.33,51.48,50.12,50.81,37.8408985634,308800,0.0000,1.0
2010-03-25,52.0,52.6,50.07,50.09,37.3046764228,323100,0.0000,1.0
2010-03-24,51.71,52.27,51.0,51.34,38.2356176392,390700,0.0000,1.0
2010-03-23,50.29,52.51,50.12,52.4,39.0250557907,720600,0.0000,1.0
2010-03-22,48.05,50.34,47.93,50.1,37.3121239525,608600,0.0000,1.0
2010-03-19,50.18,50.27,47.81,48.67,36.247127201,2217000,0.0000,1.0
2010-03-18,51.09,51.46,49.72,49.84,37.1184881795,428500,0.0000,1.0
2010-03-17,50.87,52.14,50.58,51.26,38.1760374013,897600,0.0000,1.0
2010-03-16,49.32,50.74,48.97,50.66,37.7291856175,433800,0.0000,1.0
2010-03-15,49.66,49.75,48.03,48.56,36.165204374,382600,0.0000,1.0
2010-03-12,49.33,50.419,48.89,49.9,37.1631733579,381600,0.0000,1.0
2010-03-11,48.74,49.61,48.0,48.79,36.3364975578,449200,0.0000,1.0
2010-03-10,49.35,49.76,48.37,48.85,36.3811827362,627600,0.0000,1.0
2010-03-09,49.06,50.06,48.8,49.45,36.82803452,437800,0.0000,1.0
2010-03-08,50.14,50.89,49.2598,49.51,36.8727196984,844200,0.0000,1.0
2010-03-05,49.36,51.23,49.0,51.01,37.9898491581,559600,0.0000,1.0
2010-03-04,49.28,49.85,48.19,48.83,36.3662876767,538800,0.0000,1.0
2010-03-03,48.4,49.66,48.31,49.21,36.6492938065,898500,0.0000,1.0
2010-03-02,46.16,48.22,45.8101,47.9,35.6736674117,807300,0.0000,1.0
2010-03-01,45.78,46.21,45.11,45.85,34.1469238168,873900,0.0000,1.0
2010-02-26,45.39,45.74,44.16,45.66,34.005420752,566400,0.0000,1.0
2010-02-25,44.2919,45.48,43.5,45.31,33.7447572114,996500,0.0000,1.0
2010-02-24,46.63,46.75,44.87,45.28,33.7224146222,1043900,0.0000,1.0
2010-02-23,48.01,48.36,45.3,46.72,34.7948589034,997700,0.0000,1.0
2010-02-22,48.71,49.4,47.73,48.32,35.9864636604,748600,0.0000,1.0
2010-02-19,46.74,49.16,46.51,48.72,36.2843648497,826500,0.0000,1.0
2010-02-18,45.92,47.25,45.71,47.17,35.1299977413,602600,0.0000,1.0
2010-02-17,47.54,47.64,46.0,46.3,34.4820626547,604000,0.0000,1.0
2010-02-16,46.35,47.5,46.23,47.28,35.2119205684,542400,0.0000,1.0
2010-02-12,44.82,46.25,44.07,45.68,34.0203158114,781000,0.0000,1.0
2010-02-11,44.44,46.26,44.17,45.77,34.087343579,518400,0.0170,1.0
2010-02-10,44.97,44.97,43.51,44.11,32.8388565591,1354600,0.0000,1.0
2010-02-09,43.85,45.14,43.4,43.58,32.4442840364,622700,0.0000,1.0
2010-02-08,43.54,44.7899,42.73,42.77,31.8412581054,805800,0.0000,1.0
2010-02-05,42.6,43.18,40.83,43.11,32.0943801011,870400,0.0000,1.0
2010-02-04,43.46,43.46,41.58,41.96,31.2382321745,919000,0.0000,1.0
2010-02-03,45.25,45.59,43.92,44.05,32.7941879716,503000,0.0000,1.0
2010-02-02,43.56,45.73,42.85,45.51,33.8811236002,1400900,0.0000,1.0
2010-02-01,41.21,42.72,41.06,42.42,31.5806913452,474700,0.0000,1.0
2010-01-29,42.06,42.99,40.03,40.5,30.1512965459,883300,0.0000,1.0
2010-01-28,42.85,43.3799,41.43,41.61,30.9776654142,860600,0.0000,1.0
2010-01-27,43.27,44.01,41.31,42.81,31.8710371638,761400,0.0000,1.0
2010-01-26,45.03,45.81,43.05,43.27,32.2134963344,952300,0.0000,1.0
2010-01-25,46.08,47.08,45.52,45.79,34.0895770084,460700,0.0000,1.0
2010-01-22,47.32,48.07,45.45,45.64,33.9779055397,772600,0.0000,1.0
2010-01-21,51.24,51.26,47.75,47.76,35.5561956305,874200,0.0000,1.0
2010-01-20,51.55,51.6,50.33,51.35,38.2288661144,685900,0.0000,1.0
2010-01-19,52.57,53.5,51.87,52.12,38.802112987,492400,0.0000,1.0
2010-01-15,54.02,54.34,52.59,52.9,39.3828046242,798400,0.0000,1.0
2010-01-14,54.54,54.89,53.88,54.35,40.4622954882,765100,0.0000,1.0
2010-01-13,53.01,54.46,52.15,54.36,40.4697402528,562700,0.0000,1.0
2010-01-12,53.08,53.84,51.72,52.85,39.3455808013,840000,0.0000,1.0
2010-01-11,56.74,56.75,54.0,54.49,40.5665221923,705700,0.0000,1.0
2010-01-08,54.95,56.95,54.37,55.95,41.6534578209,1531800,0.0000,1.0
2010-01-07,53.8,54.28,51.36,52.69,39.226464568,1161900,0.0000,1.0
2010-01-06,51.09,54.41,50.82,53.87,40.1049467884,1527400,0.0000,1.0
2010-01-05,50.0,50.11,49.01,49.93,37.1717095442,458400,0.0000,1.0
2010-01-04,48.3,50.0,48.27,50.0,37.2238228962,478800,0.0000,1.0
2009-12-31,48.43,48.94,47.7,47.7,35.511527043,184300,0.0000,1.0
2009-12-30,48.01,48.63,47.55,48.43,36.0549948573,166900,0.0000,1.0
2009-12-29,48.58,48.99,48.14,48.36,36.0028815052,375800,0.0000,1.0
2009-12-28,48.61,49.19,48.01,48.29,35.9507681532,217800,0.0000,1.0
2009-12-24,47.81,48.59,47.81,48.56,36.1517767968,102100,0.0000,1.0
2009-12-23,46.7,47.84,46.61,47.74,35.5413061013,310700,0.0000,1.0
2009-12-22,46.99,47.43,45.38,46.67,34.7447162913,541100,0.0000,1.0
2009-12-21,47.26,47.83,46.94,47.02,35.0052830516,262900,0.0000,1.0
2009-12-18,46.94,47.95,45.91,46.91,34.9233906412,704600,0.0000,1.0
2009-12-17,47.49,47.81,46.73,46.77,34.8191639371,284400,0.0000,1.0
2009-12-16,48.64,49.29,47.54,47.84,35.6157537471,404500,0.0000,1.0
2009-12-15,47.58,48.89,47.5,48.48,36.0922186802,467800,0.0000,1.0
2009-12-14,47.95,48.05,47.05,47.92,35.6753118637,376200,0.0000,1.0
2009-12-11,46.82,47.79,46.42,47.65,35.4743032201,342600,0.0000,1.0
2009-12-10,47.17,48.15,46.3,46.55,34.6553791164,452300,0.0000,1.0
2009-12-09,46.77,48.12,45.85,47.34,35.2435155182,651400,0.0000,1.0
2009-12-08,47.55,47.55,46.35,46.54,34.6479343518,608600,0.0000,1.0
2009-12-07,46.6,48.47,46.37,47.87,35.6380880409,749200,0.0000,1.0
2009-12-04,47.25,48.5,45.58,46.64,34.7223819976,1108400,0.0000,1.0
2009-12-03,47.8,48.0,46.55,46.95,34.9531696996,1032700,0.0000,1.0
2009-12-02,45.9,47.56,45.9,47.53,35.3849660452,1056400,0.0000,1.0
2009-12-01,45.01,47.18,45.01,46.04,34.2756961229,748000,0.0000,1.0
2009-11-30,45.27,46.08,44.18,44.62,33.2185395526,1038300,0.0000,1.0
2009-11-27,45.89,46.25,44.63,44.77,33.3302110213,503800,0.0000,1.0
2009-11-25,45.77,47.25,45.6524,47.17,35.1169545203,477000,0.0000,1.0
2009-11-24,45.19,46.25,44.75,45.75,34.0597979501,516000,0.0000,1.0
2009-11-23,48.0,48.0,45.11,45.19,33.6428911336,1287200,0.0000,1.0
2009-11-20,45.14,47.5,44.0,47.1,35.0648411683,981800,0.0000,1.0
2009-11-19,46.65,46.79,44.73,45.73,34.0449084209,623800,0.0000,1.0
2009-11-18,47.07,47.68,46.11,46.93,34.9382801704,501400,0.0000,1.0
2009-11-17,47.31,47.88,45.98,47.16,35.1095097557,437000,0.0000,1.0
2009-11-16,46.75,48.01,46.35,47.48,35.3477422223,555300,0.0000,1.0
2009-11-13,44.43,46.19,44.43,46.12,34.3352542395,809000,0.0000,1.0
2009-11-12,44.68,46.22,44.14,44.33,33.0026413798,552600,0.0170,1.0
2009-11-11,45.5,46.46,44.54,45.0,33.4885981485,513100,0.0000,1.0
2009-11-10,45.71,46.0,43.83,44.95,33.451388595,522600,0.0000,1.0
2009-11-09,45.01,46.63,45.01,45.76,34.0541833617,466600,0.0000,1.0
2009-11-06,43.9,45.44,43.53,44.64,33.2206893633,997400,0.0000,1.0
2009-11-05,42.95,44.69,42.92,44.68,33.2504570061,648400,0.0000,1.0
2009-11-04,43.9,44.58,42.24,42.44,31.5834690094,568300,0.0000,1.0
2009-11-03,42.55,43.84,41.59,43.42,32.3127762579,812800,0.0000,1.0
2009-11-02,43.46,45.0,41.65,43.01,32.0076579193,802900,0.0000,1.0
2009-10-30,44.21,44.86,42.24,43.24,32.1788218653,921100,0.0000,1.0
2009-10-29,44.0,45.63,43.68,44.88,33.3992952201,864600,0.0000,1.0
2009-10-28,46.68,46.84,43.03,43.29,32.2160314188,1459600,0.0000,1.0
2009-10-27,50.0,50.3,47.21,47.38,35.259772895,1348900,0.0000,1.0
2009-10-26,50.43,52.43,50.43,51.19,38.0951408716,734000,0.0000,1.0
2009-10-23,51.2,52.6,50.25,50.62,37.6709519617,372500,0.0000,1.0
2009-10-22,51.38,52.0,49.56,51.78,38.5342136029,399600,0.0000,1.0
2009-10-21,51.75,53.54,51.42,51.66,38.4449106745,603700,0.0000,1.0
2009-10-20,53.13,53.368,50.91,52.3,38.9211929592,650100,0.0000,1.0
2009-10-19,54.4,54.41,52.9,52.99,39.4346847975,607400,0.0000,1.0
2009-10-16,55.59,55.59,53.75,54.0,40.1863177782,446300,0.0000,1.0
2009-10-15,53.91,56.38,53.77,56.25,41.8607476856,874700,0.0000,1.0
2009-10-14,51.96,54.57,51.59,54.5,40.5584133132,777100,0.0000,1.0
2009-10-13,51.17,51.78,50.75,51.23,38.1249085144,821000,0.0000,1.0
2009-10-12,52.65,53.41,51.26,51.61,38.407701121,476600,0.0000,1.0
2009-10-09,53.76,54.07,52.09,52.85,39.3304980477,326200,0.0000,1.0
2009-10-08,53.5,54.09,52.47,53.82,40.0523633856,559100,0.0000,1.0
2009-10-07,52.3,53.52,51.745,52.55,39.1072407267,626600,0.0000,1.0
2009-10-06,54.07,54.42,51.51,52.54,39.099798816,617800,0.0000,1.0
2009-10-05,53.46,53.51,52.0125,53.13,39.5388715473,454300,0.0000,1.0
2009-10-02,51.01,52.74,50.59,51.92,38.6384003527,424700,0.0000,1.0
2009-10-01,54.09,54.73,51.42,51.67,38.4523525852,672200,0.0000,1.0
2009-09-30,54.72,55.11,52.86,53.25,39.6281744757,492400,0.0000,1.0
2009-09-29,53.57,54.77,53.15,53.98,40.1714339568,410900,0.0000,1.0
2009-09-28,53.52,54.25,52.06,53.69,39.9556185465,496700,0.0000,1.0
2009-09-25,54.49,55.75,52.45,52.74,39.24863703,542700,0.0000,1.0
2009-09-24,57.41,57.506,54.06,54.7,40.7072515272,454900,0.0000,1.0
2009-09-23,57.02,59.0,56.25,57.14,42.5230777379,507300,0.0000,1.0
2009-09-22,57.02,57.94,56.93,57.04,42.4486586309,301300,0.0000,1.0
2009-09-21,56.3,56.79,54.73,56.36,41.9426087033,314600,0.0000,1.0
2009-09-18,57.94,57.94,56.07,57.22,42.5826130235,434200,0.0000,1.0
2009-09-17,56.89,58.48,56.4,57.29,42.6347063984,492600,0.0000,1.0
2009-09-16,56.77,57.26,55.61,57.03,42.4412167202,445300,0.0000,1.0
2009-09-15,54.74,56.51,54.59,56.03,41.6970256502,450300,0.0000,1.0
2009-09-14,54.9,55.7,54.24,55.7,41.4514425971,547000,0.0000,1.0
2009-09-11,58.28,58.95,56.97,57.18,42.5528453807,398000,0.0000,1.0
2009-09-10,56.78,57.87,56.0,57.51,42.7984284338,385200,0.0000,1.0
2009-09-09,58.07,58.07,55.78,57.0,42.4188909881,442000,0.0000,1.0
2009-09-08,55.7,58.116,55.7,57.59,42.8579637194,494000,0.0000,1.0
2009-09-04,54.13,54.94,53.05,54.83,40.8039963663,372900,0.0000,1.0
2009-09-03,53.95,54.85,53.38,54.47,40.5360875811,622100,0.0000,1.0
2009-09-02,52.67,54.47,52.18,53.34,39.695151672,398100,0.0000,1.0
2009-09-01,53.38,55.75,52.14,52.79,39.2858465835,381700,0.0000,1.0
2009-08-31,53.93,54.25,52.64,54.01,40.1937596889,387500,0.0000,1.0
2009-08-28,54.7,55.94,54.04,54.91,40.8635316519,261900,0.0000,1.0
2009-08-27,54.01,54.35,51.7835,53.81,40.0449214749,301800,0.0000,1.0
2009-08-26,55.13,55.21,53.48,53.76,40.0077119214,392800,0.0000,1.0
2009-08-25,57.19,57.96,55.35,55.61,41.3844654008,414400,0.0000,1.0
2009-08-24,55.82,57.98,55.702,56.43,41.9947020782,769100,0.0000,1.0
2009-08-21,52.68,55.32,52.46,55.0,40.9305088482,747000,0.0000,1.0
2009-08-20,51.16,51.96,50.39,51.56,38.3704915675,375800,0.0000,1.0
2009-08-19,48.7,51.46,48.19,51.0,37.9537445683,453000,0.0000,1.0
2009-08-18,48.89,50.15,48.69,50.09,37.2765306946,517000,0.0000,1.0
2009-08-17,50.32,50.4,48.12,48.26,35.9146610366,621000,0.0000,1.0
2009-08-14,53.23,53.8,51.29,52.27,38.8988672271,592400,0.0000,1.0
2009-08-13,53.37,54.55,52.67,53.87,40.0895729391,586600,0.0170,1.0
2009-08-12,51.98,53.93,51.29,53.24,39.6082332154,552100,0.0000,1.0
2009-08-11,52.46,52.46,49.99,51.61,38.3955844524,396300,0.0000,1.0
2009-08-10,55.08,55.3,52.05,52.61,39.1395407487,786000,0.0000,1.0
2009-08-07,55.66,56.2,54.46,55.62,41.3788492006,392100,0.0000,1.0
2009-08-06,55.68,56.064,54.03,54.81,40.7762446006,429300,0.0000,1.0
2009-08-05,55.78,56.45,54.0,55.23,41.088706245,362500,0.0000,1.0
2009-08-04,56.84,56.84,54.82,55.23,41.088706245,474700,0.0000,1.0
2009-08-03,54.6,56.98,54.21,56.88,42.3162341339,839000,0.0000,1.0
2009-07-31,51.62,54.02,51.25,53.77,40.0025300524,710400,0.0000,1.0
2009-07-30,50.23,52.27,50.06,51.72,38.477419645,493100,0.0000,1.0
2009-07-29,50.55,50.55,48.93,49.62,36.9151114227,633200,0.0000,1.0
2009-07-28,51.79,52.7,50.32,51.62,38.4030240154,609600,0.0000,1.0
2009-07-27,54.05,54.92,52.12,52.35,38.9461121117,783200,0.0000,1.0
2009-07-24,52.13,54.83,52.13,54.72,40.7092885339,884600,0.0000,1.0
2009-07-23,50.97,53.24,50.37,53.03,39.4520023932,682200,0.0000,1.0
2009-07-22,51.47,51.97,50.38,51.14,38.0459249931,658500,0.0000,1.0
2009-07-21,53.62,53.79,50.3,52.05,38.7229252228,1081300,0.0000,1.0
2009-07-20,52.54,53.57,51.903,52.91,39.3627276376,813400,0.0000,1.0
2009-07-17,51.77,52.25,50.45,51.64,38.4179031413,1254300,0.0000,1.0
2009-07-16,52.47,54.55,52.47,54.1,40.2480356302,717400,0.0000,1.0
2009-07-15,51.4,53.22,51.11,52.86,39.3255298228,875000,0.0000,1.0
2009-07-14,49.53,51.1,49.29,50.66,37.6888259709,1115000,0.0000,1.0
2009-07-13,48.59,49.52,47.01,49.5,36.8258366672,713700,0.0000,1.0
2009-07-10,47.81,49.52,46.799,48.97,36.4315398301,967200,0.0000,1.0
2009-07-09,47.23,49.11,47.0,48.28,35.9182099857,835000,0.0000,1.0
2009-07-08,47.72,48.59,44.75,46.28,34.4302973931,1195600,0.0000,1.0
2009-07-07,48.83,49.289,47.09,47.27,35.1668141264,1126200,0.0000,1.0
2009-07-06,48.43,49.06,46.61,48.02,35.7247813487,1211900,0.0000,1.0
2009-07-02,50.07,51.68,49.04,50.2,37.3466060746,1008800,0.0000,1.0
2009-07-01,53.01,54.75,50.69,51.1,38.0161667413,1665800,0.0000,1.0
2009-06-30,56.99,57.0,52.4,52.86,39.3255298228,3288800,0.0000,1.0
2009-06-29,61.53,62.52,59.8,60.21,44.7936086006,800400,0.0000,1.0
2009-06-26,59.23,62.1,59.1,61.36,45.6491583414,1123200,0.0000,1.0
2009-06-25,56.46,60.21,55.77,60.2,44.7861690377,623200,0.0000,1.0
2009-06-24,56.86,59.0,56.51,57.21,42.5617397117,635600,0.0000,1.0
2009-06-23,54.91,56.49,52.93,55.81,41.5202008969,668800,0.0000,1.0
2009-06-22,58.74,58.81,54.34,54.42,40.486101645,850600,0.0000,1.0
2009-06-19,59.61,61.07,59.48,60.14,44.7415316599,916300,0.0000,1.0
2009-06-18,57.11,59.68,55.77,58.75,43.707432408,616700,0.0000,1.0
2009-06-17,56.95,58.22,54.13,57.3,42.6286957784,938900,0.0000,1.0
2009-06-16,59.35,60.97,56.82,57.87,43.0527508673,847000,0.0000,1.0
2009-06-15,60.43,60.8,57.33,58.23,43.320575134,729900,0.0000,1.0
2009-06-12,62.07,62.29,60.7,61.69,45.8946639192,583900,0.0000,1.0
2009-06-11,60.5,63.98,60.5,63.18,47.0031588007,1091900,0.0000,1.0
2009-06-10,59.0,61.54,58.25,61.2,45.530125334,1294500,0.0000,1.0
2009-06-09,54.76,58.8,54.67,58.25,43.3354542599,836900,0.0000,1.0
2009-06-08,55.29,56.45,52.55,54.5,40.5456181487,794400,0.0000,1.0
2009-06-05,55.83,57.44,54.06,56.53,42.0558494302,618900,0.0000,1.0
2009-06-04,53.56,55.66,52.6,55.21,41.0738271191,517600,0.0000,1.0
2009-06-03,56.8,56.84,51.75,52.91,39.3627276376,718500,0.0000,1.0
2009-06-02,56.39,58.08,55.23,57.7,42.9262782969,695300,0.0000,1.0
2009-06-01,54.14,58.2,54.01,56.33,41.907058171,990900,0.0000,1.0
2009-05-29,53.67,54.78,52.71,54.54,40.5753764006,510600,0.0000,1.0
2009-05-28,53.28,54.38,51.87,53.2,39.5784749635,522500,0.0000,1.0
2009-05-27,53.55,55.32,52.06,52.23,38.8568373561,706600,0.0000,1.0
2009-05-26,50.99,54.07,50.28,53.83,40.0471674302,579500,0.0000,1.0
2009-05-22,52.02,53.4999,51.05,51.21,38.0980019339,438200,0.0000,1.0
2009-05-21,53.29,53.37,50.79,51.5,38.3137492598,673900,0.0000,1.0
2009-05-20,53.9,55.92,53.5601,54.23,40.3447499487,987600,0.0000,1.0
2009-05-19,51.01,54.29,51.01,53.38,39.7123870969,744700,0.0000,1.0
2009-05-18,48.0,50.99,47.82,50.97,37.9194524228,714600,0.0000,1.0
2009-05-15,48.06,49.35,46.72,47.29,35.1816932524,437700,0.0000,1.0
2009-05-14,47.92,49.67,46.38,48.43,36.0298034301,519000,0.0170,1.0
2009-05-13,50.95,51.46,47.71,48.49,36.0617823256,585400,0.0000,1.0
2009-05-12,52.24,52.97,50.02,52.56,39.088621964,693500,0.0000,1.0
2009-05-11,52.96,53.16,50.9,51.51,38.307741959,614300,0.0000,1.0
2009-05-08,53.08,54.76,52.28,54.3,40.3826516865,491200,0.0000,1.0
2009-05-07,55.63,55.73,51.6,52.25,38.8580764387,679700,0.0000,1.0
2009-05-06,54.32,55.6,52.54,54.45,40.4942059729,604200,0.0000,1.0
2009-05-05,53.0,54.66,52.44,54.06,40.2041648282,655500,0.0000,1.0
2009-05-04,51.56,54.32,51.49,53.92,40.1000474942,676900,0.0000,1.0
2009-05-01,49.04,52.81,48.9,51.3,38.151565958,653100,0.0000,1.0
2009-04-30,48.0,50.65,47.99,49.56,36.8575362354,819300,0.0000,1.0
2009-04-29,45.75,47.83,45.47,47.33,35.1990958439,951500,0.0000,1.0
2009-04-28,44.15,45.99,42.98,45.47,33.8158226922,848400,0.0000,1.0
2009-04-27,46.64,47.9936,45.63,45.71,33.9943095505,870200,0.0000,1.0
2009-04-24,44.12,48.4,43.7,47.62,35.4147674643,1112500,0.0000,1.0
2009-04-23,44.14,44.92,42.87,43.69,32.4920451599,966000,0.0000,1.0
2009-04-22,44.18,47.1799,43.4444,44.93,33.4142272611,1020300,0.0000,1.0
2009-04-21,40.37,44.72,40.047,44.49,33.0870013542,1158400,0.0000,1.0
2009-04-20,42.89,42.89,39.86,40.74,30.2981441935,765300,0.0000,1.0
2009-04-17,43.0,44.17,42.53,43.88,32.6333472561,547400,0.0000,1.0
2009-04-16,41.69,43.2,40.6,42.71,31.7632238219,738300,0.0000,1.0
2009-04-15,40.46,41.44,39.98,41.34,30.7443613392,642600,0.0000,1.0
2009-04-14,40.2,42.25,39.218,41.16,30.6104961955,887500,0.0000,1.0
2009-04-13,38.71,41.64,38.71,41.26,30.6848657198,804000,0.0000,1.0
2009-04-09,36.25,39.49,36.25,39.3,29.2272230438,766000,0.0000,1.0
2009-04-08,34.79,35.24,33.3,35.19,26.1706355957,626900,0.0000,1.0
2009-04-07,34.42,34.74,33.07,34.33,25.5310576869,730800,0.0000,1.0
2009-04-06,35.14,35.67,33.88,35.27,26.2301312152,709400,0.0000,1.0
2009-04-03,34.8,36.45,33.95,35.58,26.4606767404,986400,0.0000,1.0
2009-04-02,33.27,38.91,33.27,37.83,28.1339910369,1579800,0.0000,1.0
2009-04-01,30.97,33.38,29.39,32.95,24.5047582518,787500,0.0000,1.0
2009-03-31,31.97,32.64,30.77,31.39,23.3445936729,526200,0.0000,1.0
2009-03-30,33.24,33.42,29.8,30.7,22.8314439554,563300,0.0000,1.0
2009-03-27,34.54,35.27,33.78,34.58,25.7169814976,357300,0.0000,1.0
2009-03-26,33.97,35.68,33.75,35.2,26.1780725482,521900,0.0000,1.0
2009-03-25,32.85,34.85,32.12,33.58,24.9732862548,609300,0.0000,1.0
2009-03-24,30.6,33.72,30.0,32.81,24.4006409178,650300,0.0000,1.0
2009-03-23,29.46,31.43,28.58,31.34,23.3074089108,518900,0.0000,1.0
2009-03-20,29.27,29.27,27.27,28.37,21.0986340395,1449700,0.0000,1.0
2009-03-19,27.25,29.46,27.25,28.71,21.3514904221,729900,0.0000,1.0
2009-03-18,24.19,26.6,23.64,26.6,19.7822934597,808100,0.0000,1.0
2009-03-17,24.3,24.3001,23.35,24.23,18.0197357341,651700,0.0000,1.0
2009-03-16,25.77,26.63,24.91,25.61,19.0460351693,662900,0.0000,1.0
2009-03-13,26.5,26.63,25.05,25.4,18.8898591683,546900,0.0000,1.0
2009-03-12,28.28,28.28,25.17,26.32,19.5740587917,1183400,0.0000,1.0
2009-03-11,29.24,29.7,27.75,28.6,21.2696839454,610900,0.0000,1.0
2009-03-10,25.98,28.79,25.64,28.67,21.3217426124,791500,0.0000,1.0
2009-03-09,24.76,26.14,24.61,25.05,18.6295658333,536600,0.0000,1.0
2009-03-06,26.25,27.5,24.68,25.57,19.0162873596,400400,0.0000,1.0
2009-03-05,27.98,28.32,25.42,25.78,19.1724633606,775900,0.0000,1.0
2009-03-04,27.58,29.82,27.16,28.81,21.4258599464,678300,0.0000,1.0
2009-03-03,25.29,26.74,24.82,25.8,19.1873372654,668200,0.0000,1.0
2009-03-02,27.61,28.19,24.54,24.67,18.346961641,540500,0.0000,1.0
2009-02-27,28.49,29.76,28.01,28.64,21.2994317551,573700,0.0000,1.0
2009-02-26,30.84,31.63,29.26,29.39,21.8572031872,352100,0.0000,1.0
2009-02-25,32.59,33.11,30.16,30.42,22.6232092874,479100,0.0000,1.0
2009-02-24,30.52,32.64,30.13,32.46,24.1403475828,413900,0.0000,1.0
2009-02-23,34.68,34.9099,30.04,30.12,22.4001007145,764800,0.0000,1.0
2009-02-20,33.4,34.25,32.34,33.74,25.0922774936,824100,0.0000,1.0
2009-02-19,34.63,35.83,33.89,33.96,25.255890447,450800,0.0000,1.0
2009-02-18,36.7,37.482,33.36,34.17,25.412066448,832000,0.0000,1.0
2009-02-17,40.52,42.12,36.29,36.51,27.1523133163,1246500,0.0000,1.0
2009-02-13,42.75,43.55,41.9,43.04,32.0086432521,632900,0.0000,1.0
2009-02-12,40.71,42.78,40.24,42.68,31.7409129647,453600,0.0170,1.0
2009-02-11,42.57,43.72,41.04,42.23,31.3937455675,629600,0.0000,1.0
2009-02-10,45.35,46.68,41.33,41.95,31.1855938091,1067600,0.0000,1.0
2009-02-09,46.34,47.7,44.57,45.75,34.0105105308,629900,0.0000,1.0
2009-02-06,43.98,46.74,43.98,46.31,34.4268140477,836400,0.0000,1.0
2009-02-05,42.72,44.92,42.29,43.95,32.6723920837,987300,0.0000,1.0
2009-02-04,42.18,44.6912,42.18,42.98,31.9512949205,806600,0.0000,1.0
2009-02-03,39.62,42.61,38.0,42.05,31.2599337228,736200,0.0000,1.0
2009-02-02,38.47,40.54,37.82,39.91,29.669059569,714500,0.0000,1.0
2009-01-30,42.53,42.74,38.65,39.27,29.1932841212,886400,0.0000,1.0
2009-01-29,43.22,43.58,41.62,43.18,32.099974748,1035000,0.0000,1.0
2009-01-28,40.07,44.44,39.52,43.76,32.5311462476,1402900,0.0000,1.0
2009-01-27,37.02,39.92,36.68,38.62,28.7100746819,725100,0.0000,1.0
2009-01-26,37.82,39.11,35.57,35.98,26.7475009595,577500,0.0000,1.0
2009-01-23,35.4,38.66,34.57,37.18,27.6395799243,665500,0.0000,1.0
2009-01-22,35.81,37.37,34.79,36.34,27.0151246489,844500,0.0000,1.0
2009-01-21,34.34,36.12,33.15,36.12,26.8515768387,557600,0.0000,1.0
2009-01-20,35.34,35.69,33.1,33.32,24.7700592543,545700,0.0000,1.0
2009-01-16,36.0,36.99,34.64,35.98,26.7475009595,671300,0.0000,1.0
2009-01-15,33.0,36.0,31.71,35.52,26.4055373564,817900,0.0000,1.0
2009-01-14,36.39,36.53,33.05,33.08,24.5916434614,985400,0.0000,1.0
2009-01-13,34.37,37.62,34.02,37.41,27.8105617258,852700,0.0000,1.0
2009-01-12,38.07,38.31,34.68,35.07,26.0710077446,923100,0.0000,1.0
2009-01-09,40.47,40.615,36.55,38.31,28.4796209494,1246100,0.0000,1.0
2009-01-08,35.06,41.22,35.0,41.06,30.5239685769,1072000,0.0000,1.0
2009-01-07,40.36,41.11,38.14,38.25,28.4350170011,655100,0.0000,1.0
2009-01-06,40.52,42.91,40.02,42.05,31.2599337228,716000,0.0000,1.0
2009-01-05,40.06,41.03,38.92,39.38,29.2750580263,676900,0.0000,1.0
2009-01-02,37.24,40.72,37.16,40.18,29.8697773361,712700,0.0000,1.0
2008-12-31,36.77,38.85,36.01,37.65,27.9889775188,358200,0.0000,1.0
2008-12-30,35.74,37.11,35.0,37.11,27.5875419846,324800,0.0000,1.0
2008-12-29,35.46,36.49,35.34,35.74,26.5690851666,430200,0.0000,1.0
2008-12-26,34.72,35.23,33.91,35.1,26.0933097187,273400,0.0000,1.0
2008-12-24,35.23,35.23,34.11,34.26,25.4688544434,166300,0.0000,1.0
2008-12-23,33.26,36.26,33.26,35.29,26.2345555548,734400,0.0000,1.0
2008-12-22,35.56,35.65,32.97,34.1,25.3499105814,731900,0.0000,1.0
2008-12-19,36.17,36.28,34.75,35.07,26.0710077446,601000,0.0000,1.0
2008-12-18,38.35,38.35,34.44,35.21,26.1750836238,1207900,0.0000,1.0
2008-12-17,34.28,38.84,34.28,37.99,28.2417332255,1287400,0.0000,1.0
2008-12-16,34.22,36.12,34.22,35.96,26.7326329768,1083800,0.0000,1.0
2008-12-15,35.97,37.0,33.2,33.86,25.1714947885,746200,0.0000,1.0
2008-12-12,33.09,35.71,32.66,35.32,26.2568575289,623800,0.0000,1.0
2008-12-11,35.26,37.43,33.85,34.38,25.5580623399,953300,0.0000,1.0
2008-12-10,34.14,36.2,33.02,36.02,26.777236925,822700,0.0000,1.0
2008-12-09,30.25,35.07,29.64,32.56,24.20507591,1340800,0.0000,1.0
2008-12-08,28.0,30.83,28.0,30.79,22.889259437,1143200,0.0000,1.0
2008-12-05,23.37,26.59,22.92,26.52,19.7149451208,1190000,0.0000,1.0
2008-12-04,24.5,26.14,23.46,24.06,17.8861832431,874200,0.0000,1.0
2008-12-03,24.47,25.22,23.59,25.05,18.622148389,864600,0.0000,1.0
2008-12-02,23.52,25.76,22.97,25.22,18.7485262423,994300,0.0000,1.0
2008-12-01,25.65,25.85,22.52,22.63,16.8231224768,1024600,0.0000,1.0
2008-11-28,26.41,27.14,25.02,27.0,20.0717767067,379000,0.0000,1.0
2008-11-26,22.56,26.5,21.77,26.49,19.6926431467,646200,0.0000,1.0
2008-11-25,22.53,23.25,21.64,23.18,17.2319920023,758000,0.0000,1.0
2008-11-24,19.2,22.81,18.59,22.3,16.5778007615,944100,0.0000,1.0
2008-11-21,17.15,18.5,16.61,18.45,13.7157140829,933900,0.0000,1.0
2008-11-20,19.09,19.49,16.451,16.58,12.3255576962,873400,0.0000,1.0
2008-11-19,22.61,22.7,19.36,19.5,14.4962831771,784500,0.0000,1.0
2008-11-18,23.93,24.7,21.8,22.71,16.8825944077,637000,0.0000,1.0
2008-11-17,24.84,25.8,23.85,24.14,17.9456551741,656000,0.0000,1.0
2008-11-14,25.58,26.6,24.842,25.22,18.7485262423,799000,0.0000,1.0
2008-11-13,23.41,26.72,22.83,26.5,19.700077138,802900,0.0170,1.0
2008-11-12,25.39,25.64,23.14,23.19,17.2283738293,668400,0.0000,1.0
2008-11-11,26.57,26.81,25.02,25.82,19.1822601239,699500,0.0000,1.0
2008-11-10,28.11,28.49,26.64,27.11,20.1406302075,591400,0.0000,1.0
2008-11-07,25.08,27.16,24.87,27.07,20.1109133057,964100,0.0000,1.0
2008-11-06,26.59,27.0,24.46,24.57,18.253606942,833500,0.0000,1.0
2008-11-05,28.63,29.97,26.72,26.96,20.0291918257,829500,0.0000,1.0
2008-11-04,28.11,30.35,28.01,29.4,21.8419228366,707100,0.0000,1.0
2008-11-03,26.93,27.95,26.2,27.22,20.2223516875,468000,0.0000,1.0
2008-10-31,26.42,27.54,25.5905,26.93,20.0069041493,337600,0.0000,1.0
2008-10-30,26.97,27.69,24.8,26.79,19.902894993,641800,0.0000,1.0
2008-10-29,24.27,26.65,23.99,25.76,19.1376847711,822300,0.0000,1.0
2008-10-28,24.48,25.26,22.05,24.46,18.171885462,1474100,0.0000,1.0
2008-10-27,22.36,23.47,21.17,21.34,15.8539671202,601700,0.0000,1.0
2008-10-24,22.0,24.51,21.55,22.86,16.9832093893,884900,0.0000,1.0
2008-10-23,24.58,25.97,22.56,23.39,17.3769583384,983600,0.0000,1.0
2008-10-22,27.67,27.67,23.98,24.77,18.4021914511,641900,0.0000,1.0
2008-10-21,27.5,29.81,27.4,28.26,20.9949911348,858400,0.0000,1.0
2008-10-20,27.84,29.53,27.6,29.5,21.9162150912,909100,0.0000,1.0
2008-10-17,25.58,29.49,24.67,26.86,19.9548995711,1439900,0.0000,1.0
2008-10-16,24.25,26.76,22.87,26.63,19.7840273857,1385300,0.0000,1.0
2008-10-15,27.01,27.02,23.75,23.82,17.6964150329,917500,0.0000,1.0
2008-10-14,31.01,31.16,27.38,27.91,20.7349682439,1055600,0.0000,1.0
2008-10-13,27.57,29.92,26.1,29.92,22.2282425603,1001000,0.0000,1.0
2008-10-10,25.51,28.49,22.0,25.48,18.9296664584,1723900,0.0000,1.0
2008-10-09,29.3,30.89,26.985,27.45,20.393223873,1737700,0.0000,1.0
2008-10-08,26.69,30.66,25.71,28.86,21.4407446621,1749400,0.0000,1.0
2008-10-07,30.79,31.29,27.34,27.34,20.311502393,2254600,0.0000,1.0
2008-10-06,31.53,31.56,26.88,30.7,22.8077221457,1635900,0.0000,1.0
2008-10-03,33.27,36.42,32.12,32.65,24.2564211094,1497800,0.0000,1.0
2008-10-02,37.36,37.36,32.6001,32.87,24.4198640694,1044900,0.0000,1.0
2008-10-01,39.03,39.98,36.75,37.63,27.9561753858,887300,0.0000,1.0
2008-09-30,39.52,39.99,38.01,39.24,29.152280684,1681900,0.0000,1.0
2008-09-29,45.91,46.1,37.01,38.28,28.4390750403,1683400,0.0000,1.0
2008-09-26,47.88,48.14,46.06,47.2,35.0659441459,702100,0.0000,1.0
2008-09-25,50.03,50.45,48.77,49.35,36.6632276186,916400,0.0000,1.0
2008-09-24,51.46,51.46,49.16,49.36,36.6706568441,988100,0.0000,1.0
2008-09-23,53.78,53.97,50.8,50.92,37.829616015,1117000,0.0000,1.0
2008-09-22,55.3,57.2,53.71,53.98,40.1029590041,912600,0.0000,1.0
2008-09-19,57.78,57.99,53.44,55.23,41.0316121859,1017400,0.0000,1.0
2008-09-18,51.4,53.2,49.12,52.88,39.2857442041,1201400,0.0000,1.0
2008-09-17,53.5,54.25,49.51,50.84,37.7701822114,1257700,0.0000,1.0
2008-09-16,51.94,55.5,49.87,55.41,41.1653382441,1540300,0.0000,1.0
2008-09-15,56.71,56.71,51.4,52.48,38.9885751859,1481000,0.0000,1.0
2008-09-12,55.61,58.93,55.11,58.19,43.2306629205,895600,0.0000,1.0
2008-09-11,53.0,56.17,50.98,55.72,41.3956442332,1375500,0.0000,1.0
2008-09-10,53.06,55.34,52.7,54.28,40.3258357677,1356700,0.0000,1.0
2008-09-09,57.27,57.57,52.08,52.72,39.1668765968,1739900,0.0000,1.0
2008-09-08,61.31,61.31,57.11,57.45,42.6809002369,1709000,0.0000,1.0
2008-09-05,57.61,58.56,54.62,58.3,43.3123844005,1008700,0.0000,1.0
2008-09-04,61.81,62.02,56.31,57.47,42.6957586878,1106900,0.0000,1.0
2008-09-03,64.67,66.22,61.08,62.22,46.2246407787,756300,0.0000,1.0
2008-09-02,67.84,67.84,62.36,64.15,47.6584812915,1059600,0.0000,1.0
2008-08-29,68.38,69.22,67.77,68.41,50.8233313351,286300,0.0000,1.0
2008-08-28,67.83,68.82,66.74,68.38,50.8010436588,465200,0.0000,1.0
2008-08-27,68.06,69.7,67.3,68.0,50.5187330915,383100,0.0000,1.0
2008-08-26,66.72,68.21,66.3,67.82,50.3850070333,383300,0.0000,1.0
2008-08-25,68.12,69.84,66.31,67.07,49.8278151242,579600,0.0000,1.0
2008-08-22,68.48,69.33,67.04,68.76,51.0833542261,603400,0.0000,1.0
2008-08-21,69.88,70.2,67.9,68.56,50.934769717,708500,0.0000,1.0
2008-08-20,67.56,70.36,67.364,69.6,51.7074091642,1025600,0.0000,1.0
2008-08-19,66.0,68.19,65.51,66.95,49.7386644188,591800,0.0000,1.0
2008-08-18,66.75,68.65,65.88,66.49,49.3969200479,597100,0.0000,1.0
2008-08-15,69.41,69.41,66.2,66.63,49.5009292042,878100,0.0000,1.0
2008-08-14,69.02,70.61,68.04,69.94,51.9600028297,698900,0.0170,1.0
2008-08-13,68.29,71.3,68.22,70.46,52.333602061,1030900,0.0000,1.0
2008-08-12,67.5,69.06,66.54,68.4,50.8035535193,782200,0.0000,1.0
2008-08-11,71.61,71.97,66.21,67.73,50.3059163723,963000,0.0000,1.0
2008-08-08,75.0,75.256,70.65,71.13,52.831239208,793200,0.0000,1.0
2008-08-07,76.48,77.5,74.71,75.69,56.218142776,659600,0.0000,1.0
2008-08-06,75.61,78.33,73.99,76.88,57.1020057685,757300,0.0000,1.0
2008-08-05,73.63,76.695,71.6,75.45,56.0398846935,1221200,0.0000,1.0
2008-08-04,82.74,82.95,72.18,73.08,54.2795861285,1738700,0.0000,1.0
2008-08-01,87.05,88.12,83.09,83.45,61.9818207776,982700,0.0000,1.0
2008-07-31,90.16,90.78,87.1,90.24,67.025039029,1015900,0.0000,1.0
2008-07-30,90.31,93.95,89.22,91.51,67.9683213824,998800,0.0000,1.0
2008-07-29,86.78,89.92,86.14,87.52,65.0047807604,799300,0.0000,1.0
2008-07-28,84.89,86.37,82.69,83.85,62.2789175818,671600,0.0000,1.0
2008-07-25,80.1,84.22,79.35,83.67,62.1452240199,667700,0.0000,1.0
2008-07-24,83.65,85.44,78.03,79.57,59.0999817768,1394200,0.0000,1.0
2008-07-23,86.15,90.03,84.7595,85.03,63.1553531542,860900,0.0000,1.0
2008-07-22,92.49,92.49,86.0,87.18,64.7522484768,873900,0.0000,1.0
2008-07-21,89.99,93.58,88.05,93.0,69.075006978,914200,0.0000,1.0
2008-07-18,85.14,91.0,84.62,88.87,66.0074824746,1301500,0.0000,1.0
2008-07-17,93.5,94.45,83.738,85.65,63.6158532007,1746400,0.0000,1.0
2008-07-16,98.81,98.81,93.42,94.3,70.0405715917,1063300,0.0000,1.0
2008-07-15,96.84,98.03,91.89,96.13,71.3997894709,729400,0.0000,1.0
2008-07-14,99.15,101.77,95.69,98.24,72.9669751131,703200,0.0000,1.0
2008-07-11,94.34,99.45,93.0,98.53,73.1823702962,659100,0.0000,1.0
2008-07-10,96.5,98.21,92.11,97.18,72.179668582,692000,0.0000,1.0
2008-07-09,96.01,101.1,95.7,96.08,71.3626523704,992700,0.0000,1.0
2008-07-08,96.91,97.0,87.98,95.19,70.7016119811,1395000,0.0000,1.0
2008-07-07,94.14,97.0,90.0,92.97,69.0527247177,968100,0.0000,1.0
2008-07-03,96.0,96.63,89.98,93.25,69.2606924807,1295000,0.0000,1.0
2008-07-02,115.0,116.0,94.03,95.31,70.7907410223,2190600,0.0000,1.0
2008-07-01,116.0,118.55,111.3,114.56,85.0885247248,1678800,0.0000,1.0
2008-06-30,112.17,117.5,111.57,114.6,85.1182344052,880700,0.0000,1.0
2008-06-27,105.96,112.04,105.5101,111.35,82.704322871,2890600,0.0000,1.0
2008-06-26,108.9,109.69,104.0,106.44,79.0574595994,752400,0.0000,1.0
2008-06-25,109.97,110.36,105.2101,109.82,81.5679275949,799000,0.0000,1.0
2008-06-24,110.5,111.98,108.1,108.8,80.8103307442,567500,0.0000,1.0
2008-06-23,107.0,111.67,106.6,110.87,82.347806706,547000,0.0000,1.0
2008-06-20,105.01,108.87,104.47,106.24,78.9089111973,660600,0.0000,1.0
2008-06-19,106.0,109.54,105.0101,107.55,79.881903231,594400,0.0000,1.0
2008-06-18,102.73,106.45,102.43,105.71,78.5152579317,700800,0.0000,1.0
2008-06-17,101.15,103.22,100.61,101.08,75.076362423,420700,0.0000,1.0
2008-06-16,100.5,101.62,98.21,100.92,74.9575237013,413700,0.0000,1.0
2008-06-13,96.43,100.78,95.71,100.78,74.8535398198,651000,0.0000,1.0
2008-06-12,98.0,98.97,94.24,95.05,70.5976280996,413500,0.0000,1.0
2008-06-11,99.01,100.2,96.24,96.5,71.6746040148,485000,0.0000,1.0
2008-06-10,102.58,103.0,99.12,99.4,73.8285558453,684600,0.0000,1.0
2008-06-09,102.37,105.19,101.76,103.85,77.1337577921,409500,0.0000,1.0
2008-06-06,103.09,105.06,102.18,102.83,76.3761609414,513000,0.0000,1.0
2008-06-05,99.47,104.2,99.02,103.63,76.9703545498,811000,0.0000,1.0
2008-06-04,98.25,100.22,97.36,98.04,72.818426711,343300,0.0000,1.0
2008-06-03,100.84,101.61,96.7,98.66,73.2789267576,420200,0.0000,1.0
2008-06-02,100.94,101.74,99.05,100.92,74.9575237013,591800,0.0000,1.0
2008-05-30,96.49,101.43,96.25,100.14,74.3781849331,694400,0.0000,1.0
2008-05-29,95.88,96.75,94.63,95.44,70.8872974837,494100,0.0000,1.0
2008-05-28,94.86,95.84,93.4,95.69,71.0729829863,832700,0.0000,1.0
2008-05-27,95.78,96.88,93.55,95.1,70.6347652001,522500,0.0000,1.0
2008-05-23,99.6,99.84,95.5,95.93,71.2512410688,697300,0.0000,1.0
2008-05-22,98.27,101.6599,98.12,99.63,73.9993865078,555200,0.0000,1.0
2008-05-21,100.24,101.46,97.72,98.1,72.8629912317,442600,0.0000,1.0
2008-05-20,96.86,100.15,96.36,99.83,74.1479349099,612000,0.0000,1.0
2008-05-19,98.35,100.6,97.03,97.58,72.4767653862,507700,0.0000,1.0
2008-05-16,97.31,98.45,95.93,98.19,72.9298380126,340800,0.0000,1.0
2008-05-15,95.52,97.19,94.51,96.45,71.6374669143,467500,0.0170,1.0
2008-05-14,97.62,97.99,95.33,95.33,70.7931180709,589300,0.0170,1.0
2008-05-13,94.6,97.43,93.9,97.03,72.0427097488,433000,0.0000,1.0
2008-05-12,93.29,95.64,92.121,94.6,70.2384864705,550400,0.0000,1.0
2008-05-09,93.95,93.95,91.52,93.1,69.1247683975,427100,0.0000,1.0
2008-05-08,93.95,95.11,92.62,94.37,70.067716366,424400,0.0000,1.0
2008-05-07,93.65,95.9799,92.65,93.3,69.2732641406,709500,0.0000,1.0
2008-05-06,89.13,94.05,88.03,93.55,69.4588838194,717600,0.0000,1.0
2008-05-05,88.46,90.37,86.5,89.85,66.7117125727,477400,0.0000,1.0
2008-05-02,87.0,88.5,86.13,87.85,65.226755142,508200,0.0000,1.0
2008-05-01,88.5,88.85,84.85,86.4,64.1501610048,678400,0.0000,1.0
2008-04-30,86.82,89.48,86.5101,88.0,65.3381269493,416700,0.0000,1.0
2008-04-29,89.25,89.25,85.81,86.4,64.1501610048,475000,0.0000,1.0
2008-04-28,87.75,90.22,86.87,89.59,66.5186681067,729500,0.0000,1.0
2008-04-25,85.09,87.98,84.17,87.61,65.0485602503,542700,0.0000,1.0
2008-04-24,86.98,86.98,82.92,84.91,63.0438677189,602400,0.0000,1.0
2008-04-23,86.99,87.8,85.5,86.81,64.4545772781,571300,0.0000,1.0
2008-04-22,84.19,88.76,84.19,86.75,64.4100285551,857200,0.0000,1.0
2008-04-21,83.56,85.0,83.56,84.76,62.9324959116,459100,0.0000,1.0
2008-04-18,85.82,86.31,83.51,84.25,62.5538317668,523700,0.0000,1.0
2008-04-17,85.57,86.83,84.14,84.59,62.80627453,592200,0.0000,1.0
2008-04-16,82.44,86.74,82.4,86.71,64.3803294065,1063600,0.0000,1.0
2008-04-15,81.0,82.12,79.4,81.8,60.7347589142,490800,0.0000,1.0
2008-04-14,79.98,81.91,79.25,80.66,59.8883331788,495600,0.0000,1.0
2008-04-11,80.54,81.19,79.5,80.32,59.6358904155,427000,0.0000,1.0
2008-04-10,78.82,82.03,78.17,81.67,60.6382366812,453700,0.0000,1.0
2008-04-09,82.28,82.5,78.53,79.54,59.0567570176,621700,0.0000,1.0
2008-04-08,78.91,82.27,78.88,82.04,60.9129538059,1013700,0.0000,1.0
2008-04-07,81.38,82.49,79.34,80.26,59.5913416926,636200,0.0000,1.0
2008-04-04,76.51,81.76,75.23,80.39,59.6878639256,1522100,0.0000,1.0
2008-04-03,74.55,76.68,73.03,75.0,55.68590365,1677400,0.0000,1.0
2008-04-02,72.73,74.2,71.75,72.04,53.4881666526,645800,0.0000,1.0
2008-04-01,72.82,74.18,71.3,73.18,54.3345923881,843200,0.0000,1.0
2008-03-31,71.23,71.65,69.56,71.02,52.730838363,722400,0.0000,1.0
2008-03-28,71.7,72.5,70.53,70.95,52.6788648529,614400,0.0000,1.0
2008-03-27,72.48,73.29,70.67,71.23,52.8867588932,546200,0.0000,1.0
2008-03-26,70.97,72.9,70.55,72.24,53.6366623957,590200,0.0000,1.0
2008-03-25,71.32,72.61,70.93,71.43,53.0352546362,846300,0.0000,1.0
2008-03-24,67.4,73.0,67.34,71.42,53.0278298491,1013500,0.0000,1.0
2008-03-20,64.34,67.33,63.39,66.73,49.5456046742,938900,0.0000,1.0
2008-03-19,65.79,68.24,63.38,63.39,47.065725765,847800,0.0000,1.0
2008-03-18,62.16,65.99,62.16,65.91,48.9367721276,535400,0.0000,1.0
2008-03-17,60.58,62.85,59.9,61.61,45.7441136517,568700,0.0000,1.0
2008-03-14,65.47,65.49,61.704,63.04,46.8058582146,530900,0.0000,1.0
2008-03-13,61.8,65.22,60.81,64.59,47.9567002234,480300,0.0000,1.0
2008-03-12,62.81,63.68,62.02,62.75,46.5905393871,495700,0.0000,1.0
2008-03-11,59.96,62.78,59.07,62.72,46.5682650257,561200,0.0000,1.0
2008-03-10,61.17,61.17,57.52,57.79,42.9078449591,623800,0.0000,1.0
2008-03-07,62.11,63.52,60.56,60.83,45.1649802537,557500,0.0000,1.0
2008-03-06,67.66,67.66,62.91,62.91,46.7093359816,758800,0.0000,1.0
2008-03-05,65.97,68.33,65.91,68.17,50.6147740243,767100,0.0000,1.0
2008-03-04,66.72,68.5,64.51,65.52,48.6472054286,1136700,0.0000,1.0
2008-03-03,64.91,67.5,64.47,67.29,49.9613927548,766400,0.0000,1.0
2008-02-29,67.23,67.33,64.84,65.47,48.6100814929,554900,0.0000,1.0
2008-02-28,66.55,68.36,66.02,67.58,50.1767115822,415000,0.0000,1.0
2008-02-27,67.33,68.54,66.5,66.96,49.7163747787,270300,0.0000,1.0
2008-02-26,66.05,69.12,65.94,67.86,50.3846056225,454000,0.0000,1.0
2008-02-25,64.73,67.0,64.1,66.63,49.4713568026,381900,0.0000,1.0
2008-02-22,65.01,65.32,63.5,64.73,48.0606472435,412300,0.0000,1.0
2008-02-21,65.95,66.37,64.56,64.78,48.0977711793,411900,0.0000,1.0
2008-02-20,63.64,65.67,63.09,65.62,48.7214533002,500300,0.0000,1.0
2008-02-19,62.19,64.97,61.41,63.64,47.2513454438,639200,0.0000,1.0
2008-02-15,61.15,62.0,59.13,60.89,45.2095289766,480600,0.0000,1.0
2008-02-14,63.26,64.65,61.73,61.86,45.9297333305,570800,0.0000,1.0
2008-02-13,61.6,63.14,60.5,63.03,46.7984334274,379900,0.0170,1.0
2008-02-12,61.28,62.47,60.66,60.84,45.1602247486,485200,0.0000,1.0
2008-02-11,60.56,61.3,59.0,60.84,45.1602247486,373000,0.0000,1.0
2008-02-08,57.32,61.64,57.02,60.09,44.6035158636,754700,0.0000,1.0
2008-02-07,56.5,58.43,55.64,57.26,42.502867671,273000,0.0000,1.0
2008-02-06,57.98,59.0,56.49,56.72,42.1020372738,497300,0.0000,1.0
2008-02-05,56.5,57.62,56.3,57.06,42.3544119684,661700,0.0000,1.0
2008-02-04,57.75,58.34,56.51,57.47,42.6587461588,561100,0.0000,1.0
2008-02-01,58.05,58.47,56.5,58.0,43.0521537709,394400,0.0000,1.0
2008-01-31,55.2,57.45,54.53,56.66,42.0575005631,449000,0.0000,1.0
2008-01-30,54.47,57.88,53.59,56.0,41.5675967443,706900,0.0000,1.0
2008-01-29,54.3,55.46,53.15,54.97,40.8030498756,623100,0.0000,1.0
2008-01-28,55.49,55.74,53.45,54.27,40.2834549163,497200,0.0000,1.0
2008-01-25,54.56,56.75,54.03,55.29,41.0405789998,811900,0.0000,1.0
2008-01-24,50.34,53.51,50.11,53.12,39.429834626,791000,0.0000,1.0
2008-01-23,48.0,50.25,45.1,49.94,37.0693889537,647200,0.0000,1.0
2008-01-22,47.43,50.9,46.5,49.63,36.8392826146,694500,0.0000,1.0
2008-01-18,47.96,51.31,47.65,49.39,36.6611357714,1164900,0.0000,1.0
2008-01-17,52.07,53.09,47.75,47.93,35.577409142,1147600,0.0000,1.0
2008-01-16,52.75,54.68,50.5,51.78,38.4351814182,1686000,0.0000,1.0
2008-01-15,59.13,59.13,55.18,55.49,41.1890347025,827700,0.0000,1.0
2008-01-14,58.44,59.73,57.12,59.41,44.0987664746,554800,0.0000,1.0
2008-01-11,57.99,59.22,57.25,58.19,43.1931866884,611100,0.0000,1.0
2008-01-10,55.77,59.98,55.39,58.68,43.5569031599,665300,0.0000,1.0
2008-01-09,55.0,56.73,53.97,56.73,42.109460059,785000,0.0000,1.0
2008-01-08,61.0,61.83,55.15,55.5,41.1964574876,1001500,0.0000,1.0
2008-01-07,58.38,63.08,58.19,61.8,45.8728121214,2037400,0.0000,1.0
2008-01-04,66.37,66.72,63.05,63.65,47.246027371,614100,0.0000,1.0
2008-01-03,66.13,69.2899,65.13,66.87,49.6361641838,680700,0.0000,1.0
2008-01-02,69.1,69.63,65.12,65.92,48.9309995961,358100,0.0000,1.0
2007-12-31,66.55,70.26,66.55,69.13,51.3137136238,422400,0.0000,1.0
2007-12-28,69.85,69.85,66.55,67.1,49.8068882418,371000,0.0000,1.0
2007-12-27,68.67,70.474,68.5,68.83,51.0910300698,336600,0.0000,1.0
2007-12-26,68.49,70.27,67.56,68.89,51.1355667806,402200,0.0000,1.0
2007-12-24,67.94,69.18,67.62,68.92,51.157835136,103100,0.0000,1.0
2007-12-21,66.3,68.25,65.83,67.61,50.1854502836,509500,0.0000,1.0
2007-12-20,64.23,65.63,63.5,65.63,48.7157388273,320100,0.0000,1.0
2007-12-19,63.28,64.37,62.82,63.48,47.1198400237,345200,0.0000,1.0
2007-12-18,62.97,64.08,61.45,63.27,46.9639615359,426700,0.0000,1.0
2007-12-17,63.44,63.72,61.63,62.25,46.2068374523,486100,0.0000,1.0
2007-12-14,65.7,65.97,63.22,63.82,47.3722147182,316700,0.0000,1.0
2007-12-13,66.69,67.01,65.56,66.72,49.5248224068,285600,0.0000,1.0
2007-12-12,66.93,67.95,66.02,67.4,50.0295717958,465700,0.0000,1.0
2007-12-11,69.92,69.92,65.44,65.47,48.5969742651,411600,0.0000,1.0
2007-12-10,68.7,69.93,68.13,69.45,51.551242748,317300,0.0000,1.0
2007-12-07,67.17,68.98,66.01,68.44,50.8015414496,301200,0.0000,1.0
2007-12-06,63.95,67.29,63.88,66.98,49.7178148202,359100,0.0000,1.0
2007-12-05,62.82,64.67,61.72,64.0,47.5058248506,285600,0.0000,1.0
2007-12-04,61.39,61.57,60.26,61.09,45.3457943769,284700,0.0000,1.0
2007-12-03,62.85,63.65,62.07,62.07,46.07322732,380600,0.0000,1.0
2007-11-30,64.0,64.5,61.9,62.42,46.3330247996,436000,0.0000,1.0
2007-11-29,63.22,64.41,62.38,62.78,46.6002450644,299600,0.0000,1.0
2007-11-28,58.68,63.6,58.68,63.5,47.134685594,730000,0.0000,1.0
2007-11-27,59.34,59.76,56.77,58.03,43.0744221263,579500,0.0000,1.0
2007-11-26,61.71,62.14,58.84,59.1,43.8686601355,399700,0.0000,1.0
2007-11-23,61.63,62.95,60.78,61.75,45.8356981957,204300,0.0000,1.0
2007-11-21,61.83,61.83,60.02,60.91,45.2121842445,206600,0.0000,1.0
2007-11-20,60.68,63.49,60.68,62.31,46.2513741631,320300,0.0000,1.0
2007-11-19,62.67,62.95,60.44,60.66,45.0266146162,390200,0.0000,1.0
2007-11-16,63.1,63.72,60.9,63.6,47.2089134453,297600,0.0000,1.0
2007-11-15,64.24,64.99,62.0,62.94,46.7190096265,471800,0.0170,1.0
2007-11-14,61.9,65.24,61.89,64.52,47.8788776642,579700,0.0000,1.0
2007-11-13,59.8,61.76,59.33,61.59,45.7045888924,422000,0.0000,1.0
2007-11-12,61.68,61.68,59.4,59.59,44.2204327342,499500,0.0000,1.0
2007-11-09,60.0,62.5,59.77,61.88,45.9197915353,657700,0.0000,1.0
2007-11-08,62.31,62.99,60.31,62.0,46.0088409048,844600,0.0000,1.0
2007-11-07,62.0,62.51,60.89,61.23,45.4374407839,724800,0.0000,1.0
2007-11-06,64.8,65.11,62.22,63.39,47.0403294348,622400,0.0000,1.0
2007-11-05,64.25,65.0,63.11,64.51,47.8714568834,311000,0.0000,1.0
2007-11-02,64.86,65.23,63.09,65.0,48.2350751421,551000,0.0000,1.0
2007-11-01,64.86,65.5,63.66,64.07,47.5449425286,675400,0.0000,1.0
2007-10-31,67.07,67.23,64.86,66.07,49.0290986868,487000,0.0000,1.0
2007-10-30,65.75,68.65,65.0,66.54,49.377875384,818700,0.0000,1.0
2007-10-29,68.3,70.01,64.55,65.76,48.7990544823,2543500,0.0000,1.0
2007-10-26,75.73,77.88,74.66,77.77,57.7114122124,467600,0.0000,1.0
2007-10-25,74.51,75.74,73.24,74.61,55.3664454824,248400,0.0000,1.0
2007-10-24,74.51,76.0,72.59,73.92,54.8544116078,355600,0.0000,1.0
2007-10-23,74.71,75.62,73.02,75.0,55.6558559332,389200,0.0000,1.0
2007-10-22,71.06,73.94,69.0,73.64,54.6466297456,387400,0.0000,1.0
2007-10-19,74.53,74.6,70.27,71.82,53.2960476417,599100,0.0000,1.0
2007-10-18,72.08,75.0,71.0,74.6,55.3590247016,464700,0.0000,1.0
2007-10-17,73.42,73.62,71.23,72.66,53.9193932281,459100,0.0000,1.0
2007-10-16,73.22,73.24,71.31,72.76,53.993601036,487100,0.0000,1.0
2007-10-15,71.5,74.34,71.5,73.52,54.5575803762,519000,0.0000,1.0
2007-10-12,70.45,71.36,68.9,71.12,52.7765929863,374400,0.0000,1.0
2007-10-11,72.92,74.15,69.5,71.01,52.6949643976,627400,0.0000,1.0
2007-10-10,73.77,74.66,72.21,72.7,53.9490763513,493700,0.0000,1.0
2007-10-09,74.2,74.46,72.02,74.2,55.0621934699,477600,0.0000,1.0
2007-10-08,72.22,73.849,71.44,73.42,54.4833725682,328200,0.0000,1.0
2007-10-05,71.8,73.35,71.6,72.44,53.7561360507,746300,0.0000,1.0
2007-10-04,73.62,73.62,70.29,70.89,52.6059150281,845900,0.0000,1.0
2007-10-03,73.88,74.89,72.55,74.89,55.5742273445,564600,0.0000,1.0
2007-10-02,75.84,75.85,73.75,74.02,54.9286194157,469800,0.0000,1.0
2007-10-01,73.29,76.4,73.03,75.84,56.2792015197,588200,0.0000,1.0
2007-09-28,72.49,77.7,72.49,73.29,54.386902418,1120000,0.0000,1.0
2007-09-27,71.4,73.04,70.55,72.51,53.8080815163,407600,0.0000,1.0
2007-09-26,70.3,71.54,69.54,71.3,52.9101670405,404100,0.0000,1.0
2007-09-25,69.17,69.99,67.55,69.63,51.6708966484,440200,0.0000,1.0
2007-09-24,66.78,71.98,66.75,69.74,51.7525252371,716400,0.0000,1.0
2007-09-21,65.07,67.95,64.78,66.44,49.3036675761,802300,0.0000,1.0
2007-09-20,65.25,65.96,63.801,64.55,47.9011400065,431000,0.0000,1.0
2007-09-19,64.72,67.39,63.83,65.31,48.4651193467,856000,0.0000,1.0
2007-09-18,61.49,64.624,60.51,64.37,47.7675659523,497100,0.0000,1.0
2007-09-17,60.37,62.36,60.3,61.04,45.2964459489,522900,0.0000,1.0
2007-09-14,57.64,61.01,57.44,60.81,45.1257679907,385100,0.0000,1.0
2007-09-13,57.89,59.38,57.47,58.35,43.3002559161,343000,0.0000,1.0
2007-09-12,58.25,58.37,56.9,57.42,42.6101233025,375700,0.0000,1.0
2007-09-11,57.53,58.84,57.27,58.75,43.5970871477,405100,0.0000,1.0
2007-09-10,59.74,59.97,56.47,57.26,42.4913908098,469300,0.0000,1.0
2007-09-07,61.58,61.58,59.0,59.5,44.153645707,548400,0.0000,1.0
2007-09-06,60.94,62.67,59.97,61.86,45.9049499737,546200,0.0000,1.0
2007-09-05,59.31,60.46,58.59,60.38,44.8066744167,405100,0.0000,1.0
2007-09-04,58.64,60.19,58.02,59.45,44.1165418031,372900,0.0000,1.0
2007-08-31,56.45,58.74,56.19,58.43,43.3596221624,445700,0.0000,1.0
2007-08-30,53.75,55.92,53.28,55.56,41.2298580753,433000,0.0000,1.0
2007-08-29,50.63,54.29,50.38,53.98,40.0573747103,369800,0.0000,1.0
2007-08-28,52.15,52.23,50.18,50.25,37.2894234753,249200,0.0000,1.0
2007-08-27,53.74,53.76,51.91,52.41,38.8923121261,247000,0.0000,1.0
2007-08-24,52.08,53.9,51.8201,53.84,39.9534837793,307800,0.0000,1.0
2007-08-23,53.47,53.6,51.65,52.08,38.64742636,317900,0.0000,1.0
2007-08-22,51.62,53.51,51.53,53.3,39.5527616166,435500,0.0000,1.0
2007-08-21,50.19,51.6222,49.93,50.92,37.7866157883,289200,0.0000,1.0
2007-08-20,50.61,51.68,49.11,50.32,37.3413689408,310500,0.0000,1.0
2007-08-17,52.59,52.59,49.53,50.33,37.3487897216,543000,0.0000,1.0
2007-08-16,49.12,49.98,46.17,49.47,36.7106025736,617500,0.0000,1.0
2007-08-15,52.09,53.02,49.65,49.86,37.0000130244,364000,0.0000,1.0
2007-08-14,54.28,54.71,51.91,52.5,38.9590991533,356300,0.0000,1.0
2007-08-13,54.84,55.25,53.37,54.01,40.0796370527,442000,0.0000,1.0
2007-08-10,51.0,53.65,49.26,53.5,39.7011772324,598500,0.0000,1.0
2007-08-09,53.78,54.97,50.35,51.34,38.0982885815,938600,0.0000,1.0
2007-08-08,54.98,56.33,54.25,55.61,41.2669619793,779500,0.0000,1.0
2007-08-07,54.31,55.09,52.99,54.63,40.5397254618,670400,0.0170,1.0
2007-08-06,54.44,54.68,52.0,54.47,40.4084185024,786700,0.0000,1.0
2007-08-03,56.68,57.26,54.0,54.64,40.5345325312,689200,0.0000,1.0
2007-08-02,55.81,57.52,55.81,56.6,41.9885530978,547200,0.0000,1.0
2007-08-01,53.18,56.06,50.3,55.71,41.328309065,891500,0.0000,1.0
2007-07-31,57.33,57.4,54.11,54.19,40.2007012786,408300,0.0000,1.0
2007-07-30,55.12,56.5,54.77,56.2,41.6918142067,532900,0.0000,1.0
2007-07-27,55.13,55.9,54.13,55.02,40.8164344778,678200,0.0000,1.0
2007-07-26,57.0,58.13,54.58,55.18,40.9351300342,718500,0.0000,1.0
2007-07-25,59.6,60.284,56.89,58.1,43.1013239396,529300,0.0000,1.0
2007-07-24,61.53,61.74,59.04,59.31,43.9989590854,399400,0.0000,1.0
2007-07-23,61.88,62.52,60.86,62.01,46.0019466006,421000,0.0000,1.0
2007-07-20,61.26,61.84,60.46,61.23,45.4233057629,525400,0.0000,1.0
2007-07-19,64.1,64.1,60.92,61.4,45.5494197916,705800,0.0000,1.0
2007-07-18,62.33,64.38,62.06,63.98,47.4633856395,714400,0.0000,1.0
2007-07-17,62.0,62.94,61.28,62.62,46.4544734096,446100,0.0000,1.0
2007-07-16,62.95,62.98,61.41,61.8,45.8461586828,557100,0.0000,1.0
2007-07-13,61.86,62.95,61.61,62.8,46.5880059106,453600,0.0000,1.0
2007-07-12,61.24,61.95,61.15,61.92,45.9351803501,680200,0.0000,1.0
2007-07-11,60.75,61.75,59.79,60.9,45.1784961777,768700,0.0000,1.0
2007-07-10,61.17,61.18,59.58,59.79,44.3550457547,1105500,0.0000,1.0
2007-07-09,57.38,62.11,57.05,61.3601,45.5198200872,3038700,0.0000,1.0
2007-07-06,51.26,52.47,50.97,52.32,38.8134469625,434600,0.0000,1.0
2007-07-05,50.14,51.18,49.81,50.82,37.7006761207,485700,0.0000,1.0
2007-07-03,49.32,50.39,49.31,50.19,37.2333123671,233800,0.0000,1.0
2007-07-02,48.36,49.3,48.27,49.09,36.4172804165,333800,0.0000,1.0
2007-06-29,48.42,48.93,47.65,47.94,35.5641561044,304800,0.0000,1.0
2007-06-28,47.25,48.48,47.21,47.84,35.4899713816,287100,0.0000,1.0
2007-06-27,47.93,48.0,46.61,47.25,35.0522815172,611900,0.0000,1.0
2007-06-26,48.54,48.85,47.73,48.43,35.9276612461,485100,0.0000,1.0
2007-06-25,49.43,49.64,48.33,48.47,35.9573351352,363300,0.0000,1.0
2007-06-22,50.17,50.28,49.2,49.64,36.8252963918,478900,0.0000,1.0
2007-06-21,49.49,50.56,49.08,50.38,37.3742633404,268100,0.0000,1.0
2007-06-20,50.79,51.16,49.41,49.49,36.7140193076,317400,0.0000,1.0
2007-06-19,49.87,50.74,49.2,50.49,37.4558665355,306800,0.0000,1.0
2007-06-18,50.05,50.64,49.56,49.94,37.0478505602,329000,0.0000,1.0
2007-06-15,49.99,50.51,49.41,50.3,37.3149155622,482600,0.0000,1.0
2007-06-14,49.28,50.0,48.99,49.16,36.4692097224,468300,0.0000,1.0
2007-06-13,48.56,49.52,48.25,49.15,36.4617912501,585800,0.0000,1.0
2007-06-12,49.73,49.96,47.93,48.1,35.6828516609,887500,0.0000,1.0
2007-06-11,50.88,50.89,49.62,50.12,37.1813830612,426300,0.0000,1.0
2007-06-08,51.43,51.88,50.02,51.62,38.294153903,789700,0.0000,1.0
2007-06-07,52.5,53.08,50.52,50.99,37.8267901494,505500,0.0000,1.0
2007-06-06,53.5,53.71,52.15,52.61,39.0285826586,564400,0.0000,1.0
2007-06-05,54.84,55.37,53.59,53.99,40.0523318331,615400,0.0000,1.0
2007-06-04,55.33,55.51,54.64,55.25,40.9870593402,314400,0.0000,1.0
2007-06-01,54.78,55.65,54.48,55.45,41.1354287858,262200,0.0000,1.0
2007-05-31,53.69,54.84,53.54,54.2,40.2081197509,367800,0.0000,1.0
2007-05-30,51.88,53.54,50.6,53.2,39.466272523,462700,0.0000,1.0
2007-05-29,52.32,52.99,51.63,52.25,38.7615176566,287700,0.0000,1.0
2007-05-25,52.15,52.35,51.55,52.23,38.746680712,368500,0.0000,1.0
2007-05-24,53.95,54.29,51.46,51.99,38.5686373773,605100,0.0000,1.0
2007-05-23,53.96,55.33,53.71,54.1,40.1339350281,637200,0.0000,1.0
2007-05-22,54.2,54.5891,53.37,53.56,39.7333375251,437100,0.0000,1.0
2007-05-21,53.82,55.25,53.61,54.51,40.4380923916,361100,0.0000,1.0
2007-05-18,53.22,54.08,52.58,54.0,40.0597503053,349000,0.0000,1.0
2007-05-17,53.24,53.25,52.01,52.99,39.3104846052,392500,0.0000,1.0
2007-05-16,53.34,53.63,52.51,53.48,39.6739897468,404600,0.0000,1.0
2007-05-15,54.56,54.84,52.68,53.06,39.3624139111,826200,0.0000,1.0
2007-05-14,55.73,56.18,54.72,55.09,40.8683637837,704700,0.0000,1.0
2007-05-11,54.21,56.11,54.21,55.54,41.2021950363,485200,0.0000,1.0
2007-05-10,55.18,55.21,53.59,53.88,39.970728638,530500,0.0000,1.0
2007-05-09,54.04,55.5,54.0,55.44,41.1280103135,489500,0.0000,1.0
2007-05-08,54.41,55.0,53.85,54.44,40.3861630856,432600,0.0000,1.0
2007-05-07,53.02,54.76,52.87,54.14,40.1636089172,721800,0.0000,1.0
2007-05-04,52.19,53.0,51.91,52.45,38.9098871021,389900,0.0000,1.0
2007-05-03,52.36,53.32,51.4,51.9,38.5018711268,768400,0.0170,1.0
2007-05-02,51.29,52.3,51.03,52.03,38.5856724142,503100,0.0000,1.0
2007-05-01,51.98,52.09,50.61,51.26,38.014637093,586800,0.0000,1.0
2007-04-30,52.13,53.5,51.85,51.91,38.4966798966,676600,0.0000,1.0
2007-04-27,52.28,52.84,51.19,52.26,38.7562414062,610100,0.0000,1.0
2007-04-26,52.56,52.82,51.35,52.33,38.8081537081,657500,0.0000,1.0
2007-04-25,49.76,53.57,49.5,52.62,39.023218959,1337300,0.0000,1.0
2007-04-24,49.91,49.91,48.79,49.3,36.5610926392,518600,0.0000,1.0
2007-04-23,49.13,50.96,49.07,50.38,37.3620252975,834300,0.0000,1.0
2007-04-20,49.02,49.74,48.65,48.9,36.264450914,521200,0.0000,1.0
2007-04-19,47.94,48.85,47.42,48.8,36.1902904826,561900,0.0000,1.0
2007-04-18,48.2,48.68,47.63,48.39,35.8862327142,529800,0.0000,1.0
2007-04-17,48.29,49.2998,48.09,48.2,35.7453278947,865800,0.0000,1.0
2007-04-16,46.62,48.29,46.59,48.29,35.8120722829,1090500,0.0000,1.0
2007-04-13,46.15,46.32,45.82,46.25,34.2991994841,606200,0.0000,1.0
2007-04-12,45.25,46.32,44.94,46.15,34.2250390527,740100,0.0000,1.0
2007-04-11,45.78,45.89,44.75,45.41,33.676251861,925400,0.0000,1.0
2007-04-10,46.11,46.6,45.21,45.77,33.9432294137,1009200,0.0000,1.0
2007-04-09,44.86,46.82,44.04,45.92,34.0544700607,3292000,0.0000,1.0
2007-04-05,40.89,41.179,40.4,40.73,30.2055436754,637100,0.0000,1.0
2007-04-04,40.93,40.93,40.47,40.5,30.0349746833,327600,0.0000,1.0
2007-04-03,40.34,41.02,40.25,40.86,30.3019522361,412800,0.0000,1.0
2007-04-02,40.3,40.49,39.88,40.2,29.8124933894,331400,0.0000,1.0
2007-03-30,40.11,40.7185,39.86,40.17,29.79024526,489500,0.0000,1.0
2007-03-29,39.39,40.39,39.39,40.12,29.7531650443,354900,0.0000,1.0
2007-03-28,39.53,39.59,38.91,39.06,28.9670644724,313700,0.0000,1.0
2007-03-27,39.91,39.97,39.56,39.79,29.508435621,297800,0.0000,1.0
2007-03-26,39.95,40.25,39.15,39.97,29.6419243974,494500,0.0000,1.0
2007-03-23,39.51,40.0,39.32,39.97,29.6419243974,346900,0.0000,1.0
2007-03-22,39.9,40.0,39.45,39.63,29.3897789309,303300,0.0000,1.0
2007-03-21,39.36,40.0,39.16,39.93,29.6122602248,675200,0.0000,1.0
2007-03-20,39.39,39.87,38.85,39.41,29.226625982,495800,0.0000,1.0
2007-03-19,38.53,38.9,38.17,38.77,28.7519992216,353400,0.0000,1.0
2007-03-16,38.32,38.65,37.78,37.87,28.0845553397,369300,0.0000,1.0
2007-03-15,37.41,38.77,37.41,38.26,28.3737810218,408000,0.0000,1.0
2007-03-14,37.05,37.72,36.31,37.65,27.9214023908,518400,0.0000,1.0
2007-03-13,38.33,38.93,37.0,37.04,27.4690237598,428600,0.0000,1.0
2007-03-12,38.87,39.24,38.29,38.75,28.7371671353,377600,0.0000,1.0
2007-03-09,38.33,39.17,38.18,38.93,28.8706559117,397500,0.0000,1.0
2007-03-08,37.56,38.62,37.52,38.12,28.269956418,422800,0.0000,1.0
2007-03-07,36.7,37.6,36.56,37.22,27.6025125361,386100,0.0000,1.0
2007-03-06,36.04,36.99,35.89,36.81,27.2984547677,228300,0.0000,1.0
2007-03-05,35.97,37.06,35.39,35.56,26.3714493763,494800,0.0000,1.0
2007-03-02,37.24,37.52,35.85,36.52,27.0833895169,442800,0.0000,1.0
2007-03-01,36.75,37.94,36.0,37.29,27.6544248381,395300,0.0000,1.0
2007-02-28,36.47,38.0,36.33,37.53,27.8324098732,656500,0.0000,1.0
2007-02-27,37.86,38.08,36.38,36.5,27.0685574307,455200,0.0000,1.0
2007-02-26,38.72,39.14,38.37,38.73,28.722335049,208300,0.0000,1.0
2007-02-23,39.02,39.23,38.37,38.62,28.6407585746,164800,0.0000,1.0
2007-02-22,39.45,39.51,38.41,38.95,28.8854879979,182600,0.0000,1.0
2007-02-21,38.22,39.44,37.95,39.39,29.2117938957,285200,0.0000,1.0
2007-02-20,38.76,38.77,37.75,38.41,28.4850216688,294100,0.0000,1.0
2007-02-16,38.57,39.12,38.43,38.92,28.8632398685,269100,0.0000,1.0
2007-02-15,37.42,38.84,37.37,38.67,28.6778387902,372300,0.0000,1.0
2007-02-14,37.73,37.94,37.28,37.45,27.7730815282,232300,0.0000,1.0
2007-02-13,37.75,38.39,37.43,37.61,27.8917382183,333900,0.0000,1.0
2007-02-12,37.3,38.01,37.19,37.45,27.7730815282,186000,0.0000,1.0
2007-02-09,38.66,38.67,37.1,37.3,27.6618408812,505400,0.0000,1.0
2007-02-08,38.15,38.89,37.97,38.67,28.6778387902,467900,0.0170,1.0
2007-02-07,38.53,38.93,38.2201,38.29,28.3835512518,351400,0.0000,1.0
2007-02-06,37.5,38.74,37.5,38.55,28.5762836447,498300,0.0000,1.0
2007-02-05,38.2,38.38,37.52,37.6,27.8720691321,282200,0.0000,1.0
2007-02-02,38.74,38.79,37.74,38.32,28.4057896048,258200,0.0000,1.0
2007-02-01,38.81,38.94,38.2,38.55,28.5762836447,441800,0.0000,1.0
2007-01-31,38.26,38.75,37.84,38.5,28.539219723,405900,0.0000,1.0
2007-01-30,37.65,38.46,37.44,38.31,28.3983768205,513200,0.0000,1.0
2007-01-29,37.51,38.03,37.41,37.66,27.9165458382,496000,0.0000,1.0
2007-01-26,37.53,37.97,37.16,37.66,27.9165458382,446500,0.0000,1.0
2007-01-25,37.39,37.95,37.11,37.56,27.8424179947,810300,0.0000,1.0
2007-01-24,35.22,37.0,35.09,36.94,27.3828253654,957800,0.0000,1.0
2007-01-23,34.01,35.23,34.0,35.18,26.0781753209,509900,0.0000,1.0
2007-01-22,34.34,34.46,33.93,34.0,25.2034667684,562100,0.0000,1.0
2007-01-19,33.89,34.41,33.71,34.34,25.4555014361,487600,0.0000,1.0
2007-01-18,34.0,34.55,33.73,33.85,25.0922750032,409600,0.0000,1.0
2007-01-17,33.76,34.46,33.72,34.14,25.3072457492,479200,0.0000,1.0
2007-01-16,34.67,34.93,33.82,33.96,25.173815631,478700,0.0000,1.0
2007-01-12,34.53,34.99,34.21,34.66,25.6927105351,397400,0.0000,1.0
2007-01-11,34.43,34.93,34.23,34.64,25.6778849664,607100,0.0000,1.0
2007-01-10,33.82,34.48,33.26,34.44,25.5296292795,709100,0.0000,1.0
2007-01-09,34.65,34.83,33.34,33.99,25.196053984,878400,0.0000,1.0
2007-01-08,35.15,35.91,34.1,34.93,25.8928557123,1846400,0.0000,1.0
2007-01-05,38.75,38.76,37.4,37.72,27.9610225442,497400,0.0000,1.0
2007-01-04,38.4,38.87,37.78,38.75,28.7245393316,483800,0.0000,1.0
2007-01-03,39.91,40.009,38.11,38.5,28.539219723,450300,0.0000,1.0
2006-12-29,39.92,40.0,39.51,39.7,29.4287538443,170400,0.0000,1.0
2006-12-28,40.38,40.46,39.8,40.05,29.6882012963,133500,0.0000,1.0
2006-12-27,39.66,40.47,39.27,40.35,29.9105848266,171600,0.0000,1.0
2006-12-26,38.97,39.75,38.97,39.55,29.3175620791,138200,0.0000,1.0
2006-12-22,38.92,39.24,38.66,39.11,28.991399568,121800,0.0000,1.0
2006-12-21,39.64,39.79,38.53,39.01,28.9172717245,243300,0.0000,1.0
2006-12-20,40.16,40.57,39.58,39.73,29.4509921973,174000,0.0000,1.0
2006-12-19,39.44,40.25,39.25,40.11,29.7326780023,300600,0.0000,1.0
2006-12-18,40.85,40.88,39.55,39.74,29.4584049816,268600,0.0000,1.0
2006-12-15,40.24,40.72,40.095,40.51,30.0291893761,300600,0.0000,1.0
2006-12-14,40.13,40.77,39.86,40.14,29.7549163554,279500,0.0000,1.0
2006-12-13,39.62,40.29,39.57,40.23,29.8216314145,385800,0.0000,1.0
2006-12-12,39.26,39.48,38.69,39.37,29.1841319609,552100,0.0000,1.0
2006-12-11,40.44,40.46,39.9,40.26,29.8438697675,263200,0.0000,1.0
2006-12-08,40.88,40.9994,40.22,40.4,29.9476487483,306700,0.0000,1.0
2006-12-07,41.0,41.63,40.69,40.94,30.3479391029,228900,0.0000,1.0
2006-12-06,41.08,41.59,40.73,40.95,30.3553518872,286900,0.0000,1.0
2006-12-05,41.57,41.93,40.73,41.2,30.5406714958,597300,0.0000,1.0
2006-12-04,39.24,40.81,39.24,40.72,30.1848578473,523600,0.0000,1.0
2006-12-01,40.47,40.65,38.7,39.25,29.0951785488,868300,0.0000,1.0
2006-11-30,40.93,42.19,40.35,40.88,30.3034623968,867600,0.0000,1.0
2006-11-29,40.33,40.89,40.25,40.87,30.2960496125,316700,0.0000,1.0
2006-11-28,39.55,40.05,39.3,39.94,29.6066606685,287500,0.0000,1.0
2006-11-27,40.81,40.81,39.56,39.72,29.4435794129,290700,0.0000,1.0
2006-11-24,40.42,40.99,40.17,40.86,30.2886368281,149700,0.0000,1.0
2006-11-22,41.0,41.0,40.26,40.66,30.1403811412,216200,0.0000,1.0
2006-11-21,40.33,40.98,40.2,40.89,30.3108751811,403400,0.0000,1.0
2006-11-20,40.225,40.91,39.79,40.2,29.7993930614,629700,0.0000,1.0
2006-11-17,39.08,40.25,39.08,39.52,29.2953237261,572000,0.0000,1.0
2006-11-16,40.34,40.52,39.2,39.25,29.0951785488,377500,0.0000,1.0
2006-11-15,40.02,40.65,39.62,40.09,29.7178524337,597200,0.0000,1.0
2006-11-14,40.62,40.75,39.41,40.04,29.6807885119,608100,0.0000,1.0
2006-11-13,39.74,40.5,39.67,40.42,29.962474317,578800,0.0000,1.0
2006-11-10,40.0,40.25,39.38,39.94,29.6066606685,716200,0.0000,1.0
2006-11-09,40.73,40.97,39.22,40.14,29.7549163554,460600,0.0170,1.0
2006-11-08,39.75,41.7,39.74,40.65,30.1202119144,932200,0.0000,1.0
2006-11-07,39.2,40.71,38.73,40.25,29.8238260653,1428400,0.0000,1.0
2006-11-06,37.05,37.8,36.84,37.65,27.8973180462,417000,0.0000,1.0
2006-11-03,36.5,37.17,36.38,36.8,27.2674981168,362100,0.0000,1.0
2006-11-02,34.64,36.49,34.6,36.42,26.9859315602,657700,0.0000,1.0
2006-11-01,35.19,35.65,34.71,34.91,25.8670749799,401600,0.0000,1.0
2006-10-31,34.5,35.03,34.23,34.96,25.904123211,381900,0.0000,1.0
2006-10-30,34.59,34.93,34.31,34.63,25.6596048855,211200,0.0000,1.0
2006-10-27,34.75,35.65,34.48,34.67,25.6892434704,267500,0.0000,1.0
2006-10-26,34.74,35.2,34.68,34.91,25.8670749799,354700,0.0000,1.0
2006-10-25,34.41,34.83,34.07,34.72,25.7262917015,399300,0.0000,1.0
2006-10-24,32.29,34.41,32.2,34.34,25.4447251449,647700,0.0000,1.0
2006-10-23,32.17,32.7,32.12,32.56,24.1258081164,198000,0.0000,1.0
2006-10-20,33.11,33.11,32.27,32.44,24.0368923617,248000,0.0000,1.0
2006-10-19,32.4,33.19,32.16,32.99,24.4444229042,227900,0.0000,1.0
2006-10-18,33.1,33.49,32.41,32.67,24.2073142249,277200,0.0000,1.0
2006-10-17,32.88,33.09,32.26,32.85,24.340687857,219300,0.0000,1.0
2006-10-16,32.36,33.24,32.25,33.14,24.5555675976,344800,0.0000,1.0
2006-10-13,32.02,32.49,31.8,32.09,23.7775547437,410700,0.0000,1.0
2006-10-12,31.51,32.04,31.46,31.96,23.6812293428,276900,0.0000,1.0
2006-10-11,31.8,32.04,31.28,31.51,23.3477952625,363000,0.0000,1.0
2006-10-10,31.95,32.45,31.77,32.05,23.7479161588,418300,0.0000,1.0
2006-10-09,31.39,32.65,31.39,31.98,23.6960486352,480600,0.0000,1.0
2006-10-06,31.59,31.73,30.86,31.49,23.3329759701,629900,0.0000,1.0
2006-10-05,30.76,31.9,30.76,31.8,23.5626750031,585500,0.0000,1.0
2006-10-04,30.51,31.09,30.05,30.6,22.6735174558,422100,0.0000,1.0
2006-10-03,30.8,31.09,30.16,30.51,22.6068306398,402900,0.0000,1.0
2006-10-02,31.5,31.65,30.95,31.05,23.0069515361,345000,0.0000,1.0
2006-09-29,31.6,31.85,31.48,31.54,23.3700242012,391900,0.0000,1.0
2006-09-28,32.02,32.02,31.23,31.47,23.3181566776,552100,0.0000,1.0
2006-09-27,32.29,32.5,31.58,32.06,23.755325805,623300,0.0000,1.0
2006-09-26,31.76,32.56,31.68,32.36,23.9776151919,660900,0.0000,1.0
2006-09-25,31.59,31.8,30.54,31.64,23.4441206635,562000,0.0000,1.0
2006-09-22,32.09,32.35,31.51,31.75,23.525626772,490400,0.0000,1.0
2006-09-21,32.49,32.82,31.83,32.13,23.8071933286,364800,0.0000,1.0
2006-09-20,32.95,33.09,32.25,32.49,24.0739405928,225100,0.0000,1.0
2006-09-19,33.45,33.71,32.22,32.69,24.2221335174,286700,0.0000,1.0
2006-09-18,32.33,34.09,32.33,33.48,24.8074955693,307000,0.0000,1.0
2006-09-15,32.46,32.94,32.12,32.43,24.0294827155,304500,0.0000,1.0
2006-09-14,32.61,32.75,32.05,32.21,23.8664704985,343300,0.0000,1.0
2006-09-13,32.43,33.0,32.42,32.72,24.2443624561,368800,0.0000,1.0
2006-09-12,31.79,32.56,31.76,32.31,23.9405669607,288300,0.0000,1.0
2006-09-11,32.62,32.65,31.54,31.65,23.4515303097,387300,0.0000,1.0
2006-09-08,33.07,33.07,32.23,32.67,24.2073142249,168200,0.0000,1.0
2006-09-07,32.94,33.4,32.36,32.86,24.3480975032,244000,0.0000,1.0
2006-09-06,33.26,33.44,33.0,33.08,24.5111097202,425000,0.0000,1.0
2006-09-05,32.35,33.65,32.2,33.52,24.8371341542,444300,0.0000,1.0
2006-09-01,32.03,32.684,31.72,32.43,24.0294827155,185200,0.0000,1.0
2006-08-31,31.5,32.07,31.25,31.75,23.525626772,178500,0.0000,1.0
2006-08-30,31.76,32.0,31.1,31.42,23.2811084465,320300,0.0000,1.0
2006-08-29,31.76,32.36,31.15,31.94,23.6664100503,577000,0.0000,1.0
2006-08-28,31.94,32.4,31.62,32.16,23.8294222673,136800,0.0000,1.0
2006-08-25,32.03,32.59,31.9,32.17,23.8368319135,139600,0.0000,1.0
2006-08-24,32.06,32.3,31.8,32.07,23.7627354513,159300,0.0000,1.0
2006-08-23,32.73,33.03,31.56,32.09,23.7775547437,258300,0.0000,1.0
2006-08-22,33.15,33.72,32.74,32.79,24.2962299796,270800,0.0000,1.0
2006-08-21,33.54,34.0,33.13,33.23,24.6222544137,199000,0.0000,1.0
2006-08-18,33.1,33.56,32.78,33.56,24.8667727392,261100,0.0000,1.0
2006-08-17,33.19,33.53,32.75,32.99,24.4444229042,279800,0.0000,1.0
2006-08-16,32.84,33.55,32.46,33.42,24.763037692,403900,0.0000,1.0
2006-08-15,32.25,32.58,31.65,32.44,24.0368923617,249200,0.0000,1.0
2006-08-14,32.45,32.69,31.49,31.63,23.4367110173,253500,0.0170,1.0
2006-08-11,32.5,32.67,31.96,32.16,23.8166216803,209400,0.0000,1.0
2006-08-10,32.75,32.92,32.12,32.68,24.2017163094,252800,0.0000,1.0
2006-08-09,33.56,33.89,32.92,33.12,24.527565611,283500,0.0000,1.0
2006-08-08,33.41,34.1,32.95,33.15,24.5497826089,454700,0.0000,1.0
2006-08-07,32.75,33.77,32.75,33.31,24.668273264,432000,0.0000,1.0
2006-08-04,34.13,34.49,32.65,33.12,24.527565611,423200,0.0000,1.0
2006-08-03,33.05,34.13,33.0,33.55,24.8460092467,323100,0.0000,1.0
2006-08-02,32.96,34.05,32.84,33.42,24.7497355894,496200,0.0000,1.0
2006-08-01,33.37,33.78,32.22,32.8,24.2905843008,315300,0.0000,1.0
2006-07-31,33.71,34.27,33.26,33.9,25.1052075548,403700,0.0000,1.0
2006-07-28,33.83,34.38,33.37,33.67,24.934877238,457700,0.0000,1.0
2006-07-27,34.82,35.19,33.44,33.58,24.8682262445,418300,0.0000,1.0
2006-07-26,34.62,34.93,33.58,34.49,25.5421418455,422700,0.0000,1.0
2006-07-25,34.38,35.24,33.94,34.73,25.7198778282,483400,0.0000,1.0
2006-07-24,33.27,34.67,33.27,34.21,25.3347831991,495800,0.0000,1.0
2006-07-21,34.25,34.63,32.62,33.17,24.5645939407,515800,0.0000,1.0
2006-07-20,36.56,37.12,34.37,34.42,25.4903021839,502000,0.0000,1.0
2006-07-19,34.93,36.32,34.5,36.12,26.7492653946,467800,0.0000,1.0
2006-07-18,34.02,34.89,33.9,34.73,25.7198778282,332800,0.0000,1.0
2006-07-17,34.44,34.83,33.43,33.8,25.0311508953,498000,0.0000,1.0
2006-07-14,35.75,36.17,34.02,34.63,25.6458211688,752900,0.0000,1.0
2006-07-13,36.51,37.15,35.66,35.74,26.4678500887,461900,0.0000,1.0
2006-07-12,37.43,37.93,36.79,36.92,27.3417186703,501500,0.0000,1.0
2006-07-11,37.03,37.6892,36.75,37.43,27.7194076335,777300,0.0000,1.0
2006-07-10,37.9541,38.69,35.95,36.95,27.3639356681,1019100,0.0000,1.0
2006-07-07,36.75,37.674,36.3,36.59,27.0973316941,540800,0.0000,1.0
2006-07-06,36.18,36.76,35.84,36.48,27.0158693687,402800,0.0000,1.0
2006-07-05,36.26,36.3,34.81,35.66,26.4086047611,309900,0.0000,1.0
2006-07-03,35.5,36.74,35.41,36.56,27.0751146962,212300,0.0000,1.0
2006-06-30,35.6,36.08,35.09,35.48,26.2753027741,637200,0.0000,1.0
2006-06-29,34.26,35.58,33.81,35.44,26.2456801103,432400,0.0000,1.0
2006-06-28,33.57,34.17,33.2,33.95,25.1422358845,308700,0.0000,1.0
2006-06-27,34.25,34.47,32.91,33.28,24.6460562661,281100,0.0000,1.0
2006-06-26,34.25,34.72,34.03,34.14,25.2829435374,296000,0.0000,1.0
2006-06-23,33.02,34.4,32.6,33.93,25.1274245526,262200,0.0000,1.0
2006-06-22,33.0,33.24,32.08,33.08,24.4979429472,321600,0.0000,1.0
2006-06-21,31.72,33.68,31.53,33.15,24.5497826089,409100,0.0000,1.0
2006-06-20,31.57,32.65,31.32,31.68,23.4611497149,372400,0.0000,1.0
2006-06-19,32.76,32.83,31.31,31.52,23.3426590598,347300,0.0000,1.0
2006-06-16,33.53,33.68,31.6,32.51,24.0758199884,719400,0.0000,1.0
2006-06-15,32.25,33.93,32.07,33.69,24.9496885699,432800,0.0000,1.0
2006-06-14,30.5,31.72,30.5,31.65,23.4389327171,568600,0.0000,1.0
2006-06-13,31.91,32.75,30.65,30.75,22.772422782,783800,0.0000,1.0
2006-06-12,33.68,34.4,31.88,32.01,23.7055366911,578600,0.0000,1.0
2006-06-09,34.44,35.5,33.4,34.33,25.4236511904,396100,0.0000,1.0
2006-06-08,33.33,34.37,31.63,34.29,25.3940285266,578100,0.0000,1.0
2006-06-07,34.75,35.31,33.35,33.54,24.8386035807,352600,0.0000,1.0
2006-06-06,35.15,35.35,33.43,34.76,25.7420948261,554300,0.0000,1.0
2006-06-05,37.0,37.14,34.83,35.12,26.0086988001,387100,0.0000,1.0
2006-06-02,36.97,37.28,36.06,37.0,27.4009639978,307900,0.0000,1.0
2006-06-01,35.67,36.784,35.14,36.65,27.1417656897,496300,0.0000,1.0
2006-05-31,34.995,36.17,34.7,35.84,26.5419067482,573000,0.0000,1.0
2006-05-30,36.93,37.09,34.71,34.83,25.7939344877,397800,0.0000,1.0
2006-05-26,36.61,37.69,36.24,37.28,27.6083226443,395500,0.0000,1.0
2006-05-25,35.0,36.65,34.76,36.29,26.8751617157,510300,0.0000,1.0
2006-05-24,34.25,35.27,33.16,34.47,25.5273305136,698000,0.0000,1.0
2006-05-23,34.35,34.94,34.07,34.27,25.3792171947,759400,0.0000,1.0
2006-05-22,34.67,34.95,32.24,33.83,25.0533678931,1144600,0.0000,1.0
2006-05-19,35.92,36.6,33.9,35.24,26.0975667914,1055000,0.0000,1.0
2006-05-18,36.96,37.62,36.16,36.28,26.8677560498,397500,0.0000,1.0
2006-05-17,37.95,38.51,36.21,36.72,27.1936053513,646000,0.0000,1.0
2006-05-16,37.81,38.63,37.03,37.88,28.052662601,562200,0.0000,1.0
2006-05-15,38.5,38.62,37.05,37.88,28.052662601,749100,0.0000,1.0
2006-05-12,39.86,39.93,38.75,38.9,28.8080405274,690600,0.0000,1.0
2006-05-11,41.06,41.32,39.77,39.86,29.5189844582,590200,0.0000,1.0
2006-05-10,40.92,40.97,40.45,40.9,30.2891737165,355600,0.0000,1.0
2006-05-09,40.67,41.14,40.66,40.72,30.1558717295,301900,0.0000,1.0
2006-05-08,40.25,41.12,40.1,40.72,30.1558717295,402800,0.0000,1.0
2006-05-05,40.0,40.41,39.79,40.21,29.7781827663,411800,0.0000,1.0
2006-05-04,40.08,40.29,39.6,39.95,29.5856354517,526400,0.0170,1.0
2006-05-03,40.19,40.2,39.41,40.07,29.6618813659,371000,0.0000,1.0
2006-05-02,39.68,40.31,39.36,40.08,29.6692838818,364300,0.0000,1.0
2006-05-01,39.56,39.9,39.2,39.49,29.2325354414,459000,0.0000,1.0
2006-04-28,38.12,39.44,38.12,39.33,29.1140951864,343600,0.0000,1.0
2006-04-27,39.2,39.38,37.9,38.28,28.3368310129,711900,0.0000,1.0
2006-04-26,39.25,40.09,39.21,39.56,29.284353053,241400,0.0000,1.0
2006-04-25,40.3,40.3,39.04,39.26,29.0622775748,402000,0.0000,1.0
2006-04-24,40.15,40.39,39.58,39.99,29.6026612384,265000,0.0000,1.0
2006-04-21,39.91,40.79,39.47,40.09,29.6766863977,302100,0.0000,1.0
2006-04-20,40.47,40.47,39.3,39.61,29.3213656327,616000,0.0000,1.0
2006-04-19,41.1,41.38,39.84,40.75,30.1652524497,406400,0.0000,1.0
2006-04-18,38.94,41.16,38.75,40.9,30.2762901888,839200,0.0000,1.0
2006-04-17,38.4,39.07,38.26,38.64,28.6033215867,412500,0.0000,1.0
2006-04-13,38.44,38.8,38.0,38.19,28.2702083694,489000,0.0000,1.0
2006-04-12,38.11,39.03,38.11,38.59,28.566309007,566600,0.0000,1.0
2006-04-11,39.55,40.3299,38.0,38.3,28.3516360447,943400,0.0000,1.0
2006-04-10,39.85,41.61,36.04,39.55,29.2769505371,2974700,0.0000,1.0
2006-04-07,43.5,43.5,41.56,42.18,31.2238122289,617600,0.0000,1.0
2006-04-06,43.0,43.54,42.46,43.37,32.1047116256,686600,0.0000,1.0
2006-04-05,42.79,43.62,42.42,42.79,31.6753657012,718400,0.0000,1.0
2006-04-04,42.7,43.77,42.48,42.79,31.6753657012,585100,0.0000,1.0
2006-04-03,43.0,44.0,42.31,42.76,31.6531581533,695900,0.0000,1.0
2006-03-31,42.3,43.45,41.65,42.85,31.7197807968,752800,0.0000,1.0
2006-03-30,42.99,43.61,42.27,42.43,31.4088751274,725600,0.0000,1.0
2006-03-29,41.8,43.52,41.76,42.81,31.690170733,1053400,0.0000,1.0
2006-03-28,41.0,41.88,40.75,41.43,30.6686235335,902900,0.0000,1.0
2006-03-27,40.26,41.09,40.15,41.05,30.3873279278,572400,0.0000,1.0
2006-03-24,39.75,40.4,39.57,40.19,29.7507115571,923800,0.0000,1.0
2006-03-23,38.91,39.92,38.81,39.8,29.4620134355,874500,0.0000,1.0
2006-03-22,37.78,39.15,37.1201,38.82,28.7365668735,841900,0.0000,1.0
2006-03-21,37.33,38.75,37.18,38.3,28.3516360447,1909200,0.0000,1.0
2006-03-20,35.26,35.84,35.0,35.41,26.2123089385,807900,0.0000,1.0
2006-03-17,33.97,35.1,33.26,35.0,25.908805785,1007800,0.0000,1.0
2006-03-16,34.51,34.97,33.61,33.72,24.9612837449,920200,0.0000,1.0
2006-03-15,33.24,34.3,32.81,34.15,25.2795919302,1172200,0.0000,1.0
2006-03-14,33.41,33.51,32.75,32.94,24.3838875017,753600,0.0000,1.0
2006-03-13,33.49,33.72,33.02,33.19,24.5689504001,1045200,0.0000,1.0
2006-03-10,32.25,32.97,32.0,32.64,24.1618120235,1790400,0.0000,1.0
2006-03-09,31.01,31.35,30.35,30.38,22.4888434214,251100,0.0000,1.0
2006-03-08,30.74,31.22,30.05,30.79,22.7923465749,490400,0.0000,1.0
2006-03-07,32.0,32.18,30.51,30.9,22.8737742502,306100,0.0000,1.0
2006-03-06,33.2,33.67,31.97,32.05,23.7250635831,347400,0.0000,1.0
2006-03-03,32.82,33.65,32.5,33.02,24.4431076292,530500,0.0000,1.0
2006-03-02,31.78,32.5,31.42,32.37,23.9619440932,246700,0.0000,1.0
2006-03-01,31.26,32.45,31.1,31.98,23.6732459716,319500,0.0000,1.0
2006-02-28,31.79,31.81,31.0,31.1,23.021824569,229000,0.0000,1.0
2006-02-27,32.5,32.72,31.8,31.95,23.6510384237,187500,0.0000,1.0
2006-02-24,32.36,32.95,31.94,32.42,23.9989566729,336500,0.0000,1.0
2006-02-23,31.92,32.88,31.55,32.31,23.9175289975,361600,0.0000,1.0
2006-02-22,31.6,32.44,30.87,31.74,23.495585589,338600,0.0000,1.0
2006-02-21,31.5,31.9,30.78,31.5,23.3179252065,219500,0.0000,1.0
2006-02-17,31.32,31.69,31.0,31.47,23.2957176587,274700,0.0000,1.0
2006-02-16,30.32,31.21,30.16,31.13,23.0440321168,215600,0.0000,1.0
2006-02-15,30.75,31.0,29.9,30.32,22.4444283258,311900,0.0000,1.0
2006-02-14,30.25,30.99,30.0,30.82,22.8145541227,444300,0.0000,1.0
2006-02-13,30.88,31.026,29.84,30.3,22.4296232939,388000,0.0000,1.0
2006-02-10,30.98,31.3,30.24,31.02,22.9626044415,364200,0.0000,1.0
2006-02-09,32.5,32.5,31.02,31.12,23.0366296008,399500,0.0170,1.0
2006-02-08,32.98,32.98,31.37,32.06,23.7195087839,417400,0.0000,1.0
2006-02-07,33.72,33.72,32.33,32.81,24.2743943605,689900,0.0000,1.0
2006-02-06,32.5,33.87,32.35,33.63,24.8810692577,421200,0.0000,1.0
2006-02-03,32.8,33.26,31.94,32.58,24.1042294503,488500,0.0000,1.0
2006-02-02,32.79,33.09,31.8,32.27,23.8748767453,590700,0.0000,1.0
2006-02-01,33.44,33.44,32.55,32.715,24.2041088541,333100,0.0000,1.0
2006-01-31,32.99,33.79,32.59,33.44,24.7404982449,549400,0.0000,1.0
2006-01-30,33.74,33.74,33.19,33.37,24.6887089244,360300,0.0000,1.0
2006-01-27,33.59,34.49,33.04,33.63,24.8810692577,752700,0.0000,1.0
2006-01-26,32.77,33.15,32.55,33.02,24.429762322,272100,0.0000,1.0
2006-01-25,32.39,32.92,32.19,32.7,24.1930111426,396800,0.0000,1.0
2006-01-24,30.76,32.66,30.52,32.42,23.9858538607,875900,0.0000,1.0
2006-01-23,30.0,30.59,29.93,30.5,22.5653467844,367000,0.0000,1.0
2006-01-20,31.0,31.0,29.92,30.01,22.202821541,536000,0.0000,1.0
2006-01-19,30.02,31.02,30.02,30.81,22.7946994894,347600,0.0000,1.0
2006-01-18,30.1,30.31,29.9,30.0,22.1954230666,434100,0.0000,1.0
2006-01-17,30.75,30.91,30.11,30.23,22.3655879768,452600,0.0000,1.0
2006-01-13,30.53,30.91,30.35,30.83,22.8094964381,434200,0.0000,1.0
2006-01-12,30.54,30.85,30.3,30.64,22.6689254254,684500,0.0000,1.0
2006-01-11,30.97,31.1446,30.6,30.71,22.7207147459,539600,0.0000,1.0
2006-01-10,30.0,30.99,29.75,30.8,22.7873010151,513100,0.0000,1.0
2006-01-09,31.15,31.35,30.17,30.33,22.4395727204,1202500,0.0000,1.0
2006-01-06,30.85,31.75,30.8,31.67,23.430968284,557300,0.0000,1.0
2006-01-05,31.41,31.62,30.7,30.85,22.8242933868,412700,0.0000,1.0
2006-01-04,31.25,31.35,30.7,31.28,23.1424277841,463500,0.0000,1.0
2006-01-03,30.61,31.4,30.43,31.06,22.9796613483,477100,0.0000,1.0
2005-12-30,30.76,30.91,30.47,30.59,22.6319330536,242900,0.0000,1.0
2005-12-29,30.6,31.19,30.31,30.85,22.8242933868,184300,0.0000,1.0
2005-12-28,30.3,30.91,30.3,30.53,22.5875422075,336600,0.0000,1.0
2005-12-27,30.6,30.669,30.15,30.32,22.432174246,295000,0.0000,1.0
2005-12-23,30.26,30.66,30.25,30.55,22.6023391562,259800,0.0000,1.0
2005-12-22,30.48,30.48,29.78,30.15,22.306400182,326400,0.0000,1.0
2005-12-21,30.35,31.06,30.15,30.26,22.3877833999,500100,0.0000,1.0
2005-12-20,30.25,31.14,29.43,30.13,22.2916032332,2240600,0.0000,1.0
2005-12-19,30.77,30.99,29.97,30.14,22.2990017076,534300,0.0000,1.0
2005-12-16,31.12,31.56,30.63,30.77,22.765105592,602500,0.0000,1.0
2005-12-15,32.23,32.28,31.01,31.04,22.9648643996,515600,0.0000,1.0
2005-12-14,32.25,32.5,31.827,32.06,23.7195087839,382900,0.0000,1.0
2005-12-13,33.09,33.18,32.25,32.33,23.9192675915,360100,0.0000,1.0
2005-12-12,33.5,33.81,33.17,33.34,24.6665135014,360400,0.0000,1.0
2005-12-09,33.67,33.76,33.18,33.35,24.6739119757,331400,0.0000,1.0
2005-12-08,33.38,33.86,32.95,33.5,24.7848890911,537400,0.0000,1.0
2005-12-07,34.17,34.52,33.428,33.65,24.8958662064,373900,0.0000,1.0
2005-12-06,34.74,34.99,34.07,34.19,25.2953838216,319700,0.0000,1.0
2005-12-05,35.26,35.49,34.719,34.79,25.7392922829,321700,0.0000,1.0
2005-12-02,34.76,35.1,34.09,35.04,25.9242541418,441900,0.0000,1.0
2005-12-01,34.95,35.23,34.63,34.73,25.6949014368,395900,0.0000,1.0
2005-11-30,34.48,34.89,33.95,34.49,25.5173380523,324200,0.0000,1.0
2005-11-29,34.43,35.15,34.21,34.46,25.4951426292,484700,0.0000,1.0
2005-11-28,34.8,34.92,33.96,34.06,25.199203655,343800,0.0000,1.0
2005-11-25,34.3,34.59,34.1,34.54,25.554330424,71900,0.0000,1.0
2005-11-23,34.625,35.0,34.01,34.27,25.3545716164,507700,0.0000,1.0
2005-11-22,34.3,34.444,33.3,34.21,25.3101807703,483800,0.0000,1.0
2005-11-21,32.12,34.32,31.74,34.32,25.3915639882,613700,0.0000,1.0
2005-11-18,32.53,32.54,31.5,31.89,23.5937347198,255800,0.0000,1.0
2005-11-17,31.91,32.5,31.55,32.28,23.8822752197,249600,0.0000,1.0
2005-11-16,31.7,31.94,31.2,31.78,23.5123515019,246700,0.0000,1.0
2005-11-15,31.79,32.56,31.5,31.66,23.4235698096,349600,0.0000,1.0
2005-11-14,32.53,32.53,31.77,32.07,23.7269072582,369900,0.0000,1.0
2005-11-11,32.0,32.69,31.96,32.28,23.8822752197,367700,0.0000,1.0
2005-11-10,32.16,32.31,31.05,31.85,23.5641408224,275600,0.0000,1.0
2005-11-09,32.19,32.661,31.8,32.09,23.7417042069,213300,0.0170,1.0
2005-11-08,32.03,32.47,31.72,31.95,23.6256096618,271100,0.0000,1.0
2005-11-07,31.89,32.33,31.2,32.18,23.7956844731,307600,0.0000,1.0
2005-11-04,32.29,32.43,31.28,31.68,23.4259566224,285500,0.0000,1.0
2005-11-03,32.87,33.1,32.22,32.37,23.9361810564,324700,0.0000,1.0
2005-11-02,32.2,33.0,32.04,32.74,24.209779666,275400,0.0000,1.0
2005-11-01,31.98,32.58,31.91,32.05,23.6995552319,293300,0.0000,1.0
2005-10-31,31.43,32.37,31.41,31.9,23.5886368767,417700,0.0000,1.0
2005-10-28,30.36,31.83,30.22,31.34,23.1745416839,386800,0.0000,1.0
2005-10-27,31.11,31.11,29.8701,30.28,22.3907186403,286000,0.0000,1.0
2005-10-26,31.03,32.33,30.87,30.98,22.9083376314,379200,0.0000,1.0
2005-10-25,31.23,31.99,30.95,31.16,23.0414396576,323700,0.0000,1.0
2005-10-24,30.13,31.26,29.96,31.12,23.0118614296,441400,0.0000,1.0
2005-10-21,29.6,30.26,29.51,29.98,22.1688819299,352700,0.0000,1.0
2005-10-20,30.56,31.27,29.22,29.53,21.8361268643,583900,0.0000,1.0
2005-10-19,29.7,30.21,29.21,30.19,22.3241676272,550200,0.0000,1.0
2005-10-18,30.71,30.82,29.69,29.92,22.1245145878,336700,0.0000,1.0
2005-10-17,30.16,30.84,30.15,30.71,22.708684592,419400,0.0000,1.0
2005-10-14,29.45,30.42,29.3,30.0,22.1836710439,418700,0.0000,1.0
2005-10-13,30.19,30.51,28.7,29.44,21.7695758511,726500,0.0000,1.0
2005-10-12,31.06,31.43,30.0,30.36,22.4498750965,568800,0.0000,1.0
2005-10-11,31.69,31.83,31.2,31.3,23.1449634558,404100,0.0000,1.0
2005-10-10,32.1,32.22,31.15,31.4,23.218909026,650500,0.0000,1.0
2005-10-07,29.94,32.08,29.94,31.61,23.3741947233,1019300,0.0000,1.0
2005-10-06,31.85,32.09,29.53,30.0,22.1836710439,1525700,0.0000,1.0
2005-10-05,31.37,31.37,29.12,29.14,21.5477391407,915300,0.0000,1.0
2005-10-04,31.57,32.09,31.03,31.2,23.0710178857,694500,0.0000,1.0
2005-10-03,32.53,32.9,31.46,31.69,23.4333511794,371600,0.0000,1.0
2005-09-30,32.12,32.71,32.02,32.57,24.0840721967,350400,0.0000,1.0
2005-09-29,32.53,32.68,32.025,32.35,23.9213919424,307200,0.0000,1.0
2005-09-28,32.8,33.26,32.35,32.37,23.9361810564,439500,0.0000,1.0
2005-09-27,32.76,32.87,32.19,32.71,24.1875959949,360200,0.0000,1.0
2005-09-26,31.71,32.73,31.35,32.69,24.1728068809,440600,0.0000,1.0
2005-09-23,30.81,31.71,30.748,31.48,23.2780654821,392800,0.0000,1.0
2005-09-22,31.91,32.23,30.84,31.2,23.0710178857,351200,0.0000,1.0
2005-09-21,31.81,32.58,31.5,31.76,23.4851130785,333700,0.0000,1.0
2005-09-20,32.35,32.7,31.325,31.5,23.2928545961,601000,0.0000,1.0
2005-09-19,31.8,32.43,31.59,32.35,23.9213919424,367600,0.0000,1.0
2005-09-16,31.64,31.86,31.5,31.65,23.4037729514,492200,0.0000,1.0
2005-09-15,30.65,31.66,30.65,31.42,23.23369814,439200,0.0000,1.0
2005-09-14,31.31,31.48,30.53,30.71,22.708684592,366800,0.0000,1.0
2005-09-13,31.6,31.8,31.09,31.21,23.0784124427,312900,0.0000,1.0
2005-09-12,31.54,31.96,31.03,31.72,23.4555348505,464200,0.0000,1.0
2005-09-09,31.6,31.98,31.5,31.65,23.4037729514,392300,0.0000,1.0
2005-09-08,31.44,32.46,31.1,31.71,23.4481402934,687500,0.0000,1.0
2005-09-07,30.83,31.86,30.57,31.34,23.1745416839,875000,0.0000,1.0
2005-09-06,29.1,29.95,29.1,29.86,22.0801472457,378200,0.0000,1.0
2005-09-02,29.6,29.8,28.79,29.05,21.4811881275,349100,0.0000,1.0
2005-09-01,28.73,29.52,28.6,29.45,21.7769704081,502300,0.0000,1.0
2005-08-31,28.23,28.7,27.87,28.6,21.1484330619,376600,0.0000,1.0
2005-08-30,27.9,28.2,27.56,28.1,20.7787052112,281800,0.0000,1.0
2005-08-29,27.12,28.27,26.98,27.9,20.6308140709,391800,0.0000,1.0
2005-08-26,27.51,27.73,26.88,27.12,20.0540386237,376700,0.0000,1.0
2005-08-25,27.0,27.85,26.95,27.58,20.3941882464,326100,0.0000,1.0
2005-08-24,27.02,27.8801,26.8,27.0,19.9653039395,431500,0.0000,1.0
2005-08-23,28.59,28.79,27.51,27.77,20.5346848297,424300,0.0000,1.0
2005-08-22,27.88,28.87,27.81,28.58,21.1336439479,532300,0.0000,1.0
2005-08-19,27.8,28.19,27.59,27.63,20.4311610315,400200,0.0000,1.0
2005-08-18,28.08,28.3,27.56,27.77,20.5346848297,497600,0.0000,1.0
2005-08-17,28.8,29.23,28.28,28.43,21.0227255926,608100,0.0000,1.0
2005-08-16,29.64,29.85,28.88,28.93,21.3924534434,404800,0.0000,1.0
2005-08-15,29.49,29.92,29.06,29.79,22.0283853466,349700,0.0000,1.0
2005-08-12,29.6,29.83,28.73,29.49,21.8065486362,334800,0.0000,1.0
2005-08-11,29.21,30.0,28.99,29.55,21.8509159783,293400,0.0000,1.0
2005-08-10,29.11,29.64,28.85,29.28,21.6512629389,451200,0.0000,1.0
2005-08-09,28.95,29.5,28.62,28.9,21.3702697723,261700,0.0000,1.0
2005-08-08,28.46,29.28,28.42,28.95,21.4072425574,311200,0.0000,1.0
2005-08-05,29.0,29.44,28.16,28.39,20.9931473646,455500,0.0000,1.0
2005-08-04,29.17,29.5,28.84,29.22,21.6068955968,445800,0.0170,1.0
2005-08-03,30.0,30.17,29.49,29.5,21.8012593667,543000,0.0000,1.0
2005-08-02,29.02,30.38,28.96,29.9,22.0968696632,830700,0.0000,1.0
2005-08-01,28.92,29.28,28.5,28.8,21.2839413479,577700,0.0000,1.0
2005-07-29,28.58,29.0,28.25,28.6,21.1361361996,473400,0.0000,1.0
2005-07-28,27.75,28.75,27.7,28.51,21.0696238829,492800,0.0000,1.0
2005-07-27,28.38,28.5,27.5,27.75,20.5079643196,485300,0.0000,1.0
2005-07-26,27.93,28.6,27.28,28.13,20.7887941012,602800,0.0000,1.0
2005-07-25,28.63,28.79,26.8,27.79,20.5375253492,578300,0.0000,1.0
2005-07-22,28.07,28.63,27.91,28.59,21.1287459422,684100,0.0000,1.0
2005-07-21,28.15,28.5,27.5,28.0,20.6927207549,758800,0.0000,1.0
2005-07-20,27.09,28.3,26.97,27.96,20.6631597252,821100,0.0000,1.0
2005-07-19,26.71,27.38,26.58,27.21,20.1088904193,506500,0.0000,1.0
2005-07-18,26.65,27.07,26.49,26.65,19.6950360042,465200,0.0000,1.0
2005-07-15,26.59,26.8799,26.4201,26.81,19.8132801228,454200,0.0000,1.0
2005-07-14,27.27,27.46,26.5908,26.69,19.7245970338,446300,0.0000,1.0
2005-07-13,27.14,27.49,26.75,27.05,19.9906463007,601300,0.0000,1.0
2005-07-12,27.54,27.8,26.9,27.18,20.0867196471,723000,0.0000,1.0
2005-07-11,26.25,27.7,26.25,27.59,20.389720201,875000,0.0000,1.0
2005-07-08,25.94,26.39,25.76,26.29,19.4289867373,1188100,0.0000,1.0
2005-07-07,24.76,25.949,24.576,25.74,19.0225225797,1116800,0.0000,1.0
2005-07-06,25.15,25.2,23.97,25.11,18.5569363627,1651700,0.0000,1.0
2005-07-05,24.18,24.75,23.88,24.65,18.2169845217,1038800,0.0000,1.0
2005-07-01,23.76,24.374,23.71,23.9,17.6627152158,593600,0.0000,1.0
2005-06-30,23.2,23.88,23.2,23.7,17.5149100675,728800,0.0000,1.0
2005-06-29,23.3,23.43,23.25,23.4,17.2932023451,343800,0.0000,1.0
2005-06-28,22.37,23.22,22.3363,23.19,17.1380069395,507000,0.0000,1.0
2005-06-27,21.73,22.41,21.67,22.23,16.4285422279,476500,0.0000,1.0
2005-06-24,22.0,22.25,21.51,21.91,16.1920539907,666900,0.0000,1.0
2005-06-23,23.07,23.14,21.98,22.15,16.3694201686,771300,0.0000,1.0
2005-06-22,23.38,23.5,23.06,23.31,17.2266900284,436400,0.0000,1.0
2005-06-21,23.19,23.47,22.8,23.24,17.1749582265,637000,0.0000,1.0
2005-06-20,23.99,24.11,23.25,23.42,17.30798286,476800,0.0000,1.0
2005-06-17,23.95,24.3,23.84,24.06,17.7809593344,859600,0.0000,1.0
2005-06-16,23.45,23.98,23.1,23.97,17.7144470177,703100,0.0000,1.0
2005-06-15,22.77,23.47,22.65,23.31,17.2266900284,680200,0.0000,1.0
2005-06-14,22.85,22.85,22.35,22.72,16.7906648411,1361100,0.0000,1.0
2005-06-13,22.35,22.9,22.11,22.73,16.7980550985,731700,0.0000,1.0
2005-06-10,21.74,22.48,21.64,22.3,16.4802740298,517100,0.0000,1.0
2005-06-09,21.31,21.73,21.0,21.73,16.0590293573,697300,0.0000,1.0
2005-06-08,21.6,21.74,21.16,21.31,15.7486385459,574900,0.0000,1.0
2005-06-07,22.28,22.35,21.5,21.56,15.9333949813,986400,0.0000,1.0
2005-06-06,23.15,23.4,22.04,22.3,16.4802740298,1065000,0.0000,1.0
2005-06-03,23.41,23.85,22.95,22.95,16.9606407616,711300,0.0000,1.0
2005-06-02,23.2,23.88,23.0,23.47,17.344934147,893700,0.0000,1.0
2005-06-01,23.15,23.5,22.94,23.36,17.2636413155,555000,0.0000,1.0
2005-05-31,23.16,23.27,22.8,23.13,17.093665395,712300,0.0000,1.0
2005-05-27,24.05,24.45,23.34,23.37,17.2710315729,704900,0.0000,1.0
2005-05-26,22.81,23.72,22.63,23.53,17.3892756915,448500,0.0000,1.0
2005-05-25,23.47,23.65,22.62,23.01,17.0049823061,478400,0.0000,1.0
2005-05-24,23.64,24.0,23.36,23.6,17.4410074934,397800,0.0000,1.0
2005-05-23,23.35,23.9,23.12,23.57,17.4188367212,556000,0.0000,1.0
2005-05-20,24.3,24.52,22.37,23.2,17.1453971969,1719800,0.0000,1.0
2005-05-19,25.3,25.5,24.09,24.37,18.0100573142,988500,0.0000,1.0
2005-05-18,24.13,26.49,23.95,25.25,18.6603999665,1515500,0.0000,1.0
2005-05-17,22.88,23.78,22.88,23.64,17.470568523,577600,0.0000,1.0
2005-05-16,22.32,23.13,22.32,23.05,17.0345433357,770600,0.0000,1.0
2005-05-13,22.7,22.81,21.72,22.32,16.4950545446,1253000,0.0000,1.0
2005-05-12,24.31,24.53,22.5,22.67,16.753713554,980300,0.0000,1.0
2005-05-11,24.71,24.99,24.04,24.42,18.0470086012,636200,0.0000,1.0
2005-05-10,25.27,25.426,24.498,24.7,18.2539358088,751100,0.0000,1.0
2005-05-09,25.89,26.176,25.43,25.74,19.0225225797,437900,0.0000,1.0
2005-05-06,25.5,26.07,25.35,25.89,19.1333764408,465300,0.0000,1.0
2005-05-05,26.07,26.33,24.94,25.18,18.6086681646,579000,0.0170,1.0
2005-05-04,24.75,25.95,24.69,25.9,19.1278527389,819300,0.0000,1.0
2005-05-03,24.17,24.98,24.0,24.7,18.2416201796,801400,0.0000,1.0
2005-05-02,24.6,24.69,24.15,24.19,17.8649713419,907400,0.0000,1.0
2005-04-29,24.27,24.95,23.87,24.63,18.1899232803,1014200,0.0000,1.0
2005-04-28,25.2,25.34,23.95,24.09,17.7911186286,1068400,0.0000,1.0
2005-04-27,26.18,26.29,24.9,25.19,18.6034984746,865800,0.0000,1.0
2005-04-26,27.47,27.84,26.26,26.41,19.5045015766,663300,0.0000,1.0
2005-04-25,27.2,27.44,26.72,27.25,20.1248643682,454600,0.0000,1.0
2005-04-22,27.97,28.0,26.97,27.11,20.0214705696,548000,0.0000,1.0
2005-04-21,27.7,28.15,26.8,27.92,20.6196775471,882100,0.0000,1.0
2005-04-20,28.62,28.72,26.91,27.26,20.1322496395,685400,0.0000,1.0
2005-04-19,28.03,28.66,28.0,28.41,20.9815558422,721800,0.0000,1.0
2005-04-18,26.94,28.05,26.76,27.82,20.5458248338,1116200,0.0000,1.0
2005-04-15,27.88,28.809,26.96,27.1,20.0140852982,1363800,0.0000,1.0
2005-04-14,30.62,30.77,27.97,28.1,20.752612431,2011700,0.0000,1.0
2005-04-13,32.0,32.1,30.77,31.04,22.9238822014,781900,0.0000,1.0
2005-04-12,31.9,32.1,31.19,32.01,23.6402535202,796000,0.0000,1.0
2005-04-11,32.1,32.5,31.81,32.02,23.6476387915,638800,0.0000,1.0
2005-04-08,33.74,33.77,32.06,32.21,23.7879589467,799800,0.0000,1.0
2005-04-07,33.88,34.38,33.5,34.03,25.1320783284,758700,0.0000,1.0
2005-04-06,31.66,34.39,31.27,33.72,24.9031349172,2919300,0.0000,1.0
2005-04-05,34.07,34.3,33.39,34.05,25.146848871,688500,0.0000,1.0
2005-04-04,34.05,34.33,33.2,33.79,24.9548318165,587700,0.0000,1.0
2005-04-01,34.24,34.73,33.39,34.21,25.2650132123,753500,0.0000,1.0
2005-03-31,33.46,34.29,33.3,33.73,24.9105201885,862700,0.0000,1.0
2005-03-30,33.25,33.95,32.84,33.2,24.5191008082,998700,0.0000,1.0
2005-03-29,35.5,35.84,33.23,33.37,24.6446504207,1390200,0.0000,1.0
2005-03-28,36.3,36.35,35.16,35.61,26.2989511982,579700,0.0000,1.0
2005-03-24,36.25,37.17,36.09,36.26,26.7789938345,392100,0.0000,1.0
2005-03-23,36.79,37.39,36.0,36.09,26.6534442219,539600,0.0000,1.0
2005-03-22,37.2,38.24,36.73,36.84,27.2073395715,743000,0.0000,1.0
2005-03-21,36.38,37.73,36.15,37.05,27.3624302694,967900,0.0000,1.0
2005-03-18,37.25,37.42,35.51,36.39,26.8750023617,1154500,0.0000,1.0
2005-03-17,36.3,37.86,36.3,37.03,27.3476597267,1079000,0.0000,1.0
2005-03-16,37.3,37.49,35.3,36.42,26.8971581757,1362000,0.0000,1.0
2005-03-15,37.25,38.3,36.8,37.2,27.4732093393,915300,0.0000,1.0
2005-03-14,38.0,38.08,35.93,36.97,27.3033480987,1002700,0.0000,1.0
2005-03-11,37.12,38.84,37.12,37.94,28.0197194175,1245700,0.0000,1.0
2005-03-10,37.5,37.59,35.37,36.45,26.9193139897,1467400,0.0000,1.0
2005-03-09,38.25,39.34,37.25,37.5,27.6947674791,1054100,0.0000,1.0
2005-03-08,40.0,40.0,37.81,38.27,28.2634333713,1158700,0.0000,1.0
2005-03-07,40.74,40.93,39.6,40.03,29.563241125,738300,0.0000,1.0
2005-03-04,39.36,41.13,39.24,40.87,30.1836039166,818100,0.0000,1.0
2005-03-03,39.14,39.4,38.58,39.0,28.8025581783,416200,0.0000,1.0
2005-03-02,39.22,39.5,37.27,38.8,28.6548527517,738400,0.0000,1.0
2005-03-01,40.75,41.24,38.86,39.15,28.9133372482,877400,0.0000,1.0
2005-02-28,40.8,41.26,39.52,40.62,29.9989721334,721100,0.0000,1.0
2005-02-25,39.29,41.33,39.16,40.63,30.0063574047,1328900,0.0000,1.0
2005-02-24,37.42,39.599,37.25,39.065,28.8505624419,1095400,0.0000,1.0
2005-02-23,36.81,37.53,36.75,37.201,27.4739478664,409800,0.0000,1.0
2005-02-22,37.59,38.437,36.67,36.72,27.1187163155,648300,0.0000,1.0
2005-02-18,37.401,38.15,36.86,37.6,27.7686201924,535800,0.0000,1.0
2005-02-17,38.32,38.6,36.65,36.71,27.1113310442,953900,0.0000,1.0
2005-02-16,36.03,38.44,35.91,38.13,28.1600395728,1206100,0.0000,1.0
2005-02-15,36.36,36.7,35.51,36.32,26.8233054624,612300,0.0000,1.0
2005-02-14,36.45,36.88,35.95,36.27,26.7863791058,568800,0.0000,1.0
2005-02-11,35.91,36.32,35.13,36.1,26.6608294932,398100,0.0000,1.0
2005-02-10,35.0,35.94,34.67,35.73,26.3875744541,615200,0.0170,1.0
2005-02-09,36.1,36.17,34.76,34.76,25.6589948254,538900,0.0000,1.0
2005-02-08,36.1,36.2,35.56,35.89,26.49313361,510900,0.0000,1.0
2005-02-07,35.47,36.48,35.39,35.7,26.3528801861,1168700,0.0000,1.0
2005-02-04,35.4,35.69,34.13,35.17,25.9616469508,791800,0.0000,1.0
2005-02-03,34.6,35.25,33.82,35.13,25.9321199142,1065500,0.0000,1.0
2005-02-02,34.19,35.08,33.98,34.99,25.828775286,801800,0.0000,1.0
2005-02-01,34.6,34.93,33.831,34.08,25.1570352028,526100,0.0000,1.0
2005-01-31,32.36,35.27,31.75,34.45,25.4301602916,2587300,0.0000,1.0
2005-01-28,33.07,33.07,31.87,32.25,23.8061732773,481900,0.0000,1.0
2005-01-27,33.56,33.69,32.57,32.63,24.0866801252,553500,0.0000,1.0
2005-01-26,33.45,33.5,32.3,33.43,24.6772208577,375400,0.0000,1.0
2005-01-25,33.48,33.98,32.75,33.06,24.4040957689,672800,0.0000,1.0
2005-01-24,33.49,33.49,32.55,32.68,24.123588921,437400,0.0000,1.0
2005-01-21,32.34,33.43,32.2,32.85,24.2490788267,658800,0.0000,1.0
2005-01-20,31.88,33.1,30.72,32.5,23.9907172562,658100,0.0000,1.0
2005-01-19,32.27,32.51,31.47,31.93,23.5699569843,530000,0.0000,1.0
2005-01-18,32.44,32.92,31.61,31.92,23.5625752252,509600,0.0000,1.0
2005-01-14,31.99,32.64,31.84,32.42,23.931663183,627800,0.0000,1.0
2005-01-13,30.92,32.03,30.61,31.76,23.4444670787,706400,0.0000,1.0
2005-01-12,30.6,31.06,30.29,30.92,22.8243993096,502200,0.0000,1.0
2005-01-11,31.4,31.44,30.06,30.56,22.55865598,618600,0.0000,1.0
2005-01-10,31.01,32.32,31.0,31.44,23.2082507857,640700,0.0000,1.0
2005-01-07,32.43,32.56,30.4,31.3,23.1049061575,866400,0.0000,1.0
2005-01-06,33.15,33.41,32.01,32.36,23.887372628,935100,0.0000,1.0
2005-01-05,31.96,33.0,31.56,32.31,23.8504638323,735000,0.0000,1.0
2005-01-04,32.0,33.339,31.8,32.0,23.6216292984,665100,0.0000,1.0
2005-01-03,33.96,34.25,32.2,32.57,24.0423895703,869600,0.0000,1.0
2004-12-31,33.45,34.6,33.27,33.93,25.0463088155,556500,0.0000,1.0
2004-12-30,34.711,34.91,33.42,33.66,24.8470013183,879800,0.0000,1.0
2004-12-29,35.52,35.77,35.19,35.63,26.301207872,303400,0.0000,1.0
2004-12-28,34.59,35.48,34.26,35.45,26.1683362072,457200,0.0000,1.0
2004-12-27,34.5,34.95,34.11,34.35,25.3563427,329500,0.0000,1.0
2004-12-23,34.69,34.69,34.21,34.55,25.5039778832,157100,0.0000,1.0
2004-12-22,33.9,35.04,33.01,34.21,25.2529980719,658300,0.0000,1.0
2004-12-21,34.75,35.44,34.46,35.11,25.9173563959,479200,0.0000,1.0
2004-12-20,34.6,35.2,34.31,34.4,25.3932514958,506900,0.0000,1.0
2004-12-17,34.0,34.29,33.312,34.04,25.1275081662,372100,0.0000,1.0
2004-12-16,33.85,34.35,33.5,34.01,25.1053628887,513900,0.0000,1.0
2004-12-15,32.98,33.83,32.87,33.7,24.8765283549,480600,0.0000,1.0
2004-12-14,32.5,32.9691,32.15,32.82,24.2269335492,472400,0.0000,1.0
2004-12-13,31.75,32.41,31.5,31.98,23.6068657801,576100,0.0000,1.0
2004-12-10,30.84,31.69,30.76,31.37,23.1565784716,411800,0.0000,1.0
2004-12-09,31.35,31.5,30.34,31.26,23.0753791209,803600,0.0000,1.0
2004-12-08,32.19,32.19,31.1,31.54,23.2820683773,1023200,0.0000,1.0
2004-12-07,32.55,32.9,32.0,32.43,23.9390449421,1111200,0.0000,1.0
2004-12-06,34.77,34.77,33.01,33.13,24.455768083,1057000,0.0000,1.0
2004-12-03,34.1,34.82,33.86,34.41,25.400633255,496700,0.0000,1.0
2004-12-02,35.22,35.7,33.01,34.19,25.2382345535,1146700,0.0000,1.0
2004-12-01,37.451,37.7,35.13,35.7,26.3528801861,1333100,0.0000,1.0
2004-11-30,38.06,38.3,37.531,37.73,27.8513772947,762800,0.0000,1.0
2004-11-29,37.85,38.37,36.64,37.97,28.0285395144,928700,0.0000,1.0
2004-11-26,35.585,37.5,35.32,37.345,27.5671795672,728300,0.0000,1.0
2004-11-24,35.01,35.65,35.01,35.18,25.96902871,371700,0.0000,1.0
2004-11-23,35.92,36.23,34.67,35.06,25.8804476001,706600,0.0000,1.0
2004-11-22,34.94,36.33,34.4,35.65,26.3159713903,639800,0.0000,1.0
2004-11-19,35.0,35.1,34.51,34.99,25.828775286,449700,0.0000,1.0
2004-11-18,35.0,35.19,34.55,34.89,25.7549576944,384300,0.0000,1.0
2004-11-17,34.44,35.2,34.15,34.86,25.732812417,944000,0.0000,1.0
2004-11-16,33.88,35.0,33.5,33.85,24.9872547422,641800,0.0000,1.0
2004-11-15,33.86,34.9,33.86,34.49,25.4596873282,738800,0.0000,1.0
2004-11-12,33.65,34.15,33.431,34.047,25.1326753976,691500,0.0000,1.0
2004-11-11,33.9,33.9,33.4,33.77,24.928200669,669400,0.0000,1.0
2004-11-10,34.02,34.25,33.37,33.87,25.0020182606,704500,0.0000,1.0
2004-11-09,33.0,33.8,32.9,33.665,24.8506921979,1029900,0.0000,1.0
2004-11-08,32.23,32.98,32.23,32.9,24.2859876225,767000,0.0170,1.0
2004-11-05,32.41,32.79,31.31,31.96,23.5799181096,1115500,0.0000,1.0
2004-11-04,29.96,31.95,29.5,31.8,23.4618709601,1286400,0.0000,1.0
2004-11-03,29.52,30.6,29.4,29.9,22.06006106,1126700,0.0000,1.0
2004-11-02,28.56,29.31,28.35,28.84,21.2779986946,722900,0.0000,1.0
2004-11-01,29.04,29.23,28.211,28.5,21.027148502,431500,0.0000,1.0
2004-10-29,27.91,28.88,27.85,28.25,20.8426998309,653500,0.0000,1.0
2004-10-28,27.65,28.2,27.41,27.8,20.510692223,749400,0.0000,1.0
2004-10-27,29.5,29.5,28.53,28.95,21.3591561099,501000,0.0000,1.0
2004-10-26,29.13,29.5,28.38,29.38,21.6764078242,653500,0.0000,1.0
2004-10-25,29.25,29.25,28.34,28.72,21.1894633325,455400,0.0000,1.0
2004-10-22,28.67,29.43,27.85,27.98,20.6434952662,595300,0.0000,1.0
2004-10-21,27.51,28.67,27.21,28.5,21.027148502,940400,0.0000,1.0
2004-10-20,26.9,28.42,26.82,27.48,20.274597924,850500,0.0000,1.0
2004-10-19,28.78,28.81,26.51,26.83,19.7950313792,1469400,0.0000,1.0
2004-10-18,28.64,28.94,27.9,28.41,20.9607469804,655300,0.0000,1.0
2004-10-15,28.68,29.36,28.45,28.616,21.1127326854,618900,0.0000,1.0
2004-10-14,29.14,29.5,28.0,28.29,20.8722116183,1124500,0.0000,1.0
2004-10-13,31.2,31.21,28.55,29.11,21.4772032594,2251400,0.0000,1.0
2004-10-12,31.3,31.76,31.18,31.44,23.1962648738,687500,0.0000,1.0
2004-10-11,33.0,33.0,31.38,31.54,23.2700443422,835100,0.0000,1.0
2004-10-08,32.95,33.79,32.19,32.66,24.0963743886,1096400,0.0000,1.0
2004-10-07,34.4,35.0,33.65,33.71,24.8710588071,1154000,0.0000,1.0
2004-10-06,33.59,35.2,32.5,34.65,25.5645858103,3507700,0.0000,1.0
2004-10-05,33.61,33.95,32.1,32.76,24.170153857,1411600,0.0000,1.0
2004-10-04,33.0,33.95,32.77,33.63,24.8120352323,1294400,0.0000,1.0
2004-10-01,32.87,33.45,32.0,32.34,23.8602800896,1042200,0.0000,1.0
2004-09-30,29.7,32.9,29.62,32.35,23.8676580365,1360600,0.0000,1.0
2004-09-29,30.83,31.35,30.08,30.5,22.5027378705,814100,0.0000,1.0
2004-09-28,28.7,30.97,28.58,30.9,22.7978557443,1079400,0.0000,1.0
2004-09-27,29.61,29.72,28.52,28.55,21.0640382362,370700,0.0000,1.0
2004-09-24,29.0,29.63,28.7,29.02,21.4108017378,313400,0.0000,1.0
2004-09-23,30.03,30.15,28.52,29.24,21.5731165684,646300,0.0000,1.0
2004-09-22,29.97,30.32,29.5,29.81,21.9936595384,409400,0.0000,1.0
2004-09-21,30.4,30.51,29.55,30.31,22.3625568805,430900,0.0000,1.0
2004-09-20,30.01,30.61,29.9,30.25,22.3182891995,560700,0.0000,1.0
2004-09-17,30.02,30.55,29.78,30.04,22.1633523158,476400,0.0000,1.0
2004-09-16,29.29,30.0,29.25,29.78,21.9715256979,409600,0.0000,1.0
2004-09-15,29.55,29.71,28.87,29.17,21.5214709405,455200,0.0000,1.0
2004-09-14,29.52,29.85,29.06,29.65,21.8756123889,245900,0.0000,1.0
2004-09-13,30.2,30.2,29.06,29.37,21.6690298773,407900,0.0000,1.0
2004-09-10,30.75,30.87,29.27,29.75,21.9493918573,700800,0.0000,1.0
2004-09-09,29.23,30.88,28.86,30.5,22.5027378705,1325400,0.0000,1.0
2004-09-08,28.62,29.4,28.17,28.3,20.8795895651,354200,0.0000,1.0
2004-09-07,28.11,29.1,27.65,28.88,21.307510482,537500,0.0000,1.0
2004-09-03,28.15,28.35,27.6,27.87,20.5623378509,208300,0.0000,1.0
2004-09-02,28.25,28.629,27.8,28.33,20.9017234057,270000,0.0000,1.0
2004-09-01,28.06,28.64,27.73,28.4,20.9533690336,345700,0.0000,1.0
2004-08-31,27.35,28.19,27.35,28.1,20.7320306283,235400,0.0000,1.0
2004-08-30,27.22,28.28,27.22,27.47,20.2672199772,374900,0.0000,1.0
2004-08-27,26.3,28.25,26.3,28.22,20.8205659904,680700,0.0000,1.0
2004-08-26,27.75,27.81,26.16,26.3,19.4040001966,527100,0.0000,1.0
2004-08-25,27.0,27.75,26.38,27.75,20.4738024888,308600,0.0000,1.0
2004-08-24,27.94,28.18,26.5,26.89,19.8392990603,481000,0.0000,1.0
2004-08-23,29.41,29.49,27.5,27.64,20.3926450735,529700,0.0000,1.0
2004-08-20,28.21,29.12,27.64,29.0,21.3960458441,383200,0.0000,1.0
2004-08-19,28.18,28.67,27.66,27.96,20.6287393725,284500,0.0000,1.0
2004-08-18,28.17,28.17,27.35,27.97,20.6361173193,413900,0.0000,1.0
2004-08-17,29.24,29.64,27.75,27.8,20.510692223,399300,0.0000,1.0
2004-08-16,27.24,29.1,26.85,28.78,21.2337310136,774700,0.0000,1.0
2004-08-13,26.47,27.49,26.14,27.04,19.9499682629,426600,0.0000,1.0
2004-08-12,27.18,27.58,26.01,26.14,19.2859530471,324100,0.0000,1.0
2004-08-11,27.45,27.67,26.3,26.91,19.854054954,590100,0.0000,1.0
2004-08-10,27.0,28.25,27.0,28.0,20.6582511598,466100,0.0170,1.0
2004-08-09,26.75,27.7,26.61,27.02,19.9231161916,414200,0.0000,1.0
2004-08-06,28.45,28.77,26.48,26.75,19.724032499,837500,0.0000,1.0
2004-08-05,30.1,30.3,28.75,29.11,21.464171441,420700,0.0000,1.0
2004-08-04,30.26,30.69,29.87,30.18,22.253132741,431300,0.0000,1.0
2004-08-03,30.49,30.96,30.1,30.5,22.489083784,334700,0.0000,1.0
2004-08-02,31.14,31.14,29.83,30.65,22.5996858354,421400,0.0000,1.0
2004-07-30,30.63,31.52,30.32,30.93,22.806142998,513900,0.0000,1.0
2004-07-29,30.0,31.0,29.47,30.8,22.7102878868,735100,0.0000,1.0
2004-07-28,30.01,30.71,29.82,30.0,22.1204102793,767000,0.0000,1.0
2004-07-27,29.0,30.74,28.56,30.43,22.4374694933,607900,0.0000,1.0
2004-07-26,30.01,30.5,28.52,28.96,21.3535693896,898600,0.0000,1.0
2004-07-23,30.74,30.89,29.95,30.39,22.4079756129,414400,0.0000,1.0
2004-07-22,30.86,31.64,29.592,31.0,22.8577572886,1054300,0.0000,1.0
2004-07-21,33.0,33.17,31.51,31.71,23.3812736652,805300,0.0000,1.0
2004-07-20,33.55,33.75,32.26,32.69,24.1038737344,752200,0.0000,1.0
2004-07-19,33.56,33.72,32.85,33.49,24.6937513418,736500,0.0000,1.0
2004-07-16,32.64,33.4,32.44,33.04,24.3619451876,656800,0.0000,1.0
2004-07-15,33.64,33.99,32.13,32.6,24.0375125035,762600,0.0000,1.0
2004-07-14,31.5,33.8,31.21,33.41,24.6347635811,1596000,0.0000,1.0
2004-07-13,31.7,32.18,31.53,31.89,23.5139961269,431500,0.0000,1.0
2004-07-12,31.65,31.76,30.72,31.7,23.3739001951,816600,0.0000,1.0
2004-07-09,32.2,32.36,30.65,31.59,23.2927920241,1267100,0.0000,1.0
2004-07-08,32.79,32.8,31.1,31.33,23.1010818017,2359500,0.0000,1.0
2004-07-07,35.11,35.79,33.85,34.88,25.7186636847,2396200,0.0000,1.0
2004-07-06,34.05,34.5,32.87,34.42,25.3794840605,1015100,0.0000,1.0
2004-07-02,33.8,34.15,33.0,33.89,24.9886901455,555900,0.0000,1.0
2004-07-01,34.0,35.0,33.65,33.85,24.9591962652,1871600,0.0000,1.0
2004-06-30,31.61,33.96,31.45,33.96,25.0403044362,1561700,0.0000,1.0
2004-06-29,30.909,31.46,30.35,31.17,22.9831062802,597400,0.0000,1.0
2004-06-28,31.0,32.16,30.39,30.4,22.415349083,789000,0.0000,1.0
2004-06-25,30.36,31.0,29.95,30.65,22.5996858354,917300,0.0000,1.0
2004-06-24,30.05,31.439,29.93,30.25,22.3047470316,1004800,0.0000,1.0
2004-06-23,27.12,30.94,27.1,30.61,22.570191955,2189000,0.0000,1.0
2004-06-22,27.13,27.13,26.57,26.99,19.9009957813,368800,0.0000,1.0
2004-06-21,27.5,27.51,26.55,26.9,19.8346345504,560100,0.0000,1.0
2004-06-18,26.74,27.6,26.5,26.94,19.8641284308,627700,0.0000,1.0
2004-06-17,26.42,27.08,26.27,26.72,19.7019120888,447900,0.0000,1.0
2004-06-16,26.5,26.85,26.07,26.48,19.5249488065,267600,0.0000,1.0
2004-06-15,25.46,27.1,25.44,26.61,19.6208039177,720500,0.0000,1.0
2004-06-14,26.17,26.17,24.88,25.52,18.8170956776,482200,0.0000,1.0
2004-06-10,26.0,26.6,25.93,26.17,19.2963712336,373600,0.0000,1.0
2004-06-09,27.0,27.25,26.17,26.27,19.3701059346,310000,0.0000,1.0
2004-06-08,26.98,27.71,26.54,27.14,20.0115978327,477500,0.0000,1.0
2004-06-07,26.23,27.25,26.2,27.2,20.0558386532,455500,0.0000,1.0
2004-06-04,26.75,26.9,25.83,26.41,19.4733345159,443400,0.0000,1.0
2004-06-03,26.92,26.92,25.88,26.22,19.3332385841,443000,0.0000,1.0
2004-06-02,27.31,27.66,26.41,26.54,19.5691896271,480500,0.0000,1.0
2004-06-01,27.66,27.81,27.0,27.35,20.1664407046,458000,0.0000,1.0
2004-05-28,27.8,27.8,27.1,27.66,20.3950182775,257400,0.0000,1.0
2004-05-27,27.25,27.82,27.1,27.69,20.4171386878,797100,0.0000,1.0
2004-05-26,28.08,28.27,26.75,27.15,20.0189713028,800200,0.0000,1.0
2004-05-25,26.75,27.91,26.35,27.71,20.431885628,681300,0.0000,1.0
2004-05-24,26.7,27.3,26.53,27.1,19.9821039523,774600,0.0000,1.0
2004-05-21,25.31,26.76,25.28,26.53,19.561816157,1328900,0.0000,1.0
2004-05-20,25.17,25.67,24.46,25.29,18.6475058655,614200,0.0000,1.0
2004-05-19,25.69,26.62,24.63,24.77,18.2640854206,1416200,0.0000,1.0
2004-05-18,23.2,25.15,22.83,25.1,18.5074099337,1302200,0.0000,1.0
2004-05-17,22.8,23.89,22.6,22.94,16.9147403936,735100,0.0000,1.0
2004-05-14,24.25,24.3,23.51,23.6,17.4013894197,568900,0.0000,1.0
2004-05-13,24.2,25.0,24.01,24.22,17.8585445655,518300,0.0000,1.0
2004-05-12,24.5,24.8,23.5,24.59,18.1313629589,884100,0.0000,1.0
2004-05-11,24.47,24.9,24.1,24.49,18.057628258,627600,0.0000,1.0
2004-05-10,23.76,25.14,23.14,24.01,17.7037016935,1753300,0.0170,1.0
2004-05-07,25.59,26.5,24.5,24.61,18.1332708485,1160100,0.0000,1.0
2004-05-06,26.53,27.2,25.1,26.01,19.1648262808,1424100,0.0000,1.0
2004-05-05,27.06,27.2,26.25,26.31,19.3858738734,777100,0.0000,1.0
2004-05-04,26.0,27.46,25.37,26.98,19.8795468303,1793700,0.0000,1.0
2004-05-03,25.55,26.39,24.27,25.36,18.6858898301,1876200,0.0000,1.0
2004-04-30,28.35,28.94,25.86,26.27,19.3564008611,1941300,0.0000,1.0
2004-04-29,28.04,28.63,26.56,28.25,20.8153149724,2619300,0.0000,1.0
2004-04-28,28.5,30.16,26.22,28.85,21.2574101577,4367300,0.0000,1.0
2004-04-27,30.8,30.86,28.1,29.24,21.5447720281,1657000,0.0000,1.0
2004-04-26,31.1,31.65,30.54,30.62,22.5615909542,440600,0.0000,1.0
2004-04-23,32.67,32.85,31.25,31.62,23.2984162629,567100,0.0000,1.0
2004-04-22,31.25,32.71,31.02,32.3,23.7994574729,790900,0.0000,1.0
2004-04-21,32.2,32.5,29.87,31.04,22.8710575839,1637500,0.0000,1.0
2004-04-20,32.22,32.63,31.95,32.01,23.5857781334,792500,0.0000,1.0
2004-04-19,32.19,33.19,31.57,31.83,23.4531495778,602200,0.0000,1.0
2004-04-16,31.85,32.64,31.5,32.25,23.7626162075,770000,0.0000,1.0
2004-04-15,32.96,33.35,31.5,31.89,23.4973590963,1288900,0.0000,1.0
2004-04-14,33.0,33.87,32.1,32.44,23.9026130161,1595200,0.0000,1.0
2004-04-13,36.19,36.25,33.4,33.64,24.7868033866,1697200,0.0000,1.0
2004-04-12,35.03,36.95,34.66,35.749,26.3407679628,1770700,0.0000,1.0
2004-04-08,35.35,35.55,34.01,34.52,25.4352096583,1024800,0.0000,1.0
2004-04-07,36.0,36.15,34.89,35.41,26.0909841831,1063100,0.0000,1.0
2004-04-06,36.18,36.49,35.25,35.77,26.3562412943,1175200,0.0000,1.0
2004-04-05,37.19,37.7,35.5,36.55,26.9309650351,1806600,0.0000,1.0
2004-04-02,37.8,38.68,35.75,37.22,27.424637992,8455200,0.0000,1.0
2004-04-01,32.3,32.75,31.25,32.12,23.6668289173,3220700,0.0000,1.0
2004-03-31,34.26,34.5,31.6,31.88,23.4899908432,2424300,0.0000,1.0
2004-03-30,29.75,32.65,29.61,32.65,24.057346331,2257600,0.0000,1.0
2004-03-29,29.3,29.9,29.035,29.39,21.6552958244,926000,0.0000,1.0
2004-03-26,27.69,28.8,27.0,28.15,20.7416324416,663467,0.0000,1.5
2004-03-25,40.68,41.7,40.2,40.97,20.1251552666,801267,0.0000,1.0
2004-03-24,42.98,43.839,39.98,40.37,19.8304251431,1255800,0.0000,1.0
2004-03-23,43.7,43.84,41.93,43.33,21.2844270857,926200,0.0000,1.0
2004-03-22,45.49,45.61,44.1,44.17,21.6970492586,596400,0.0000,1.0
2004-03-19,45.2,45.64,43.85,44.38,21.8002048018,790200,0.0000,1.0
2004-03-18,44.11,44.74,43.59,44.05,21.6381032339,264467,0.0000,1.0
2004-03-17,42.95,44.72,42.35,44.28,21.7510831145,808067,0.0000,1.0
2004-03-16,44.45,44.9,41.61,42.38,20.8177710568,1011800,0.0000,1.0
2004-03-15,45.5,45.6,44.1,44.11,21.6675762462,380467,0.0000,1.0
2004-03-12,46.0,46.75,44.81,45.42,22.3110703492,451000,0.0000,1.0
2004-03-11,45.8,46.78,45.09,45.73,22.4633475797,606467,0.0000,1.0
2004-03-10,47.38,48.15,45.7,45.94,22.5665031229,623667,0.0000,1.0
2004-03-09,47.49,47.49,46.25,47.15,23.1608755386,631800,0.0000,1.0
2004-03-08,47.5,48.7,47.2,47.28,23.2247337321,468800,0.0000,1.0
2004-03-05,47.75,48.67,47.2,47.2,23.1854363823,520400,0.0000,1.0
2004-03-04,47.41,48.37,47.061,48.37,23.7601601231,499400,0.0000,1.0
2004-03-03,46.18,47.3,46.0,46.83,23.0036861394,528600,0.0000,1.0
2004-03-02,47.19,48.5,46.73,46.75,22.9643887896,648867,0.0000,1.0
2004-03-01,49.34,49.52,46.8,47.3,23.2345580695,1098000,0.0000,1.0
2004-02-27,46.39,49.14,46.39,48.29,23.7208627733,997267,0.0000,1.0
2004-02-26,44.63,46.31,43.59,46.22,22.7040438472,696200,0.0000,1.0
2004-02-25,44.17,44.93,44.0,44.69,21.9524820323,656067,0.0000,1.0
2004-02-24,43.94,45.32,43.02,44.21,21.7166979335,775000,0.0000,1.0
2004-02-23,46.69,46.95,43.8,44.82,22.0163402257,912067,0.0000,1.0
2004-02-20,46.51,47.02,44.76,45.94,22.5665031229,1396467,0.0000,1.0
2004-02-19,51.0,51.39,47.53,48.07,23.6127950613,1002400,0.0000,1.0
2004-02-18,51.15,51.5,50.3,50.5,24.8064520615,581667,0.0000,1.0
2004-02-17,51.0,51.0,49.6,50.85,24.9783779669,779067,0.0000,1.0
2004-02-13,50.46,51.1,48.5,49.3,24.2169918145,818000,0.0000,1.0
2004-02-12,49.45,51.22,48.8,50.06,24.5903166376,1074667,0.0000,1.0
2004-02-11,48.15,49.89,47.6,49.6,24.3643568763,892000,0.0250,1.0
2004-02-10,47.49,48.3,47.29,47.66,23.3996019894,632067,0.0000,1.0
2004-02-09,47.91,49.06,46.98,47.02,23.0853815682,1108000,0.0000,1.0
2004-02-06,43.77,47.25,43.52,46.77,22.9626392162,1128067,0.0000,1.0
2004-02-05,44.18,44.44,43.2,43.6,21.4062661926,478267,0.0000,1.0
2004-02-04,44.85,45.2,43.67,44.18,21.6910284493,549400,0.0000,1.0
2004-02-03,44.28,45.72,43.998,45.14,22.162359081,710600,0.0000,1.0
2004-02-02,45.89,46.74,44.33,44.88,22.0347070349,1300200,0.0000,1.0
2004-01-30,43.4,45.04,43.1,44.95,22.0690748935,1516600,0.0000,1.0
2004-01-29,42.85,42.98,39.57,42.5,20.8661998437,1572600,0.0000,1.0
2004-01-28,44.03,44.47,42.1,42.3,20.768005962,760467,0.0000,1.0
2004-01-27,45.18,45.5,43.82,44.36,21.7794029427,907000,0.0000,1.0
2004-01-26,43.66,45.2,43.59,44.24,21.7204866137,668667,0.0000,1.0
2004-01-23,44.31,46.2,43.75,44.24,21.7204866137,989200,0.0000,1.0
2004-01-22,45.65,46.6,44.56,44.93,22.0592555053,968467,0.0000,1.0
2004-01-21,47.5,48.14,45.63,46.15,22.6582381832,1133067,0.0000,1.0
2004-01-20,43.69,47.3,42.5,47.04,23.0952009564,2472800,0.0000,1.0
2004-01-16,48.75,49.36,45.1,45.9,22.5354958312,4157200,0.0000,1.0
2004-01-15,52.62,53.0,50.06,50.25,24.6712127563,1225600,0.0000,1.0
2004-01-14,52.23,54.4,52.2,53.1,26.0704755694,976400,0.0000,1.0
2004-01-13,52.75,52.75,51.29,52.2,25.6286031021,770800,0.0000,1.0
2004-01-12,53.0,53.15,50.81,52.43,25.741526066,2139800,0.0000,1.0
2004-01-09,55.0,55.7,53.3,53.62,26.3257796616,1439200,0.0000,1.0
2004-01-08,57.01,57.75,54.55,55.88,27.4353705239,3146200,0.0000,1.0
2004-01-07,50.8,57.0,49.77,53.4,26.2177663918,11094200,0.0000,1.0
2004-01-06,62.0,62.5,60.8,61.02,29.9589532814,554467,0.0000,1.0
2004-01-05,62.24,62.68,60.75,62.28,30.5775747356,701000,0.0000,1.0
2004-01-02,61.55,62.18,60.5,60.75,29.8263915412,522200,0.0000,1.0
2003-12-31,62.51,62.94,60.32,60.5,29.7036491892,558667,0.0000,1.0
2003-12-30,63.62,63.79,62.19,62.46,30.6659492291,578800,0.0000,1.0
2003-12-29,62.95,63.63,62.0,63.19,31.024356897,820267,0.0000,1.0
2003-12-26,60.07,62.78,60.0,61.75,30.3173609493,682267,0.0000,1.0
2003-12-24,58.74,59.9,58.06,59.03,28.9819241593,253200,0.0000,1.0
2003-12-23,58.74,58.75,56.0,58.64,28.7904460902,638867,0.0000,1.0
2003-12-22,59.95,60.51,56.76,58.47,28.7069812908,1129267,0.0000,1.0
2003-12-19,58.24,59.45,57.43,59.28,29.1046665114,682600,0.0000,1.0
2003-12-18,58.05,59.7,57.52,57.8,28.3780317874,945867,0.0000,1.0
2003-12-17,55.12,57.91,54.431,57.8,28.3780317874,794800,0.0000,1.0
2003-12-16,57.07,58.0,53.76,55.19,27.0966016323,1194000,0.0000,1.0
2003-12-15,58.6,59.48,57.09,58.4,28.6726134322,1356400,0.0000,1.0
2003-12-12,55.75,56.0,54.65,55.95,27.4697383824,650600,0.0000,1.0
2003-12-11,52.73,54.67,51.51,54.54,26.777471517,898400,0.0000,1.0
2003-12-10,54.181,55.9,51.25,52.14,25.5991449376,1153267,0.0000,1.0
2003-12-09,56.83,56.98,54.15,55.2,27.1015113264,1112800,0.0000,1.0
2003-12-08,53.74,56.44,53.65,56.4,27.6906746161,1202067,0.0000,1.0
2003-12-05,52.94,54.13,52.26,53.59,26.3110505793,841400,0.0000,1.0
2003-12-04,51.35,52.49,50.05,52.13,25.5942352435,1371000,0.0000,1.0
2003-12-03,48.7,51.75,48.7,49.98,24.5386510162,1938467,0.0000,1.0
2003-12-02,50.0,50.75,47.02,47.7,23.4192407657,1545400,0.0000,1.0
2003-12-01,54.33,55.05,45.55,50.23,24.6613933682,3727400,0.0000,1.0
2003-11-28,52.01,54.86,51.06,54.22,26.6203613064,338267,0.0000,1.0
2003-11-26,53.0,53.0,51.0,51.77,25.4174862566,734800,0.0000,1.0
2003-11-25,50.54,52.84,49.3,52.8,25.923184747,1461000,0.0000,1.0
2003-11-24,46.0,48.8,45.67,48.71,23.9151198679,920600,0.0000,1.0
2003-11-21,43.87,44.95,43.5,44.67,21.9316034592,327000,0.0000,1.0
2003-11-20,43.86,44.62,42.85,43.39,21.3031626169,313000,0.0000,1.0
2003-11-19,44.6,45.239,43.32,43.7,21.4553631334,555000,0.0000,1.0
2003-11-18,44.25,44.74,42.8,44.19,21.6959381433,572800,0.0000,1.0
2003-11-17,43.82,44.09,40.6,42.75,20.9889421957,638467,0.0000,1.0
2003-11-14,43.9,45.49,43.07,43.6,21.4062661926,829200,0.0000,1.0
2003-11-13,40.44,43.32,40.1,42.801,21.0139816355,622400,0.0000,1.0
2003-11-12,38.81,40.29,38.1,40.07,19.673144182,306467,0.0000,1.0
2003-11-11,39.8,41.13,38.5,38.899,19.0982190051,474267,0.0000,1.0
2003-11-10,39.9,41.74,39.12,40.52,19.8940804157,733800,0.0000,1.0
2003-11-07,39.93,39.93,39.39,39.39,19.3392849845,237800,0.0250,1.0
2003-11-06,39.9,40.0,39.29,39.389,19.3265278766,230000,0.0000,1.0
2003-11-05,40.55,40.75,39.0,39.65,19.454589614,268600,0.0000,1.0
2003-11-04,41.0,41.0,39.26,39.85,19.5527212136,461200,0.0000,1.0
2003-11-03,40.55,41.0,38.02,40.67,19.9550607718,653667,0.0000,1.0
2003-10-31,37.02,38.6,36.77,37.54,18.4193012386,431800,0.0000,1.0
2003-10-30,42.69,42.95,38.64,38.7,18.9884645161,804867,0.0000,1.0
2003-10-29,40.5,41.5,39.76,41.4,20.3132411102,331800,0.0000,1.0
2003-10-28,40.4,40.4,39.59,40.3,19.7735173126,463200,0.0000,1.0
2003-10-27,38.9,39.35,37.38,39.13,19.1994474551,519400,0.0000,1.0
2003-10-24,34.93,37.95,34.76,36.92,18.1150932799,506400,0.0000,1.0
2003-10-23,33.5,35.65,33.26,35.25,17.2956944236,386667,0.0000,1.0
2003-10-22,35.01,36.5,34.75,35.71,17.5213971026,405400,0.0000,1.0
2003-10-21,36.86,38.35,34.8,36.88,18.09546696,918000,0.0000,1.0
2003-10-20,40.18,40.49,37.16,38.629,18.9536277982,657800,0.0000,1.0
2003-10-17,39.75,41.28,38.26,39.48,19.3711777544,491267,0.0000,1.0
2003-10-16,41.16,41.93,39.57,41.229,20.2293385926,275600,0.0000,1.0
2003-10-15,41.74,42.34,40.5,41.57,20.3966529698,381600,0.0000,1.0
2003-10-14,40.33,41.39,39.67,41.0,20.1169779111,409800,0.0000,1.0
2003-10-13,38.9,40.22,38.33,39.66,19.459496194,328667,0.0000,1.0
2003-10-10,38.35,38.75,38.04,38.45,18.8658000166,174467,0.0000,1.0
2003-10-09,37.44,38.75,37.1,38.4,18.8412671167,402000,0.0000,1.0
2003-10-08,37.57,38.2,36.88,37.07,18.1886919796,298600,0.0000,1.0
2003-10-07,38.1,38.42,36.25,37.6,18.4487407185,631800,0.0000,1.0
2003-10-06,37.78,38.38,37.01,38.0,18.6450039176,782800,0.0000,1.0
2003-10-03,34.41,36.0,33.5,35.49,17.413452343,854667,0.0000,1.0
2003-10-02,31.0,31.89,30.45,31.65,15.5293256314,187600,0.0000,1.0
2003-10-01,29.85,30.999,29.22,30.41,14.920909714,210467,0.0000,1.0
2003-09-30,28.9,30.489,28.46,30.1,14.7688057347,243000,0.0000,1.0
2003-09-29,32.06,32.3,28.25,30.454,14.942498666,443467,0.0000,1.0
2003-09-26,28.03,31.19,28.01,30.999,15.2099072748,410867,0.0000,1.0
2003-09-25,33.86,34.46,27.51,29.9,14.6706741352,797800,0.0000,1.0
2003-09-24,34.2,35.03,33.05,33.46,16.4174166074,290667,0.0000,1.0
2003-09-23,31.96,33.84,31.96,33.57,16.4713889872,315267,0.0000,1.0
2003-09-22,33.94,33.98,30.85,31.98,15.6912427706,421067,0.0000,1.0
2003-09-19,32.6,33.8,32.42,33.59,16.4812021472,313600,0.0000,1.0
2003-09-18,31.4,32.74,30.87,32.5,15.9463849295,308667,0.0000,1.0
2003-09-17,30.06,31.35,30.06,30.86,15.1417058131,195600,0.0000,1.0
2003-09-16,31.85,31.85,29.5,30.24,14.8374978544,346667,0.0000,1.0
2003-09-15,30.25,31.94,29.1,31.38,15.3968479719,536667,0.0000,1.0
2003-09-12,29.1,29.44,28.5,29.3,14.3762793365,90467,0.0000,1.0
2003-09-11,29.18,29.2,28.65,28.99,14.2241753571,139800,0.0000,1.0
2003-09-10,28.15,28.98,27.51,28.6,14.032818738,196600,0.0000,1.0
2003-09-09,28.15,29.79,28.09,28.1,13.7874897391,312400,0.0000,1.0
2003-09-08,26.61,28.98,26.61,28.69,14.0769779578,486000,0.0000,1.0
2003-09-05,26.31,27.25,26.231,27.0,13.2477659414,137800,0.0000,1.0
2003-09-04,26.65,27.0,26.0,26.7,13.1005685421,128400,0.0000,1.0
2003-09-03,27.12,27.13,26.02,26.289,12.898908105,183400,0.0000,1.0
2003-09-02,24.8,26.94,24.3,26.65,13.0760356422,237200,0.0000,1.0
2003-08-29,26.1,26.1,24.64,24.8,12.1683183462,102000,0.0000,1.0
2003-08-28,25.95,25.95,25.41,25.62,12.5706579044,80600,0.0000,1.0
2003-08-27,24.91,25.67,24.78,25.5,12.5117789447,161400,0.0000,1.0
2003-08-26,24.69,25.7,24.0,24.78,12.1585051863,191867,0.0000,1.0
2003-08-25,24.42,25.95,23.66,25.32,12.4234605051,216467,0.0000,1.0
2003-08-22,23.94,24.74,23.52,23.929,11.7409552301,153067,0.0000,1.0
2003-08-21,26.48,26.48,23.3,24.48,12.0113077869,259467,0.0000,1.0
2003-08-20,26.45,26.48,25.9,26.01,12.7620145236,77600,0.0000,1.0
2003-08-19,27.35,27.7,25.811,26.239,12.8743752051,223867,0.0000,1.0
2003-08-18,25.15,26.5,25.14,25.48,12.5019657847,286867,0.0000,1.0
2003-08-15,24.1,24.84,23.57,24.49,12.0162143669,36533,0.0000,2.0
2003-08-14,46.3,48.0,45.99,47.75,11.7144596982,103100,0.0000,1.0
2003-08-13,46.15,46.2,45.78,46.1,11.30966685,58700,0.0000,1.0
2003-08-12,45.499,46.5,45.32,46.0,11.2851339501,100800,0.0000,1.0
2003-08-11,44.25,46.3,44.11,45.32,11.1183102309,107100,0.0000,1.0
2003-08-08,44.04,45.49,42.09,45.0,11.0398049512,75400,0.0000,1.0
2003-08-07,41.6,43.9,41.0,43.559,10.6862858638,78800,0.0000,1.0
2003-08-06,43.92,44.13,40.95,42.02,10.3087245344,198700,0.0000,1.0
2003-08-05,45.39,45.39,44.05,44.42,10.8975141318,65100,0.0000,1.0
2003-08-04,46.02,47.0,43.2,45.0,11.0398049512,173100,0.0000,1.0
2003-08-01,45.75,46.989,45.75,46.32,11.3636392298,60600,0.0000,1.0
2003-07-31,42.25,47.0,42.25,46.19,11.3317464599,147200,0.0000,1.0
2003-07-30,47.6,50.888,43.53,44.1,10.8190088522,478500,0.0000,1.0
2003-07-29,46.0,47.5,45.01,47.239,11.5890965798,300100,0.0000,1.0
2003-07-28,44.45,46.0,44.01,46.0,11.2851339501,122600,0.0000,1.0
2003-07-25,44.18,45.91,44.0,45.409,11.1401445118,77200,0.0000,1.0
2003-07-24,44.51,45.563,44.51,44.81,10.9931924414,71800,0.0000,1.0
2003-07-23,42.53,45.01,42.3,44.879,11.0101201423,77100,0.0000,1.0
2003-07-22,42.82,46.0,42.05,43.21,10.6006660431,79000,0.0500,1.0
2003-07-21,45.6,45.68,41.81,43.7,10.7084860399,138800,0.0000,1.0
2003-07-18,42.2,44.93,40.75,44.7,10.953531487,205200,0.0000,1.0
2003-07-17,44.8,45.4,40.0,43.08,10.5565578627,324300,0.0000,1.0
2003-07-16,45.3,45.99,44.911,45.5,11.1495678447,94800,0.0000,1.0
2003-07-15,46.11,46.3,45.05,45.47,11.1422164813,108100,0.0000,1.0
2003-07-14,46.0,46.3,44.75,46.18,11.3161987488,193900,0.0000,1.0
2003-07-11,47.5,47.5,45.0,45.661,11.1890201617,154000,0.0000,1.0
2003-07-10,47.25,47.3,46.65,47.26,11.5808478317,115700,0.0000,1.0
2003-07-09,47.31,47.339,46.75,46.95,11.5048837431,166600,0.0000,1.0
2003-07-08,46.5,47.05,46.25,46.64,11.4289196545,280600,0.0000,1.0
2003-07-07,43.76,46.29,43.26,46.04,11.2818923862,432400,0.0000,1.0
2003-07-03,43.47,43.49,42.85,43.01,10.5394046814,43200,0.0000,1.0
2003-07-02,43.44,43.49,43.0,43.15,10.573711044,102100,0.0000,1.0
2003-07-01,43.99,44.2,42.5,43.16,10.5761614984,154700,0.0000,1.0
2003-06-30,42.32,44.135,42.2,44.12,10.8114051277,189300,0.0000,1.0
2003-06-27,40.11,45.2,39.5,42.1,10.3164133245,399800,0.0000,1.0
2003-06-26,47.5,48.37,45.55,46.06,11.2867932951,160400,0.0000,1.0
2003-06-25,45.5,47.85,44.05,47.25,11.5783973772,207600,0.0000,1.0
2003-06-24,40.66,45.5,40.09,45.0,11.0270451212,189300,0.0000,1.0
2003-06-23,39.35,40.6,39.25,39.45,9.66704288955,66900,0.0000,1.0
2003-06-20,38.99,39.2,38.75,39.03,9.56412380175,70600,0.0000,1.0
2003-06-19,39.6,40.1,38.66,38.84,9.5175651668,62600,0.0000,1.0
2003-06-18,40.4,40.49,39.25,40.0,9.80181788548,85600,0.0000,1.0
2003-06-17,38.2,40.6,38.01,40.02,9.80671879442,118900,0.0000,1.0
2003-06-16,37.4,38.65,36.5,38.65,9.47100653184,94500,0.0000,1.0
2003-06-13,36.98,37.4,36.98,37.27,9.13284381479,78400,0.0000,1.0
2003-06-12,36.85,37.24,36.75,37.01,9.06913199854,44600,0.0000,1.0
2003-06-11,35.76,36.59,35.76,36.59,8.96621291074,30700,0.0000,1.0
2003-06-10,36.15,36.86,35.69,36.0,8.82163609693,33100,0.0000,1.0
2003-06-09,35.99,36.95,35.21,36.0,8.82163609693,73900,0.0000,1.0
2003-06-06,36.01,37.46,35.04,35.161,8.61604296678,82300,0.0000,1.0
2003-06-05,36.11,36.7,35.26,36.0,8.82163609693,56900,0.0000,1.0
2003-06-04,37.0,37.01,35.96,36.05,8.83388836929,122700,0.0000,1.0
2003-06-03,35.62,37.31,35.6,36.49,8.94170836603,148100,0.0000,1.0
2003-06-02,35.0,36.3,33.15,36.0,8.82163609693,142600,0.0000,1.0
2003-05-30,31.43,34.39,31.26,33.67,8.2506802051,148700,0.0000,1.0
2003-05-29,30.5,31.45,30.1,31.24,7.65521976856,74400,0.0000,1.0
2003-05-28,29.4,30.6,29.27,30.39,7.44693113849,55700,0.0000,1.0
2003-05-27,27.8,28.95,27.37,28.74,7.04260615072,69500,0.0000,1.0
2003-05-23,26.77,27.75,26.77,27.239,6.67479293456,87800,0.0000,1.0
2003-05-22,27.04,27.24,26.8,26.94,6.60152434587,25500,0.0000,1.0
2003-05-21,27.22,27.59,27.0,27.23,6.67258752554,24100,0.0000,1.0
2003-05-20,26.67,27.5,26.45,27.27,6.68238934342,69500,0.0000,1.0
2003-05-19,26.36,27.0,24.851,26.45,6.48145207677,56600,0.0000,1.0
2003-05-16,26.51,27.0,26.36,26.39,6.46674934994,42700,0.0000,1.0
2003-05-15,26.85,27.5,26.3,26.51,6.4961548036,100900,0.0000,1.0
2003-05-14,27.5,27.5,26.7,27.04,6.62602889058,50100,0.0000,1.0
2003-05-13,27.5,28.0,27.15,27.15,6.65298388977,60900,0.0000,1.0
2003-05-12,27.45,28.2,27.31,27.5,6.73874979627,78500,0.0000,1.0
2003-05-09,27.11,27.7,27.11,27.52,6.74365070521,30100,0.0000,1.0
2003-05-08,26.95,27.1,26.81,27.09,6.63828116294,103700,0.0000,1.0
2003-05-07,27.15,27.41,26.68,26.68,6.53781252961,86300,0.0000,1.0
2003-05-06,28.1,28.5,26.75,27.15,6.65298388977,107200,0.0500,1.0
2003-05-05,28.7,28.7,28.15,28.15,6.88534913592,83800,0.0000,1.0
2003-05-02,28.6,28.6,28.42,28.5,6.9709573845,50800,0.0000,1.0
2003-05-01,28.7,28.7,28.44,28.56,6.98563308426,40900,0.0000,1.0
2003-04-30,28.81,29.0,28.68,28.69,7.01743043373,40800,0.0000,1.0
2003-04-29,28.34,29.001,28.34,28.98,7.08836298255,72400,0.0000,1.0
2003-04-28,29.25,29.42,29.01,29.01,7.09570083243,122100,0.0000,1.0
2003-04-25,29.15,29.15,28.66,28.99,7.09080893251,25800,0.0000,1.0
2003-04-24,29.25,29.5,28.9,29.15,7.12994413186,43300,0.0000,1.0
2003-04-23,29.45,29.65,29.2,29.25,7.15440363146,35800,0.0000,1.0
2003-04-22,29.37,29.75,29.18,29.38,7.18620098093,31700,0.0000,1.0
2003-04-21,29.1,29.61,28.56,29.26,7.15684958142,62000,0.0000,1.0
2003-04-17,29.25,29.37,28.84,29.01,7.09570083243,19300,0.0000,1.0
2003-04-16,29.1,29.47,28.9,29.0,7.09325488247,95000,0.0000,1.0
2003-04-15,28.0,29.14,27.75,29.14,7.12749818191,73300,0.0000,1.0
2003-04-14,27.11,28.44,27.11,28.25,6.90980863551,39300,0.0000,1.0
2003-04-11,27.12,27.19,26.75,27.12,6.63341629009,110300,0.0000,1.0
2003-04-10,27.11,27.2,26.87,27.12,6.63341629009,39700,0.0000,1.0
2003-04-09,27.0,27.25,26.87,26.96,6.59428109074,32700,0.0000,1.0
2003-04-08,27.55,27.55,27.0,27.1,6.62852439017,15200,0.0000,1.0
2003-04-07,27.32,27.6,27.26,27.3,6.67744338936,36500,0.0000,1.0
2003-04-04,27.25,27.25,26.75,27.08,6.62363249025,23700,0.0000,1.0
2003-04-03,27.2,27.87,25.95,26.94,6.58938919082,65300,0.0000,1.0
2003-04-02,24.23,25.0,24.15,25.0,6.11487489868,11500,0.0000,1.0
2003-04-01,24.28,24.28,23.45,24.13,5.90207725221,23000,0.0000,1.0
2003-03-31,25.85,25.85,24.12,24.38,5.9632260012,16500,0.0000,1.0
2003-03-28,25.69,25.69,25.59,25.69,6.28364544589,3900,0.0000,1.0
2003-03-27,25.2,25.85,25.2,25.75,6.29832114564,10400,0.0000,1.0
2003-03-26,24.95,25.15,24.63,25.15,6.15156414808,2400,0.0000,1.0
2003-03-25,24.3,25.2,24.3,24.84,6.07573969933,10600,0.0000,1.0
2003-03-24,24.05,24.25,24.05,24.25,5.93142865172,1700,0.0000,1.0
2003-03-21,24.91,25.3,24.05,24.5,5.99257740071,14100,0.0000,1.0
2003-03-20,24.55,25.78,23.0,24.53,5.99991525059,31200,0.0000,1.0
2003-03-19,24.55,24.77,24.4,24.59,6.01459095034,18000,0.0000,1.0
2003-03-18,24.6,25.38,24.5,24.62,6.02192880022,28100,0.0000,1.0
2003-03-17,23.9,24.65,23.9,24.5,5.99257740071,8100,0.0000,1.0
2003-03-14,24.1,24.3,23.85,23.9,5.84582040314,21800,0.0000,1.0
2003-03-13,24.0,24.1,23.88,24.1,5.89473940233,63900,0.0000,1.0
2003-03-12,23.8,24.11,23.5,24.08,5.88984750241,8700,0.0000,1.0
2003-03-11,23.75,24.09,23.72,24.09,5.89229345237,13400,0.0000,1.0
2003-03-10,23.75,23.75,23.5,23.56,5.76265810452,8800,0.0000,1.0
2003-03-07,23.85,24.2,23.5,23.74,5.80668520379,16600,0.0000,1.0
2003-03-06,24.1,24.1,23.91,23.99,5.86783395278,7600,0.0000,1.0
2003-03-05,23.76,24.16,23.76,24.06,5.88495560249,19600,0.0000,1.0
2003-03-04,23.99,24.0,23.87,23.87,5.83848255326,6500,0.0000,1.0
2003-03-03,23.92,24.1,23.8,23.8,5.82136090355,15600,0.0000,1.0
2003-02-28,23.99,24.1,23.5,23.89,5.84337445318,8400,0.0000,1.0
2003-02-27,23.88,24.01,23.79,23.99,5.86783395278,29600,0.0000,1.0
2003-02-26,23.95,23.95,23.35,23.4,5.72352290517,9300,0.0000,1.0
2003-02-25,22.99,24.15,22.99,23.75,5.80913115375,14300,0.0000,1.0
2003-02-24,22.33,23.08,22.31,22.9,5.60122540719,25200,0.0000,1.0
2003-02-21,22.35,22.48,22.35,22.45,5.49115765902,10800,0.0000,1.0
2003-02-20,22.26,22.37,22.26,22.36,5.46914410938,2900,0.0000,1.0
2003-02-19,22.25,22.48,22.25,22.31,5.45691435959,6600,0.0000,1.0
2003-02-18,21.4,22.15,21.4,22.15,5.41777916023,7900,0.0000,1.0
2003-02-14,21.44,21.45,21.2,21.45,5.24656266307,6500,0.0000,1.0
2003-02-13,21.56,21.62,20.95,21.39,5.23188696331,7900,0.0000,1.0
2003-02-12,21.45,21.69,21.45,21.6,5.28325191246,5300,0.0000,1.0
2003-02-11,21.45,21.62,21.3,21.49,5.25634646291,18100,0.0000,1.0
2003-02-10,21.16,21.87,21.15,21.48,5.25390051295,9900,0.0000,1.0
2003-02-07,21.24,21.59,21.2,21.2,5.18541391408,5200,0.0000,1.0
2003-02-06,21.6,21.6,21.1,21.2,5.18541391408,9100,0.0000,1.0
2003-02-05,21.55,21.8,21.37,21.5,5.25879241287,8000,0.0500,1.0
2003-02-04,21.59,21.62,21.49,21.61,5.27343406228,8100,0.0000,1.0
2003-02-03,21.34,21.8,21.34,21.52,5.25147158816,2600,0.0000,1.0
2003-01-31,21.25,21.5,21.15,21.3,5.19778554033,7300,0.0000,1.0
2003-01-30,21.26,21.4,21.15,21.39,5.21974801444,9700,0.0000,1.0
2003-01-29,21.2,21.64,21.2,21.42,5.22706883915,2800,0.0000,1.0
2003-01-28,21.2,21.64,21.2,21.42,5.22706883915,10000,0.0000,1.0
2003-01-27,22.0,22.21,21.91,21.96,5.35884368383,5000,0.0000,1.0
2003-01-24,22.39,22.39,22.06,22.08,5.38812698265,2700,0.0000,1.0
2003-01-23,22.0,22.67,21.9,22.4,5.4662157795,16000,0.0000,1.0
2003-01-22,21.59,22.06,21.59,21.88,5.33932148462,19000,0.0000,1.0
2003-01-21,21.45,22.0,21.45,21.54,5.25635213797,13200,0.0000,1.0
2003-01-17,22.24,22.35,21.95,21.95,5.35640340893,15400,0.0000,1.0
2003-01-16,22.59,22.59,22.2,22.28,5.43693248068,5100,0.0000,1.0
2003-01-15,22.16,22.55,22.1,22.4,5.4662157795,7000,0.0000,1.0
2003-01-14,22.18,22.47,22.18,22.4,5.4662157795,18600,0.0000,1.0
2003-01-13,22.45,22.45,22.0,22.3,5.44181303048,35500,0.0000,1.0
2003-01-10,22.2,22.4,22.08,22.2,5.41741028147,18900,0.0000,1.0
2003-01-09,21.83,22.0,21.29,22.0,5.36860478344,10800,0.0000,1.0
2003-01-08,21.76,21.83,20.78,21.5,5.24659103836,12500,0.0000,1.0
2003-01-07,20.36,21.35,20.2,21.35,5.20998691484,4900,0.0000,1.0
2003-01-06,20.35,20.53,20.25,20.4,4.97816079919,11100,0.0000,1.0
2003-01-03,21.24,21.24,20.3,20.34,4.96351914978,8800,0.0000,1.0
2003-01-02,20.14,21.01,20.02,20.99,5.12213701838,20300,0.0000,1.0
2002-12-31,21.1,21.15,19.88,20.02,4.88543035293,17100,0.0000,1.0
2002-12-30,20.51,21.25,20.5,21.1,5.1489800423,8500,0.0000,1.0
2002-12-27,20.5,21.1,20.41,20.51,5.00500382311,8900,0.0000,1.0
2002-12-26,20.2,20.95,20.0,20.95,5.11237591877,6300,0.0000,1.0
2002-12-24,20.5,20.5,19.8,20.21,4.93179557606,12600,0.0000,1.0
2002-12-23,20.3,20.7,20.22,20.53,5.00988437291,9600,0.0000,1.0
2002-12-20,19.34,20.7,18.79,20.43,4.98548162389,15900,0.0000,1.0
2002-12-19,18.98,19.34,18.98,19.34,4.71949165962,9500,0.0000,1.0
2002-12-18,18.99,19.0,18.76,18.89,4.60967928905,28800,0.0000,1.0
2002-12-17,18.22,19.25,18.19,18.98,4.63164176317,5500,0.0000,1.0
2002-12-16,18.25,19.25,18.25,19.24,4.69508891061,2200,0.0000,1.0
2002-12-13,18.06,19.0,18.06,19.0,4.63652231297,15900,0.0000,1.0
2002-12-12,18.57,19.13,18.25,18.53,4.5218293926,4600,0.0000,1.0
2002-12-11,18.85,19.25,18.85,19.24,4.69508891061,7500,0.0000,1.0
2002-12-10,19.0,19.39,18.35,18.81,4.59015708984,6700,0.0000,1.0
2002-12-09,18.04,19.65,17.46,19.03,4.64384313767,22000,0.0000,1.0
2002-12-06,17.67,18.64,17.67,18.36,4.48034471927,3700,0.0000,1.0
2002-12-05,17.46,17.75,17.03,17.73,4.32660740047,2400,0.0000,1.0
2002-12-04,17.67,17.84,17.33,17.59,4.29244355185,4200,0.0000,1.0
2002-12-03,18.36,18.36,17.32,17.73,4.32660740047,6700,0.0000,1.0
2002-12-02,18.49,18.5,18.0,18.5,4.51450856789,7300,0.0000,1.0
2002-11-29,17.99,18.49,17.99,18.49,4.51206829299,2800,0.0000,1.0
2002-11-27,18.04,18.04,17.32,18.0,4.39249482281,1800,0.0000,1.0
2002-11-26,17.61,17.7,17.33,17.4,4.24607832872,13100,0.0000,1.0
2002-11-25,17.27,18.05,17.27,17.75,4.33148795027,6300,0.0000,1.0
2002-11-22,17.26,17.54,17.25,17.26,4.2119144801,6300,0.0000,1.0
2002-11-21,17.35,17.5,17.2,17.35,4.23387695421,10000,0.0000,1.0
2002-11-20,17.25,17.49,17.03,17.03,4.15578815736,1500,0.0000,1.0
2002-11-19,17.45,17.45,16.66,17.0,4.14846733266,23100,0.0000,1.0
2002-11-18,17.42,17.42,16.68,16.68,4.07037853581,7600,0.0000,1.0
2002-11-15,17.49,17.5,17.4,17.4,4.24607832872,800,0.0000,1.0
2002-11-14,17.85,18.12,17.15,17.74,4.32904767537,16300,0.0000,1.0
2002-11-13,18.0,18.0,17.75,17.96,4.38273372321,2900,0.0000,1.0
2002-11-12,18.78,18.78,17.54,17.55,4.28268245224,1700,0.0000,1.0
2002-11-11,18.15,18.25,17.64,17.88,4.36321152399,22700,0.0000,1.0
2002-11-08,18.78,18.9,17.6,17.98,4.38761427301,36800,0.0000,1.0
2002-11-07,18.76,18.76,18.05,18.05,4.40469619732,1400,0.0000,1.0
2002-11-06,18.85,18.85,18.05,18.05,4.40469619732,15200,0.0000,1.0
2002-11-05,18.47,18.67,18.23,18.45,4.50230719338,21400,0.0500,1.0
2002-11-04,18.57,18.57,18.25,18.5,4.50230719338,1400,0.0000,1.0
2002-11-01,18.69,18.69,17.88,18.6,4.52664398902,7000,0.0000,1.0
2002-10-31,18.64,18.86,18.29,18.35,4.46580199992,4000,0.0000,1.0
2002-10-30,18.54,18.65,18.4,18.6,4.52664398902,2300,0.0000,1.0
2002-10-29,18.9,18.9,18.55,18.55,4.5144755912,3200,0.0000,1.0
2002-10-28,18.99,19.0,18.91,18.91,4.60208805551,900,0.0000,1.0
2002-10-25,19.1,19.1,18.73,18.99,4.62155749202,6900,0.0000,1.0
2002-10-24,19.23,19.23,18.95,18.95,4.61182277376,4200,0.0000,1.0
2002-10-23,18.47,19.15,18.35,19.15,4.66049636504,8100,0.0000,1.0
2002-10-22,18.12,18.15,18.02,18.15,4.41712840864,4800,0.0000,1.0
2002-10-21,18.0,18.17,18.0,18.09,4.40252633126,9200,0.0000,1.0
2002-10-18,18.09,18.2,17.92,18.1,4.40496001082,2000,0.0000,1.0
2002-10-17,18.0,18.26,17.7,18.09,4.40252633126,1500,0.0000,1.0
2002-10-16,18.34,18.34,17.85,18.07,4.39765897213,2500,0.0000,1.0
2002-10-15,17.76,18.5,17.76,18.23,4.43659784516,36500,0.0000,1.0
2002-10-14,18.15,18.15,17.81,18.15,4.41712840864,5000,0.0000,1.0
2002-10-11,17.79,18.05,17.79,18.0,4.38062321518,9800,0.0000,1.0
2002-10-10,17.76,18.08,17.62,17.9,4.35628641954,10000,0.0000,1.0
2002-10-09,18.07,18.07,17.75,17.97,4.37332217649,8100,0.0000,1.0
2002-10-08,18.08,18.08,18.0,18.07,4.39765897213,3700,0.0000,1.0
2002-10-07,17.97,18.05,17.81,18.03,4.38792425388,10100,0.0000,1.0
2002-10-04,17.82,18.05,17.75,18.05,4.392791613,19900,0.0000,1.0
2002-10-03,17.8,17.9,17.7,17.8,4.3319496239,47500,0.0000,1.0
2002-10-02,18.15,18.3,17.6,17.94,4.3660211378,42200,0.0000,1.0
2002-10-01,18.09,18.24,17.88,18.2,4.42929680646,14900,0.0000,1.0
2002-09-30,18.15,18.3,18.0,18.1,4.40496001082,8600,0.0000,1.0
2002-09-27,18.24,18.27,17.9,17.9,4.35628641954,3200,0.0000,1.0
2002-09-26,18.27,18.3,17.9,18.0,4.38062321518,3300,0.0000,1.0
2002-09-25,18.04,18.29,17.74,18.29,4.45119992254,1000,0.0000,1.0
2002-09-24,18.0,18.36,17.74,17.74,4.31734754652,23300,0.0000,1.0
2002-09-23,18.3,18.3,17.51,17.97,4.37332217649,7600,0.0000,1.0
2002-09-20,18.47,18.73,18.16,18.35,4.46580199992,24600,0.0000,1.0
2002-09-19,18.31,18.34,18.2,18.2,4.42929680646,700,0.0000,1.0
2002-09-18,18.51,18.51,18.25,18.44,4.487705116,3800,0.0000,1.0
2002-09-17,18.44,18.45,18.25,18.45,4.49013879556,1400,0.0000,1.0
2002-09-16,18.11,18.39,18.11,18.39,4.47553671818,3200,0.0000,1.0
2002-09-13,18.28,18.59,18.05,18.11,4.40739369039,1900,0.0000,1.0
2002-09-12,19.0,19.0,18.4,18.69,4.5485471051,4500,0.0000,1.0
2002-09-11,18.89,18.89,18.32,18.32,4.45850096123,1800,0.0000,1.0
2002-09-10,18.81,18.94,18.3,18.74,4.56071550292,12100,0.0000,1.0
2002-09-09,17.99,19.67,17.99,19.04,4.63372588984,74200,0.0000,1.0
2002-09-06,17.86,18.83,17.79,18.49,4.49987351382,8000,0.0000,1.0
2002-09-05,18.0,18.77,17.77,17.85,4.34411802172,20200,0.0000,1.0
2002-09-04,19.1,19.1,17.59,18.49,4.49987351382,54600,0.0000,1.0
2002-09-03,17.98,18.82,17.98,18.47,4.49500615469,4400,0.0000,1.0
2002-08-30,18.91,19.02,18.05,18.9,4.59965437594,37500,0.0000,1.0
2002-08-29,18.6,18.91,18.05,18.05,4.392791613,23200,0.0000,1.0
2002-08-28,18.45,18.92,18.45,18.6,4.52664398902,6200,0.0000,1.0
2002-08-27,18.6,18.79,18.25,18.55,4.5144755912,17100,0.0000,1.0
2002-08-26,18.12,18.45,18.05,18.31,4.45606728167,5000,0.0000,1.0
2002-08-23,18.3,18.3,18.01,18.15,4.41712840864,2700,0.0000,1.0
2002-08-22,18.6,18.6,18.6,18.6,4.52664398902,1400,0.0000,1.0
2002-08-21,18.75,18.75,18.47,18.6,4.52664398902,1900,0.0000,1.0
2002-08-20,18.95,18.95,18.76,18.79,4.57288390074,1100,0.0000,1.0
2002-08-19,19.4,19.4,18.76,18.95,4.61182277376,6600,0.0000,1.0
2002-08-16,19.35,19.35,18.96,18.96,4.61425645333,3900,0.0000,1.0
2002-08-15,19.5,19.51,18.67,19.2,4.67266476286,8200,0.0000,1.0
2002-08-14,19.65,19.69,19.2,19.57,4.76271090673,6400,0.0000,1.0
2002-08-13,20.01,20.01,19.7,19.85,4.83085393452,31600,0.0000,1.0
2002-08-12,20.15,20.15,20.11,20.13,4.89899696231,700,0.0000,1.0
2002-08-09,20.6,21.19,20.1,20.11,4.89412960319,8900,0.0000,1.0
2002-08-08,20.1,20.98,19.8,20.6,5.01337990182,4200,0.0000,1.0
2002-08-07,19.61,20.0,19.61,20.0,4.86735912798,2000,0.0000,1.0
2002-08-06,20.45,20.45,19.47,19.76,4.80895081845,6400,0.0500,1.0
2002-08-05,21.5,21.5,19.8,19.8,4.80652328144,6000,0.0000,1.0
2002-08-02,21.34,21.56,21.34,21.56,5.23376979534,6400,0.0000,1.0
2002-08-01,21.49,21.59,21.49,21.49,5.21677703626,900,0.0000,1.0
2002-07-31,21.75,21.75,21.74,21.74,5.27746546154,1600,0.0000,1.0
2002-07-30,21.37,21.76,21.37,21.76,5.28232053556,1600,0.0000,1.0
2002-07-29,21.12,21.5,20.4,21.49,5.21677703626,14600,0.0000,1.0
2002-07-26,21.11,21.26,21.1,21.1,5.12210309284,4200,0.0000,1.0
2002-07-25,21.48,21.65,21.0,21.22,5.15123353697,17600,0.0000,1.0
2002-07-24,21.31,21.75,21.0,21.05,5.10996540779,18400,0.0000,1.0
2002-07-23,21.9,21.95,21.33,21.33,5.17793644409,4600,0.0000,1.0
2002-07-22,21.96,22.0,21.3,22.0,5.34058142382,25800,0.0000,1.0
2002-07-19,21.96,22.2,21.96,22.01,5.34300896083,12900,0.0000,1.0
2002-07-18,21.96,22.2,21.95,22.2,5.38913216403,15400,0.0000,1.0
2002-07-17,22.0,22.2,21.81,22.2,5.38913216403,8500,0.0000,1.0
2002-07-16,22.32,22.32,21.95,22.2,5.38913216403,38000,0.0000,1.0
2002-07-15,21.96,22.3,21.8,22.3,5.41340753414,15100,0.0000,1.0
2002-07-12,22.0,22.14,21.95,21.97,5.33329881278,11200,0.0000,1.0
2002-07-11,21.99,22.0,21.75,22.0,5.34058142382,18000,0.0000,1.0
2002-07-10,21.99,22.0,21.7,22.0,5.34058142382,19100,0.0000,1.0
2002-07-09,22.0,22.0,21.65,21.91,5.31873359072,37100,0.0000,1.0
2002-07-08,21.74,22.0,21.15,22.0,5.34058142382,13300,0.0000,1.0
2002-07-05,21.74,21.75,21.1,21.75,5.27989299855,11700,0.0000,1.0
2002-07-03,22.47,22.47,20.75,21.41,5.19735674018,37500,0.0000,1.0
2002-07-02,22.24,22.35,22.0,22.25,5.40126984909,6200,0.0000,1.0
2002-07-01,21.94,22.26,21.05,22.24,5.39884231208,77600,0.0000,1.0
2002-06-28,21.75,22.43,20.15,22.32,5.41826260816,379900,0.0000,1.0
2002-06-27,20.35,22.0,20.35,22.0,5.34058142382,35700,0.0000,1.0
2002-06-26,20.84,21.01,19.99,20.03,4.86235663268,28000,0.0000,1.0
2002-06-25,20.98,21.43,20.98,21.05,5.10996540779,30800,0.0000,1.0
2002-06-24,20.08,21.37,20.08,21.06,5.1123929448,27400,0.0000,1.0
2002-06-21,20.99,21.0,20.4,20.62,5.00558131632,8600,0.0000,1.0
2002-06-20,20.92,21.4,20.08,20.5,4.97645087219,37800,0.0000,1.0
2002-06-19,21.1,21.1,20.87,21.0,5.09782772273,12600,0.0000,1.0
2002-06-18,20.4,21.46,20.4,21.0,5.09782772273,16600,0.0000,1.0
2002-06-17,20.01,20.4,20.0,20.4,4.95217550208,21300,0.0000,1.0
2002-06-14,20.0,20.04,20.0,20.03,4.86235663268,8300,0.0000,1.0
2002-06-13,20.21,20.22,19.99,19.99,4.85264648464,9100,0.0000,1.0
2002-06-12,20.01,20.13,20.0,20.08,4.87449431774,12200,0.0000,1.0
2002-06-11,19.99,20.19,19.99,20.15,4.89148707681,4800,0.0000,1.0
2002-06-10,20.0,20.34,20.0,20.11,4.88177692877,2500,0.0000,1.0
2002-06-07,19.99,20.17,19.99,20.05,4.86721170671,18800,0.0000,1.0
2002-06-06,20.0,20.1,19.99,20.06,4.86963924372,22000,0.0000,1.0
2002-06-05,19.8,20.0,19.8,19.99,4.85264648464,3000,0.0000,1.0
2002-06-04,19.81,20.05,19.81,20.05,4.86721170671,2300,0.0000,1.0
2002-06-03,20.0,20.16,19.95,20.03,4.86235663268,20700,0.0000,1.0
2002-05-31,19.96,20.34,19.96,20.3,4.92790013198,31700,0.0000,1.0
2002-05-30,19.96,20.03,19.96,20.03,4.86235663268,4000,0.0000,1.0
2002-05-29,20.3,20.49,19.95,20.03,4.86235663268,6400,0.0000,1.0
2002-05-28,20.3,20.49,19.95,20.06,4.86963924372,8800,0.0000,1.0
2002-05-24,20.01,20.06,19.7,20.05,4.86721170671,16900,0.0000,1.0
2002-05-23,20.95,20.95,19.6,20.13,4.88663200279,21100,0.0000,1.0
2002-05-22,20.49,20.61,20.15,20.61,5.00315377931,24900,0.0000,1.0
2002-05-21,20.38,20.6,20.0,20.41,4.9546030391,8300,0.0000,1.0
2002-05-20,20.95,20.95,20.3,20.38,4.94732042806,8000,0.0000,1.0
2002-05-17,19.99,20.88,19.97,20.45,4.96431318714,2300,0.0000,1.0
2002-05-16,20.81,21.0,19.96,20.6,5.0007262423,36200,0.0000,1.0
2002-05-15,20.97,21.05,20.85,20.86,5.06384220458,9400,0.0000,1.0
2002-05-14,20.69,21.0,20.69,20.9,5.07355235263,12900,0.0000,1.0
2002-05-13,20.73,20.75,20.72,20.75,5.03713929746,2700,0.0000,1.0
2002-05-10,20.46,20.7,20.46,20.68,5.02014653839,6500,0.0000,1.0
2002-05-09,20.19,20.95,20.19,20.4,4.95217550208,12200,0.0000,1.0
2002-05-08,20.5,20.75,20.25,20.75,5.03713929746,11400,0.0000,1.0
2002-05-07,20.4,20.41,20.0,20.07,4.87206678073,8800,0.0000,1.0
2002-05-06,20.73,20.75,20.45,20.75,5.03713929746,22100,0.0500,1.0
2002-05-03,21.2,21.2,20.05,20.69,5.01050058003,32900,0.0000,1.0
2002-05-02,21.4,22.15,20.0,20.97,5.07830822441,40900,0.0000,1.0
2002-05-01,19.95,21.4,19.95,21.4,5.18244139258,32800,0.0000,1.0
2002-04-30,20.02,20.39,19.91,19.91,4.82160785637,25500,0.0000,1.0
2002-04-29,20.2,20.25,19.87,20.03,4.85066827539,8500,0.0000,1.0
2002-04-26,19.44,20.2,19.25,19.93,4.82645125954,83700,0.0000,1.0
2002-04-25,19.1,19.4,19.1,19.4,4.69810107552,19100,0.0000,1.0
2002-04-24,19.1,19.2,18.9,19.0,4.60123301211,71600,0.0000,1.0
2002-04-23,18.66,19.1,18.66,19.0,4.60123301211,99400,0.0000,1.0
2002-04-22,18.7,19.32,18.7,19.05,4.61334152003,8100,0.0000,1.0
2002-04-19,19.0,19.02,18.1,18.1,4.38327986943,11800,0.0000,1.0
2002-04-18,19.06,19.06,18.39,19.0,4.60123301211,11500,0.0000,1.0
2002-04-17,18.89,19.0,18.6,18.73,4.5358470693,23800,0.0000,1.0
2002-04-16,18.06,20.06,18.0,18.5,4.48014793284,77000,0.0000,1.0
2002-04-15,18.0,18.35,17.75,18.35,4.44382240906,23200,0.0000,1.0
2002-04-12,18.13,18.37,17.73,18.37,4.44866581223,63500,0.0000,1.0
2002-04-11,17.15,18.36,17.01,18.12,4.3881232726,13200,0.0000,1.0
2002-04-10,17.1,17.25,17.0,17.25,4.17743523468,8000,0.0000,1.0
2002-04-09,16.99,17.15,16.95,17.15,4.15321821882,13800,0.0000,1.0
2002-04-08,16.89,17.0,16.87,16.99,4.11447099346,20900,0.0000,1.0
2002-04-05,16.75,16.9,16.62,16.9,4.09267567919,1500,0.0000,1.0
2002-04-04,16.83,16.84,16.75,16.75,4.05635015541,16800,0.0000,1.0
2002-04-03,16.9,16.9,16.9,16.9,4.09267567919,700,0.0000,1.0
2002-04-02,16.75,16.94,16.75,16.94,4.10236248553,5800,0.0000,1.0
2002-04-01,16.95,16.95,16.76,16.76,4.05877185699,14700,0.0000,1.0
2002-03-28,17.0,17.0,16.6,17.0,4.11689269504,10500,0.0000,1.0
2002-03-27,17.0,17.0,16.59,17.0,4.11689269504,26400,0.0000,1.0
2002-03-26,16.5,17.0,16.5,16.84,4.07814546968,7200,0.0000,1.0
2002-03-25,15.51,16.94,15.51,16.94,4.10236248553,1000,0.0000,1.0
2002-03-22,15.94,16.95,15.94,16.9,4.09267567919,4300,0.0000,1.0
2002-03-21,16.8,16.8,16.05,16.8,4.06845866334,1500,0.0000,1.0
2002-03-20,16.89,17.1,15.89,17.0,4.11689269504,16500,0.0000,1.0
2002-03-19,15.61,16.0,15.61,15.96,3.86503573017,800,0.0000,1.0
2002-03-18,16.1,16.1,15.65,15.65,3.78996298102,3200,0.0000,1.0
2002-03-15,16.75,16.87,16.75,16.87,4.08541057443,200,0.0000,1.0
2002-03-14,17.0,17.0,16.99,16.99,4.11447099346,900,0.0000,1.0
2002-03-13,16.99,16.99,16.77,16.77,4.06119355858,400,0.0000,1.0
2002-03-12,17.25,17.25,16.99,16.99,4.11447099346,500,0.0000,1.0
2002-03-11,16.25,17.35,16.21,17.35,4.20165225053,47200,0.0000,1.0
2002-03-08,16.3,16.3,16.05,16.05,3.88683104444,10100,0.0000,1.0
2002-03-07,15.83,16.12,15.56,16.0,3.87472253651,59900,0.0000,1.0
2002-03-06,15.66,15.85,15.66,15.75,3.81417999688,1700,0.0000,1.0
2002-03-05,15.85,15.85,15.0,15.0,3.63255237798,8500,0.0000,1.0
2002-03-04,15.01,15.01,15.01,15.01,3.63497407956,100,0.0000,1.0
2002-03-01,15.81,15.81,15.5,15.5,3.75363745724,200,0.0000,1.0
2002-02-28,15.6,15.6,15.6,15.6,3.7778544731,0,0.0000,1.0
2002-02-27,15.6,15.6,15.6,15.6,3.7778544731,2900,0.0000,1.0
2002-02-26,15.55,15.55,15.35,15.35,3.71731193346,600,0.0000,1.0
2002-02-25,15.8,15.8,15.6,15.6,3.7778544731,200,0.0000,1.0
2002-02-22,15.65,16.0,15.65,16.0,3.87472253651,2900,0.0000,1.0
2002-02-21,15.61,16.0,15.61,15.89,3.84808381907,2500,0.0000,1.0
2002-02-20,15.98,15.98,15.25,15.25,3.69309491761,10200,0.0000,1.0
2002-02-19,15.61,15.99,15.61,15.99,3.87230083493,800,0.0000,1.0
2002-02-15,15.8,15.8,15.8,15.8,3.8262885048,200,0.0000,1.0
2002-02-14,15.64,15.65,15.64,15.65,3.78996298102,20400,0.0000,1.0
2002-02-13,15.75,15.75,15.5,15.5,3.75363745724,1100,0.0000,1.0
2002-02-12,15.8,15.8,15.8,15.8,3.8262885048,700,0.0000,1.0
2002-02-11,15.99,15.99,15.99,15.99,3.87230083493,1400,0.0000,1.0
2002-02-08,15.75,15.99,15.75,15.99,3.87230083493,700,0.0000,1.0
2002-02-07,15.95,16.0,15.5,15.5,3.75363745724,5800,0.0000,1.0
2002-02-06,15.93,16.0,15.85,16.0,3.87472253651,800,0.0500,1.0
2002-02-05,16.0,16.0,16.0,16.0,3.86265174979,4300,0.0000,1.0
2002-02-04,16.0,16.0,15.87,16.0,3.86265174979,3500,0.0000,1.0
2002-02-01,16.25,16.25,15.76,16.25,3.92300568338,7800,0.0000,1.0
2002-01-31,16.0,16.0,15.95,16.0,3.86265174979,3600,0.0000,1.0
2002-01-30,16.07,16.07,16.07,16.07,3.8795508512,0,0.0000,1.0
2002-01-29,16.08,16.08,16.08,16.08,3.88196500854,3400,0.0000,1.0
2002-01-28,16.35,16.35,15.52,16.35,3.94714725682,4000,0.0000,1.0
2002-01-25,16.5,16.5,16.5,16.5,3.98335961697,500,0.0000,1.0
2002-01-24,15.8,15.8,15.75,15.75,3.8022978162,300,0.0000,1.0
2002-01-23,16.0,16.0,15.58,16.0,3.86265174979,1200,0.0000,1.0
2002-01-22,15.75,15.75,15.75,15.75,3.8022978162,300,0.0000,1.0
2002-01-18,16.25,16.5,16.25,16.4,3.95921804354,6500,0.0000,1.0
2002-01-17,16.49,16.49,15.53,15.53,3.74918635464,13800,0.0000,1.0
2002-01-16,16.2,16.2,16.0,16.0,3.86265174979,1500,0.0000,1.0
2002-01-15,16.0,16.0,15.58,16.0,3.86265174979,3400,0.0000,1.0
2002-01-14,16.0,16.0,15.5,16.0,3.86265174979,10200,0.0000,1.0
2002-01-11,15.7,16.0,15.7,16.0,3.86265174979,2100,0.0000,1.0
2002-01-10,16.21,16.31,15.59,16.0,3.86265174979,59500,0.0000,1.0
2002-01-09,16.15,16.5,16.15,16.5,3.98335961697,6200,0.0000,1.0
2002-01-08,16.02,16.5,16.02,16.47,3.97611714494,28100,0.0000,1.0
2002-01-07,14.75,16.99,14.75,16.0,3.86265174979,39400,0.0000,1.0
2002-01-04,15.0,15.0,14.4,15.0,3.62123601543,6500,0.0000,1.0
2002-01-03,14.0,14.0,13.55,14.0,3.37982028107,700,0.0000,1.0
2002-01-02,13.31,13.32,13.3,13.32,3.2156575817,1200,0.0000,1.0
2001-12-31,13.5,13.77,13.5,13.65,3.29532477404,5400,0.0000,1.0
2001-12-28,13.3,13.98,13.3,13.5,3.25911241389,4400,0.0000,1.0
2001-12-27,13.06,13.75,13.05,13.7,3.30739556076,10300,0.0000,1.0
2001-12-26,13.01,13.2,13.0,13.05,3.15047533342,1600,0.0000,1.0
2001-12-24,13.89,13.9,13.89,13.9,3.35567870763,600,0.0000,1.0
2001-12-21,14.02,14.73,13.0,13.14,3.17220274952,6300,0.0000,1.0
2001-12-20,14.16,14.16,14.15,14.15,3.41603264122,1900,0.0000,1.0
2001-12-19,14.02,14.74,14.02,14.74,3.5584679245,600,0.0000,1.0
2001-12-18,14.01,14.01,14.01,14.01,3.38223443841,100,0.0000,1.0
2001-12-17,14.73,14.73,13.94,13.94,3.36533533701,5300,0.0000,1.0
2001-12-14,15.2,15.2,15.2,15.2,3.6695191623,100,0.0000,1.0
2001-12-13,14.55,15.12,14.55,15.0,3.62123601543,2400,0.0000,1.0
2001-12-12,15.1,15.25,15.1,15.25,3.68158994902,5000,0.0000,1.0
2001-12-11,15.2,15.2,15.2,15.2,3.6695191623,200,0.0000,1.0
2001-12-10,13.5,15.45,13.5,15.3,3.69366073574,7200,0.0000,1.0
2001-12-07,15.0,15.0,14.41,14.94,3.60675107137,14800,0.0000,1.0
2001-12-06,15.5,15.5,13.89,14.25,3.44017421466,34300,0.0000,1.0
2001-12-05,13.3,14.3,12.9,13.9,3.35567870763,24100,0.0000,1.0
2001-12-04,12.97,13.05,12.85,13.05,3.15047533342,3900,0.0000,1.0
2001-12-03,13.3,13.3,12.81,13.05,3.15047533342,92800,0.0000,1.0
2001-11-30,13.0,13.0,12.81,13.0,3.13840454671,8900,0.0000,1.0
2001-11-29,13.3,13.3,12.8,12.8,3.09012139983,9100,0.0000,1.0
2001-11-28,13.0,13.0,12.8,12.85,3.10219218655,2700,0.0000,1.0
2001-11-27,13.01,13.06,13.0,13.06,3.15288949077,2300,0.0000,1.0
2001-11-26,13.0,13.1,13.0,13.1,3.16254612014,3000,0.0000,1.0
2001-11-23,13.1,13.1,13.1,13.1,3.16254612014,700,0.0000,1.0
2001-11-21,13.5,13.5,12.8,13.1,3.16254612014,800,0.0000,1.0
2001-11-20,12.9,13.1,12.65,12.95,3.12633375999,7800,0.0000,1.0
2001-11-19,13.1,13.1,12.9,13.06,3.15288949077,8500,0.0000,1.0
2001-11-16,13.25,13.25,13.05,13.05,3.15047533342,1600,0.0000,1.0
2001-11-15,12.9,12.97,12.9,12.97,3.13116207468,1200,0.0000,1.0
2001-11-14,13.01,13.01,12.95,12.95,3.12633375999,900,0.0000,1.0
2001-11-13,12.9,13.2,12.9,13.2,3.18668769358,6200,0.0000,1.0
2001-11-12,13.05,13.05,13.05,13.05,3.15047533342,200,0.0000,1.0
2001-11-09,13.0,13.0,13.0,13.0,3.13840454671,0,0.0000,1.0
2001-11-08,13.0,13.0,13.0,13.0,3.13840454671,400,0.0000,1.0
2001-11-07,13.2,13.2,12.9,12.9,3.11426297327,11900,0.0000,1.0
2001-11-06,14.0,14.0,13.5,13.6,3.28325398732,1200,0.0500,1.0
2001-11-05,14.3,14.36,13.95,14.05,3.37946655838,16700,0.0000,1.0
2001-11-02,13.9,14.36,13.9,14.36,3.45403130095,1300,0.0000,1.0
2001-11-01,13.35,14.12,13.35,13.9,3.34338684423,3500,0.0000,1.0
2001-10-31,13.3,13.3,13.3,13.3,3.19906798765,0,0.0000,1.0
2001-10-30,13.31,13.31,13.3,13.3,3.19906798765,1000,0.0000,1.0
2001-10-29,12.91,13.2,12.91,13.2,3.17501484488,2500,0.0000,1.0
2001-10-26,13.0,13.2,12.96,13.16,3.16539358778,81400,0.0000,1.0
2001-10-25,13.56,13.56,13.4,13.4,3.22312113041,5300,0.0000,1.0
2001-10-24,13.52,13.52,13.05,13.5,3.24717427318,10400,0.0000,1.0
2001-10-23,13.0,13.0,13.0,13.0,3.12690855936,0,0.0000,1.0
2001-10-22,13.0,13.0,13.0,13.0,3.12690855936,0,0.0000,1.0
2001-10-19,13.0,13.0,13.0,13.0,3.12690855936,0,0.0000,1.0
2001-10-18,13.0,13.0,13.0,13.0,3.12690855936,100,0.0000,1.0
2001-10-17,13.5,13.54,13.5,13.54,3.25679553028,600,0.0000,1.0
2001-10-16,13.0,13.4,13.0,13.4,3.22312113041,2700,0.0000,1.0
2001-10-15,13.3,13.3,13.3,13.3,3.19906798765,2100,0.0000,1.0
2001-10-12,13.25,13.49,13.25,13.3,3.19906798765,2200,0.0000,1.0
2001-10-11,13.25,13.25,13.25,13.25,3.18704141627,100,0.0000,1.0
2001-10-10,13.03,13.25,13.03,13.25,3.18704141627,19000,0.0000,1.0
2001-10-09,13.25,13.25,13.25,13.25,3.18704141627,100,0.0000,1.0
2001-10-08,12.84,12.84,12.8,12.84,3.08842353093,4600,0.0000,1.0
2001-10-05,12.9,12.9,12.75,12.79,3.07639695955,700,0.0000,1.0
2001-10-04,13.12,13.12,12.51,13.12,3.15577233067,10200,0.0000,1.0
2001-10-03,13.0,13.0,12.35,12.63,3.03791193113,8300,0.0000,1.0
2001-10-02,12.7,12.7,11.88,12.25,2.94650998862,4000,0.0000,1.0
2001-10-01,11.25,12.09,11.25,12.09,2.9080249602,2100,0.0000,1.0
2001-09-28,11.55,11.6,10.93,10.93,2.62900850414,14800,0.0000,1.0
2001-09-27,12.19,12.19,11.29,11.29,2.71559981809,10400,0.0000,1.0
2001-09-26,12.5,12.5,12.5,12.5,3.00664284553,0,0.0000,1.0
2001-09-25,12.5,12.5,12.5,12.5,3.00664284553,0,0.0000,1.0
2001-09-24,12.7,12.7,12.5,12.5,3.00664284553,3600,0.0000,1.0
2001-09-21,12.74,12.74,11.31,12.2,2.93448341724,36200,0.0000,1.0
2001-09-20,12.5,12.5,10.5,11.8,2.83827084618,17100,0.0000,1.0
2001-09-19,13.0,13.0,12.3,12.3,2.95853656001,500,0.0000,1.0
2001-09-18,12.82,12.82,12.0,12.48,3.00183221698,31500,0.0000,1.0
2001-09-17,13.01,13.01,13.01,13.01,3.12931387363,0,0.0000,1.0
2001-09-10,13.0,13.01,13.0,13.01,3.12931387363,22400,0.0000,1.0
2001-09-07,13.0,13.0,12.8,12.81,3.0812075881,11000,0.0000,1.0
2001-09-06,13.0,13.0,12.85,12.85,3.09082884521,1500,0.0000,1.0
2001-09-05,12.85,12.85,12.83,12.83,3.08601821666,2300,0.0000,1.0
2001-09-04,12.99,13.0,12.85,12.85,3.09082884521,1000,0.0000,1.0
2001-08-31,13.0,13.0,13.0,13.0,3.12690855936,0,0.0000,1.0
2001-08-30,13.0,13.0,12.91,13.0,3.12690855936,500,0.0000,1.0
2001-08-29,13.0,13.0,13.0,13.0,3.12690855936,0,0.0000,1.0
2001-08-28,13.0,13.0,13.0,13.0,3.12690855936,0,0.0000,1.0
2001-08-27,13.0,13.0,13.0,13.0,3.12690855936,100,0.0000,1.0
2001-08-24,13.0,13.0,12.87,12.97,3.11969261653,2200,0.0000,1.0
2001-08-23,12.87,12.87,12.87,12.87,3.09563947376,200,0.0000,1.0
2001-08-22,13.0,13.43,13.0,13.43,3.23033707324,14100,0.0000,1.0
2001-08-21,12.97,12.97,12.97,12.97,3.11969261653,200,0.0000,1.0
2001-08-20,12.9,13.0,12.85,13.0,3.12690855936,4600,0.0000,1.0
2001-08-17,12.9,12.9,12.9,12.9,3.10285541659,100,0.0000,1.0
2001-08-16,12.9,12.9,12.9,12.9,3.10285541659,2300,0.0000,1.0
2001-08-15,13.0,13.0,12.94,12.94,3.1124766737,3500,0.0000,1.0
2001-08-14,13.0,13.0,13.0,13.0,3.12690855936,0,0.0000,1.0
2001-08-13,13.0,13.0,12.93,13.0,3.12690855936,700,0.0000,1.0
2001-08-10,13.0,13.0,13.0,13.0,3.12690855936,0,0.0000,1.0
2001-08-09,13.0,13.0,13.0,13.0,3.12690855936,0,0.0000,1.0
2001-08-08,13.0,13.24,12.95,13.0,3.12690855936,23900,0.0000,1.0
2001-08-07,13.69,13.69,13.01,13.01,3.12931387363,500,0.0000,1.0
2001-08-06,13.25,13.85,13.19,13.7,3.29528055871,7000,0.0500,1.0
2001-08-03,13.5,14.15,13.5,13.74,3.29288399103,1800,0.0000,1.0
2001-08-02,13.1,13.25,13.1,13.25,3.17545217475,600,0.0000,1.0
2001-08-01,12.97,13.1,12.97,13.1,3.13950365957,2900,0.0000,1.0
2001-07-31,13.25,13.25,12.92,13.0,3.11553798278,18100,0.0000,1.0
2001-07-30,12.95,13.0,12.95,13.0,3.11553798278,1100,0.0000,1.0
2001-07-27,12.95,12.95,12.95,12.95,3.10355514438,9600,0.0000,1.0
2001-07-26,13.0,13.0,12.94,13.0,3.11553798278,3700,0.0000,1.0
2001-07-25,13.0,13.0,12.91,13.0,3.11553798278,5500,0.0000,1.0
2001-07-24,13.5,13.5,13.0,13.0,3.11553798278,1200,0.0000,1.0
2001-07-23,13.2,13.2,13.2,13.2,3.16346933636,0,0.0000,1.0
2001-07-20,13.2,13.2,13.2,13.2,3.16346933636,700,0.0000,1.0
2001-07-19,13.0,13.3,13.0,13.0,3.11553798278,2700,0.0000,1.0
2001-07-18,13.08,13.75,13.0,13.2,3.16346933636,6500,0.0000,1.0
2001-07-17,13.2,13.2,13.05,13.05,3.12752082117,3200,0.0000,1.0
2001-07-16,13.5,13.5,13.2,13.2,3.16346933636,6500,0.0000,1.0
2001-07-13,13.59,13.59,13.59,13.59,3.25693547584,0,0.0000,1.0
2001-07-12,13.57,13.61,13.29,13.59,3.25693547584,5300,0.0000,1.0
2001-07-11,13.9,14.0,13.55,13.55,3.24734920512,500,0.0000,1.0
2001-07-10,14.5,14.5,13.91,13.91,3.33362564157,1800,0.0000,1.0
2001-07-09,14.0,14.5,14.0,14.2,3.40312610426,1400,0.0000,1.0
2001-07-06,14.0,14.0,14.0,14.0,3.35519475068,0,0.0000,1.0
2001-07-05,14.5,14.5,14.0,14.0,3.35519475068,2500,0.0000,1.0
2001-07-03,14.1,15.0,14.1,14.5,3.47502313464,7400,0.0000,1.0
2001-07-02,13.0,14.16,13.0,13.75,3.29528055871,14200,0.0000,1.0
2001-06-29,14.19,14.6,14.03,14.25,3.41510894266,6700,0.0000,1.0
2001-06-28,14.85,14.85,13.31,13.5,3.23536636673,12700,0.0000,1.0
2001-06-27,15.05,15.05,15.05,15.05,3.60683435698,4200,0.0000,1.0
2001-06-26,14.85,15.1,14.7,15.05,3.60683435698,24300,0.0000,1.0
2001-06-25,13.94,15.15,13.5,15.15,3.63080003377,12700,0.0000,1.0
2001-06-22,13.95,14.0,13.94,13.94,3.34081534461,600,0.0000,1.0
2001-06-21,14.68,14.68,14.15,14.15,3.39114326587,1400,0.0000,1.0
2001-06-20,15.0,15.0,14.65,14.65,3.51097164982,1100,0.0000,1.0
2001-06-19,14.8,15.15,14.8,15.1,3.61881719538,8500,0.0000,1.0
2001-06-18,14.8,14.8,14.8,14.8,3.54692016501,500,0.0000,1.0
2001-06-15,14.83,15.0,14.82,15.0,3.59485151859,8900,0.0000,1.0
2001-06-14,15.05,15.1,14.8,14.8,3.54692016501,6100,0.0000,1.0
2001-06-13,15.0,15.15,15.0,15.15,3.63080003377,1200,0.0000,1.0
2001-06-12,15.0,15.0,15.0,15.0,3.59485151859,1000,0.0000,1.0
2001-06-11,14.8,15.14,14.76,14.96,3.58526524787,2400,0.0000,1.0
2001-06-08,15.34,15.34,14.75,14.75,3.53493732661,7200,0.0000,1.0
2001-06-07,15.75,15.75,15.2,15.3,3.66674854896,4000,0.0000,1.0
2001-06-06,14.49,15.5,14.45,15.05,3.60683435698,18700,0.0000,1.0
2001-06-05,14.25,14.5,13.99,14.5,3.47502313464,5800,0.0000,1.0
2001-06-04,14.19,14.19,14.1,14.1,3.37916042747,300,0.0000,1.0
2001-06-01,14.2,14.2,14.2,14.2,3.40312610426,800,0.0000,1.0
2001-05-31,14.01,14.12,14.0,14.0,3.35519475068,23800,0.0000,1.0
2001-05-30,13.98,13.98,13.98,13.98,3.35040161532,400,0.0000,1.0
2001-05-29,14.0,14.26,13.93,13.98,3.35040161532,13000,0.0000,1.0
2001-05-25,13.7,14.0,13.5,14.0,3.35519475068,8800,0.0000,1.0
2001-05-24,13.85,13.85,13.58,13.58,3.25453890816,300,0.0000,1.0
2001-05-23,13.51,13.63,13.37,13.37,3.2042109869,10300,0.0000,1.0
2001-05-22,13.96,13.96,13.96,13.96,3.34560847997,700,0.0000,1.0
2001-05-21,13.75,14.0,13.75,14.0,3.35519475068,5600,0.0000,1.0
2001-05-18,13.5,13.5,13.5,13.5,3.23536636673,0,0.0000,1.0
2001-05-17,13.5,13.8,13.5,13.5,3.23536636673,700,0.0000,1.0
2001-05-16,13.9,13.9,13.4,13.8,3.3072633971,1900,0.0000,1.0
2001-05-15,13.55,13.9,13.55,13.9,3.33122907389,800,0.0000,1.0
2001-05-14,13.9,13.9,13.55,13.55,3.24734920512,600,0.0000,1.0
2001-05-11,13.62,13.62,13.62,13.62,3.26412517888,1500,0.0000,1.0
2001-05-10,13.5,13.5,13.5,13.5,3.23536636673,200,0.0000,1.0
2001-05-09,13.5,13.5,13.5,13.5,3.23536636673,100,0.0000,1.0
2001-05-08,13.55,13.63,13.5,13.5,3.23536636673,4100,0.0000,1.0
2001-05-07,13.55,13.55,13.55,13.55,3.24734920512,500,0.0000,1.0
2001-05-04,13.55,13.55,13.55,13.55,3.24734920512,0,0.0500,1.0
2001-05-03,13.65,13.65,13.55,13.55,3.23541042128,2100,0.0000,1.0
2001-05-02,14.12,14.28,13.62,13.75,3.28316555665,7800,0.0000,1.0
2001-05-01,14.3,14.3,13.6,13.6,3.24734920512,1200,0.0000,1.0
2001-04-30,14.0,14.25,13.75,14.08,3.36196153001,2200,0.0000,1.0
2001-04-27,13.5,14.0,13.5,13.5,3.22347163744,4100,0.0000,1.0
2001-04-26,13.3,13.55,13.3,13.55,3.23541042128,800,0.0000,1.0
2001-04-25,13.0,13.1,12.95,13.1,3.1279613667,17700,0.0000,1.0
2001-04-24,12.99,12.99,12.99,12.99,3.10169604225,0,0.0000,1.0
2001-04-23,12.95,13.1,12.95,12.99,3.10169604225,8400,0.0000,1.0
2001-04-20,12.92,12.92,12.92,12.92,3.08498174487,1000,0.0000,1.0
2001-04-19,12.95,13.1,12.9,13.0,3.10408379902,20100,0.0000,1.0
2001-04-18,12.85,13.1,12.85,13.1,3.1279613667,5500,0.0000,1.0
2001-04-17,13.0,13.05,13.0,13.0,3.10408379902,800,0.0000,1.0
2001-04-16,12.8,13.0,12.8,13.0,3.10408379902,900,0.0000,1.0
2001-04-12,13.0,13.0,13.0,13.0,3.10408379902,400,0.0000,1.0
2001-04-11,12.76,13.15,12.76,13.15,3.13990015054,600,0.0000,1.0
2001-04-10,13.0,13.0,12.8,13.0,3.10408379902,900,0.0000,1.0
2001-04-09,13.0,13.0,13.0,13.0,3.10408379902,0,0.0000,1.0
2001-04-06,12.81,13.0,12.81,13.0,3.10408379902,1700,0.0000,1.0
2001-04-05,12.75,12.75,12.75,12.75,3.0443898798,100,0.0000,1.0
2001-04-04,13.25,13.5,12.81,12.81,3.05871642042,8000,0.0000,1.0
2001-04-03,13.0,13.25,12.75,12.77,3.04916539334,6300,0.0000,1.0
2001-04-02,13.13,13.13,13.0,13.06,3.11841033963,14100,0.0000,1.0
2001-03-30,13.0,13.0,13.0,13.0,3.10408379902,200,0.0000,1.0
2001-03-29,12.75,13.63,12.69,13.0,3.10408379902,6700,0.0000,1.0
2001-03-28,13.0,13.0,12.88,12.88,3.07543071779,5900,0.0000,1.0
2001-03-27,13.0,13.0,13.0,13.0,3.10408379902,200,0.0000,1.0
2001-03-26,13.19,13.5,13.19,13.25,3.16377771823,1000,0.0000,1.0
2001-03-23,12.77,13.13,12.63,13.13,3.13512463701,34900,0.0000,1.0
2001-03-22,12.81,12.88,12.75,12.75,3.0443898798,2100,0.0000,1.0
2001-03-21,12.88,12.88,12.88,12.88,3.07543071779,100,0.0000,1.0
2001-03-20,12.81,12.94,12.75,12.94,3.08975725841,8200,0.0000,1.0
2001-03-19,12.81,12.81,12.81,12.81,3.05871642042,0,0.0000,1.0
2001-03-16,12.81,13.19,12.81,12.81,3.05871642042,48900,0.0000,1.0
2001-03-15,12.94,12.94,12.94,12.94,3.08975725841,0,0.0000,1.0
2001-03-14,12.94,12.94,12.94,12.94,3.08975725841,0,0.0000,1.0
2001-03-13,12.81,13.0,12.81,12.94,3.08975725841,4500,0.0000,1.0
2001-03-12,13.06,13.06,12.75,12.94,3.08975725841,4500,0.0000,1.0
2001-03-09,13.0,13.0,13.0,13.0,3.10408379902,0,0.0000,1.0
2001-03-08,13.0,13.0,13.0,13.0,3.10408379902,1500,0.0000,1.0
2001-03-07,13.13,13.13,13.06,13.06,3.11841033963,2600,0.0000,1.0
2001-03-06,12.94,13.13,12.88,13.13,3.13512463701,4400,0.0000,1.0
2001-03-05,12.81,13.38,12.81,13.38,3.19481855622,3500,0.0000,1.0
2001-03-02,12.81,12.81,12.81,12.81,3.05871642042,100,0.0000,1.0
2001-03-01,13.13,13.25,12.81,13.25,3.16377771823,2000,0.0000,1.0
2001-02-28,13.13,13.13,13.06,13.06,3.11841033963,700,0.0000,1.0
2001-02-27,13.0,13.0,12.75,13.0,3.10408379902,6200,0.0000,1.0
2001-02-26,12.88,13.13,12.88,13.13,3.13512463701,2700,0.0000,1.0
2001-02-23,12.88,12.88,12.88,12.88,3.07543071779,400,0.0000,1.0
2001-02-22,13.0,13.0,12.94,12.94,3.08975725841,200,0.0000,1.0
2001-02-21,13.06,13.06,13.0,13.0,3.10408379902,3500,0.0000,1.0
2001-02-20,12.78,13.06,12.78,13.06,3.11841033963,18000,0.0000,1.0
2001-02-16,12.94,13.19,12.94,13.19,3.14945117762,600,0.0000,1.0
2001-02-15,13.31,13.31,12.81,12.81,3.05871642042,2400,0.0000,1.0
2001-02-14,13.0,13.0,12.69,12.69,3.03006333919,800,0.0000,1.0
2001-02-13,12.88,13.0,12.63,13.0,3.10408379902,3200,0.0000,1.0
2001-02-12,13.0,13.0,12.94,13.0,3.10408379902,4100,0.0000,1.0
2001-02-09,13.31,13.5,12.94,13.38,3.19481855622,34100,0.0000,1.0
2001-02-08,13.44,13.56,13.25,13.25,3.16377771823,3400,0.0000,1.0
2001-02-07,13.75,13.75,13.38,13.44,3.20914509683,51600,0.0000,1.0
2001-02-06,13.63,14.0,13.63,13.81,3.29749209726,7500,0.0500,1.0
2001-02-05,13.5,13.88,13.5,13.69,3.2570466675,3700,0.0000,1.0
2001-02-02,13.13,13.88,13.06,13.75,3.27132152506,13600,0.0000,1.0
2001-02-01,12.81,13.19,12.81,13.06,3.10716066308,9700,0.0000,1.0
2001-01-31,12.75,13.0,12.75,12.94,3.07861094795,8300,0.0000,1.0
2001-01-30,13.0,13.06,12.94,12.97,3.08574837673,5100,0.0000,1.0
2001-01-29,13.0,13.0,12.0,12.81,3.04768208989,20900,0.0000,1.0
2001-01-26,12.63,13.13,12.56,13.13,3.12381466357,14800,0.0000,1.0
2001-01-25,12.5,13.06,12.5,13.06,3.10716066308,10700,0.0000,1.0
2001-01-24,13.0,13.0,12.25,12.25,2.91445008596,400,0.0000,1.0
2001-01-23,12.25,12.63,12.25,12.63,3.0048575172,3000,0.0000,1.0
2001-01-22,12.75,12.75,12.25,12.63,3.0048575172,25200,0.0000,1.0
2001-01-19,12.25,12.88,12.25,12.75,3.03340723233,1200,0.0000,1.0
2001-01-18,12.5,12.94,12.25,12.5,2.97392865915,9100,0.0000,1.0
2001-01-17,12.75,13.13,12.44,12.88,3.06433609039,14600,0.0000,1.0
2001-01-16,12.88,12.88,12.63,12.75,3.03340723233,6500,0.0000,1.0
2001-01-12,13.44,13.44,13.0,13.0,3.09288580551,10100,0.0000,1.0
2001-01-11,13.44,13.44,13.44,13.44,3.19756809432,400,0.0000,1.0
2001-01-10,13.0,13.13,13.0,13.0,3.09288580551,5000,0.0000,1.0
2001-01-09,13.0,13.38,12.75,12.88,3.06433609039,8200,0.0000,1.0
2001-01-08,13.63,13.75,12.88,13.38,3.18329323675,391100,0.0000,1.0
2001-01-05,13.5,13.5,13.5,13.5,3.21184295188,100,0.0000,1.0
2001-01-04,13.0,13.0,13.0,13.0,3.09288580551,0,0.0000,1.0
2001-01-03,13.0,13.0,13.0,13.0,3.09288580551,0,0.0000,1.0
2001-01-02,13.0,13.5,13.0,13.0,3.09288580551,10700,0.0000,1.0
2000-12-29,12.5,13.0,12.19,13.0,3.09288580551,41600,0.0000,1.0
2000-12-28,13.38,13.44,12.75,12.75,3.03340723233,3200,0.0000,1.0
2000-12-27,13.13,13.13,12.56,13.06,3.10716066308,7200,0.0000,1.0
2000-12-26,13.59,13.88,13.19,13.19,3.13808952113,27300,0.0000,1.0
2000-12-22,14.0,14.0,13.56,13.56,3.22611780944,2700,0.0000,1.0
2000-12-21,13.88,13.88,13.75,13.75,3.27132152506,5300,0.0000,1.0
2000-12-20,13.88,14.0,13.69,13.94,3.31652524068,4800,0.0000,1.0
2000-12-19,14.06,14.13,13.88,13.88,3.30225038312,48300,0.0000,1.0
2000-12-18,13.75,14.88,13.69,13.69,3.2570466675,10400,0.0000,1.0
2000-12-15,14.0,14.88,13.88,14.88,3.54016467585,1600,0.0000,1.0
2000-12-14,14.0,14.0,14.0,14.0,3.33080009824,2000,0.0000,1.0
2000-12-13,14.0,15.0,13.75,13.75,3.27132152506,3900,0.0000,1.0
2000-12-12,13.88,14.0,13.75,14.0,3.33080009824,3400,0.0000,1.0
2000-12-11,14.0,14.0,13.63,13.75,3.27132152506,1800,0.0000,1.0
2000-12-08,14.0,14.13,14.0,14.13,3.3617289563,10400,0.0000,1.0
2000-12-07,13.88,14.0,13.75,13.88,3.30225038312,6700,0.0000,1.0
2000-12-06,13.75,13.75,13.75,13.75,3.27132152506,100,0.0000,1.0
2000-12-05,13.88,14.0,13.75,13.75,3.27132152506,1300,0.0000,1.0
2000-12-04,13.88,14.31,13.63,13.63,3.24277180993,18500,0.0000,1.0
2000-12-01,13.88,13.94,13.88,13.88,3.30225038312,4700,0.0000,1.0
2000-11-30,14.13,14.25,13.88,14.0,3.33080009824,11200,0.0000,1.0
2000-11-29,13.94,14.88,13.69,14.5,3.44975724461,17100,0.0000,1.0
2000-11-28,14.19,14.19,13.88,13.88,3.30225038312,6100,0.0000,1.0
2000-11-27,14.08,14.08,14.06,14.06,3.34507495581,200,0.0000,1.0
2000-11-24,14.88,14.88,14.63,14.63,3.48068610267,200,0.0000,1.0
2000-11-22,14.5,14.5,13.94,14.0,3.33080009824,6500,0.0000,1.0
2000-11-21,14.25,15.0,14.25,14.63,3.48068610267,22700,0.0000,1.0
2000-11-20,13.88,14.44,13.88,14.0,3.33080009824,900,0.0000,1.0
2000-11-17,14.0,14.0,14.0,14.0,3.33080009824,0,0.0000,1.0
2000-11-16,14.0,14.0,14.0,14.0,3.33080009824,200,0.0000,1.0
2000-11-15,14.25,14.25,13.88,13.88,3.30225038312,6200,0.0000,1.0
2000-11-14,15.44,15.63,14.19,14.19,3.37600381386,1700,0.0000,1.0
2000-11-13,14.25,14.25,14.25,14.25,3.39027867143,200,0.0000,1.0
2000-11-10,15.25,15.5,14.25,14.25,3.39027867143,4600,0.0000,1.0
2000-11-09,16.0,16.0,15.25,15.25,3.62819296416,5000,0.0000,1.0
2000-11-08,15.75,16.0,15.25,16.0,3.80662868371,6900,0.0000,1.0
2000-11-07,16.5,16.63,16.0,16.0,3.80662868371,7300,0.0000,1.0
2000-11-06,15.33,16.5,15.33,15.5,3.68767153734,800,0.0000,1.0
2000-11-03,15.38,16.38,15.31,16.38,3.89703611495,7900,0.0500,1.0
2000-11-02,15.63,16.25,15.56,15.75,3.73574673222,11000,0.0000,1.0
2000-11-01,15.5,15.63,15.13,15.5,3.67644916504,2800,0.0000,1.0
2000-10-31,14.02,15.5,14.02,14.75,3.49855646351,16800,0.0000,1.0
2000-10-30,14.88,15.0,14.88,15.0,3.55785403069,1100,0.0000,1.0
2000-10-27,14.88,14.88,14.38,14.38,3.41079606409,1100,0.0000,1.0
2000-10-26,14.25,14.88,14.0,14.88,3.52939119844,4000,0.0000,1.0
2000-10-25,14.5,14.63,13.81,13.88,3.29220092973,14400,0.0000,1.0
2000-10-24,14.0,14.38,13.75,14.38,3.41079606409,3300,0.0000,1.0
2000-10-23,14.0,14.0,14.0,14.0,3.32066376198,0,0.0000,1.0
2000-10-20,13.81,14.0,13.81,14.0,3.32066376198,9200,0.0000,1.0
2000-10-19,13.88,14.0,13.81,13.81,3.27559761092,21400,0.0000,1.0
2000-10-18,13.88,14.38,13.75,14.38,3.41079606409,252800,0.0000,1.0
2000-10-17,13.89,13.89,13.89,13.89,3.29457283242,200,0.0000,1.0
2000-10-16,14.75,14.75,13.88,13.88,3.29220092973,1100,0.0000,1.0
2000-10-13,14.25,14.63,14.0,14.63,3.47009363126,5400,0.0000,1.0
2000-10-12,13.88,14.5,13.88,13.88,3.29220092973,6700,0.0000,1.0
2000-10-11,13.88,13.88,13.88,13.88,3.29220092973,9400,0.0000,1.0
2000-10-10,13.88,13.94,13.75,13.88,3.29220092973,28700,0.0000,1.0
2000-10-09,14.06,14.06,13.75,13.88,3.29220092973,23600,0.0000,1.0
2000-10-06,13.81,14.13,13.81,14.13,3.35149849691,1500,0.0000,1.0
2000-10-05,13.94,14.0,13.88,13.94,3.30643234585,16800,0.0000,1.0
2000-10-04,13.81,14.06,13.81,13.94,3.30643234585,16000,0.0000,1.0
2000-10-03,13.88,14.0,13.88,14.0,3.32066376198,7700,0.0000,1.0
2000-10-02,14.16,14.25,13.88,14.0,3.32066376198,12300,0.0000,1.0
2000-09-29,14.38,14.88,14.0,14.25,3.37996132915,6100,0.0000,1.0
2000-09-28,13.75,14.0,13.63,13.88,3.29220092973,18000,0.0000,1.0
2000-09-27,13.5,13.94,13.5,13.75,3.2613661948,12300,0.0000,1.0
2000-09-26,13.75,13.94,13.75,13.94,3.30643234585,15200,0.0000,1.0
2000-09-25,13.63,13.69,13.5,13.5,3.20206862762,5400,0.0000,1.0
2000-09-22,13.75,14.0,13.63,14.0,3.32066376198,9100,0.0000,1.0
2000-09-21,13.75,13.75,13.75,13.75,3.2613661948,1000,0.0000,1.0
2000-09-20,13.88,13.88,13.69,13.75,3.2613661948,1600,0.0000,1.0
2000-09-19,14.5,14.5,13.88,13.88,3.29220092973,3900,0.0000,1.0
2000-09-18,13.88,14.63,13.88,14.63,3.47009363126,5300,0.0000,1.0
2000-09-15,14.0,14.13,13.88,13.94,3.30643234585,40300,0.0000,1.0
2000-09-14,14.06,14.06,13.88,13.88,3.29220092973,2600,0.0000,1.0
2000-09-13,14.0,14.0,13.56,13.88,3.29220092973,23200,0.0000,1.0
2000-09-12,14.0,14.0,13.88,14.0,3.32066376198,6900,0.0000,1.0
2000-09-11,14.13,14.38,14.0,14.0,3.32066376198,2600,0.0000,1.0
2000-09-08,14.0,14.13,13.94,14.13,3.35149849691,2300,0.0000,1.0
2000-09-07,14.63,14.63,14.13,14.13,3.35149849691,1200,0.0000,1.0
2000-09-06,14.25,14.25,14.0,14.0,3.32066376198,32500,0.0000,1.0
2000-09-05,14.88,14.88,14.13,14.25,3.37996132915,5400,0.0000,1.0
2000-09-01,14.25,14.88,14.25,14.25,3.37996132915,1600,0.0000,1.0
2000-08-31,14.81,14.81,14.75,14.75,3.49855646351,4800,0.0000,1.0
2000-08-30,14.0,15.38,14.0,14.38,3.41079606409,7300,0.0000,1.0
2000-08-29,14.38,14.63,14.0,14.0,3.32066376198,19900,0.0000,1.0
2000-08-28,14.63,14.63,14.38,14.38,3.41079606409,2800,0.0000,1.0
2000-08-25,14.34,15.25,14.34,14.5,3.43925889633,51400,0.0000,1.0
2000-08-24,15.25,15.25,14.5,14.5,3.43925889633,1800,0.0000,1.0
2000-08-23,14.56,14.56,14.56,14.56,3.45349031245,2100,0.0000,1.0
2000-08-22,14.63,14.94,14.31,14.81,3.51278787963,8400,0.0000,1.0
2000-08-21,14.81,14.81,14.63,14.63,3.47009363126,14100,0.0000,1.0
2000-08-18,14.5,15.06,14.13,14.63,3.47009363126,13800,0.0000,1.0
2000-08-17,15.0,15.0,14.5,14.63,3.47009363126,4900,0.0000,1.0
2000-08-16,15.69,15.69,15.44,15.5,3.67644916504,14800,0.0000,1.0
2000-08-15,14.88,15.94,14.88,15.94,3.78081288328,13900,0.0000,1.0
2000-08-14,14.94,15.81,14.88,15.81,3.74997814834,400,0.0000,1.0
2000-08-11,15.13,15.5,15.0,15.5,3.67644916504,3400,0.0000,1.0
2000-08-10,15.63,15.63,15.0,15.5,3.67644916504,7400,0.0000,1.0
2000-08-09,15.0,16.38,15.0,15.06,3.57208544681,2400,0.0000,1.0
2000-08-08,16.0,16.19,15.0,15.0,3.55785403069,4000,0.0000,1.0
2000-08-07,14.5,16.0,14.5,16.0,3.7950442994,5800,0.0000,1.0
2000-08-04,14.84,15.38,14.84,15.38,3.6479863328,5100,0.0500,1.0
2000-08-03,15.06,15.13,14.69,15.13,3.57705983248,11300,0.0000,1.0
2000-08-02,14.75,15.0,14.75,14.81,3.50140489882,4100,0.0000,1.0
2000-08-01,14.56,14.75,14.38,14.75,3.48721959875,2400,0.0000,1.0
2000-07-31,14.56,14.69,14.56,14.69,3.47303429869,2100,0.0000,1.0
2000-07-28,14.38,14.75,14.38,14.75,3.48721959875,300,0.0000,1.0
2000-07-27,14.75,14.75,14.75,14.75,3.48721959875,1700,0.0000,1.0
2000-07-26,14.41,15.0,14.41,14.5,3.42811418183,1500,0.0000,1.0
2000-07-25,14.5,15.0,14.38,14.38,3.3997435817,14000,0.0000,1.0
2000-07-24,14.75,15.0,14.0,14.44,3.41392888176,7100,0.0000,1.0
2000-07-21,14.88,15.63,14.5,14.56,3.44229948189,5300,0.0000,1.0
2000-07-20,15.09,15.09,15.09,15.09,3.56760296578,400,0.0000,1.0
2000-07-19,15.5,15.5,15.0,15.25,3.60543043261,1100,0.0000,1.0
2000-07-18,15.56,15.94,15.41,15.41,3.64325789944,13100,0.0000,1.0
2000-07-17,14.94,15.25,14.38,15.19,3.59124513255,19700,0.0000,1.0
2000-07-14,14.44,14.63,14.38,14.63,3.45884899863,7100,0.0000,1.0
2000-07-13,15.0,15.0,15.0,15.0,3.54632501568,100,0.0000,1.0
2000-07-12,15.19,16.0,14.5,14.5,3.42811418183,25400,0.0000,1.0
2000-07-11,16.0,16.38,15.38,15.44,3.65035054948,3100,0.0000,1.0
2000-07-10,15.25,15.31,15.25,15.31,3.61961573267,5500,0.0000,1.0
2000-07-07,15.88,15.88,15.25,15.31,3.61961573267,31300,0.0000,1.0
2000-07-06,16.13,16.19,15.44,15.5,3.66453584954,77500,0.0000,1.0
2000-07-05,16.38,16.38,15.75,16.38,3.87258691713,13800,0.0000,1.0
2000-07-03,15.38,15.38,15.38,15.38,3.63616524941,200,0.0000,1.0
2000-06-30,15.19,15.88,15.13,15.88,3.75437608327,1900,0.0000,1.0
2000-06-29,15.75,16.25,15.0,15.0,3.54632501568,11700,0.0000,1.0
2000-06-28,17.0,17.0,16.0,16.0,3.78274668339,1600,0.0000,1.0
2000-06-27,15.38,15.38,15.38,15.38,3.63616524941,0,0.0000,1.0
2000-06-26,16.63,16.63,15.38,15.38,3.63616524941,18000,0.0000,1.0
2000-06-23,15.94,16.0,15.88,15.88,3.75437608327,9400,0.0000,1.0
2000-06-22,16.63,17.0,15.88,17.0,4.01916835111,1200,0.0000,1.0
2000-06-21,16.37,16.37,16.37,16.37,3.87022270045,0,0.0000,1.0
2000-06-20,16.38,16.38,16.38,16.38,3.87258691713,300,0.0000,1.0
2000-06-19,15.88,18.13,15.63,18.0,4.25559001882,4300,0.0000,1.0
2000-06-16,16.5,17.31,15.63,15.63,3.69527066634,9600,0.0000,1.0
2000-06-15,17.25,17.25,16.0,16.0,3.78274668339,1300,0.0000,1.0
2000-06-14,14.75,17.0,14.75,17.0,4.01916835111,27900,0.0000,1.0
2000-06-13,14.88,15.06,14.88,14.88,3.51795441556,14500,0.0000,1.0
2000-06-12,15.13,15.13,14.75,15.06,3.56051031574,12100,0.0000,1.0
2000-06-09,15.25,15.25,15.0,15.25,3.60543043261,21000,0.0000,1.0
2000-06-08,15.13,15.13,15.13,15.13,3.57705983248,700,0.0000,1.0
2000-06-07,15.13,15.13,15.13,15.13,3.57705983248,100,0.0000,1.0
2000-06-06,15.25,16.0,15.13,15.5,3.66453584954,6900,0.0000,1.0
2000-06-05,16.0,16.0,15.0,15.06,3.56051031574,12000,0.0000,1.0
2000-06-02,14.5,15.13,14.5,15.13,3.57705983248,38200,0.0000,1.0
2000-06-01,14.5,15.38,14.0,15.0,3.54632501568,7900,0.0000,1.0
2000-05-31,14.13,14.13,13.81,13.91,3.28862539788,38000,0.0000,1.0
2000-05-30,16.0,16.06,14.25,14.25,3.3690087649,38400,0.0000,1.0
2000-05-26,16.63,17.0,14.88,16.0,3.78274668339,23100,0.0000,1.0
2000-05-25,17.13,17.13,15.38,17.0,4.01916835111,9200,0.0000,1.0
2000-05-24,17.0,17.0,15.25,15.5,3.66453584954,22900,0.0000,1.0
2000-05-23,17.69,18.06,16.88,17.38,4.10900858484,19500,0.0000,1.0
2000-05-22,17.69,17.69,17.25,17.25,4.07827376803,4900,0.0000,1.0
2000-05-19,17.75,17.88,17.75,17.81,4.21066990195,7100,0.0000,1.0
2000-05-18,17.38,17.38,17.38,17.38,4.10900858484,0,0.0000,1.0
2000-05-17,17.75,17.88,17.38,17.38,4.10900858484,2300,0.0000,1.0
2000-05-16,18.25,18.5,18.0,18.0,4.25559001882,16300,0.0000,1.0
2000-05-15,18.0,18.06,17.75,18.06,4.26977531888,13600,0.0000,1.0
2000-05-12,18.13,18.5,18.13,18.25,4.31469543575,4600,0.0000,1.0
2000-05-11,17.5,18.81,17.38,17.38,4.10900858484,11500,0.0000,1.0
2000-05-10,17.0,17.5,17.0,17.25,4.07827376803,4500,0.0000,1.0
2000-05-09,16.75,16.94,16.75,16.94,4.00498305104,12800,0.0000,1.0
2000-05-08,16.63,16.75,16.25,16.25,3.84185210032,13800,0.0000,1.0
2000-05-05,17.75,17.75,16.63,17.25,4.07827376803,1300,0.0000,1.0
2000-05-04,17.25,17.31,17.25,17.31,4.0924590681,32500,0.0500,1.0
2000-05-03,16.5,18.0,16.13,17.5,4.12546277026,8500,0.0000,1.0
2000-05-02,16.69,18.0,16.5,17.23,4.06181277323,21100,0.0000,1.0
2000-05-01,16.38,16.69,16.38,16.56,3.90386648431,12500,0.0000,1.0
2000-04-28,16.25,16.5,16.25,16.25,3.8307868581,5700,0.0000,1.0
2000-04-27,16.28,16.5,16.25,16.5,3.88972204053,4000,0.0000,1.0
2000-04-26,16.75,16.75,16.75,16.75,3.94865722296,0,0.0000,1.0
2000-04-25,16.94,17.5,16.75,16.75,3.94865722296,11500,0.0000,1.0
2000-04-24,17.25,17.5,15.38,15.38,3.62569242323,10600,0.0000,1.0
2000-04-20,17.25,17.5,17.0,17.5,4.12546277026,6900,0.0000,1.0
2000-04-19,17.25,18.13,17.25,18.13,4.27397942999,1600,0.0000,1.0
2000-04-18,17.25,17.25,17.0,17.25,4.06652758783,2300,0.0000,1.0
2000-04-17,17.25,17.5,17.25,17.25,4.06652758783,4700,0.0000,1.0
2000-04-14,17.38,17.38,17.25,17.25,4.06652758783,2500,0.0000,1.0
2000-04-13,17.5,17.5,17.5,17.5,4.12546277026,1000,0.0000,1.0
2000-04-12,17.88,18.0,17.75,17.88,4.21504424756,6900,0.0000,1.0
2000-04-11,18.69,18.69,17.88,17.88,4.21504424756,1900,0.0000,1.0
2000-04-10,18.75,18.88,17.0,18.69,4.40599423864,23700,0.0000,1.0
2000-04-07,18.5,18.88,18.5,18.88,4.45078497729,36500,0.0000,1.0
2000-04-06,17.75,19.06,17.13,18.5,4.36120349999,7800,0.0000,1.0
2000-04-05,18.0,18.75,18.0,18.75,4.42013868242,500,0.0000,1.0
2000-04-04,17.5,18.25,17.38,18.25,4.30226831756,35300,0.0000,1.0
2000-04-03,18.06,18.06,17.38,17.44,4.11131832648,7800,0.0000,1.0
2000-03-31,17.25,18.06,17.0,18.06,4.25747757891,13500,0.0000,1.0
2000-03-30,17.25,17.44,17.25,17.25,4.06652758783,34300,0.0000,1.0
2000-03-29,17.5,17.5,17.0,17.13,4.03823870026,16000,0.0000,1.0
2000-03-28,17.25,17.5,16.75,17.0,4.00759240539,19300,0.0000,1.0
2000-03-27,17.5,17.5,16.63,17.25,4.06652758783,32300,0.0000,1.0
2000-03-24,16.63,16.88,16.63,16.75,3.94865722296,3600,0.0000,1.0
2000-03-23,16.75,17.38,16.63,17.38,4.09717388269,3100,0.0000,1.0
2000-03-22,16.5,16.5,16.5,16.5,3.88972204053,400,0.0000,1.0
2000-03-21,16.63,17.0,16.5,16.75,3.94865722296,20500,0.0000,1.0
2000-03-20,16.25,17.13,16.25,17.0,4.00759240539,37800,0.0000,1.0
2000-03-17,15.88,15.94,15.63,15.88,3.7435627881,3700,0.0000,1.0
2000-03-16,16.31,16.31,15.63,15.75,3.71291649323,2900,0.0000,1.0
2000-03-15,16.44,16.44,15.56,15.94,3.75770723188,17000,0.0000,1.0
2000-03-14,15.63,15.88,15.38,15.38,3.62569242323,63100,0.0000,1.0
2000-03-13,15.75,15.75,15.5,15.5,3.6539813108,49700,0.0000,1.0
2000-03-10,16.0,16.13,15.5,15.5,3.6539813108,11000,0.0000,1.0
2000-03-09,15.38,16.0,15.38,15.5,3.6539813108,6800,0.0000,1.0
2000-03-08,16.47,16.69,14.0,15.0,3.53611094594,25000,0.0000,1.0
2000-03-07,15.75,16.5,15.75,16.0,3.77185167567,3700,0.0000,1.0
2000-03-06,15.0,15.5,15.0,15.5,3.6539813108,300,0.0000,1.0
2000-03-03,14.25,16.5,14.25,16.5,3.88972204053,11200,0.0000,1.0
2000-03-02,15.0,15.0,14.06,14.44,3.40409613729,6400,0.0000,1.0
2000-03-01,15.13,15.13,15.13,15.13,3.5667572408,600,0.0000,1.0
2000-02-29,15.5,15.5,15.0,15.5,3.6539813108,2000,0.0000,1.0
2000-02-28,15.25,15.25,15.25,15.25,3.59504612837,2300,0.0000,1.0
2000-02-25,14.5,14.75,14.5,14.63,3.44888687594,7300,0.0000,1.0
2000-02-24,14.81,15.0,14.13,14.5,3.41824058107,9200,0.0000,1.0
2000-02-23,15.31,16.0,14.88,14.88,3.50782205837,5700,0.0000,1.0
2000-02-22,16.0,16.0,14.75,15.06,3.55025538972,18100,0.0000,1.0
2000-02-18,16.31,17.25,16.12,16.12,3.80014056323,61600,0.0000,1.0
2000-02-17,16.88,17.0,16.44,16.44,3.87557759675,30000,0.0000,1.0
2000-02-16,17.5,17.5,17.0,17.0,4.00759240539,227300,0.0000,1.0
2000-02-15,17.25,17.75,17.25,17.31,4.08067203161,27100,0.0000,1.0
2000-02-14,17.63,18.0,17.56,17.88,4.21504424756,21300,0.0000,1.0
2000-02-11,17.75,18.0,17.75,17.81,4.19854239648,5100,0.0000,1.0
2000-02-10,17.75,18.0,17.75,17.88,4.21504424756,19200,0.0000,1.0
2000-02-09,17.75,17.75,17.75,17.75,4.18439795269,1700,0.0000,1.0
2000-02-08,18.0,18.5,17.75,17.75,4.18439795269,55300,0.0000,1.0
2000-02-07,18.13,18.13,18.0,18.0,4.24333313512,56300,0.0000,1.0
2000-02-04,18.75,18.75,18.5,18.75,4.42013868242,9400,0.0000,1.0
2000-02-03,18.38,18.63,18.0,18.63,4.39184979485,5400,0.0000,1.0
2000-02-02,18.5,18.56,18.5,18.56,4.37534794377,3500,0.0500,1.0
2000-02-01,17.75,18.38,17.75,18.38,4.32127325129,14900,0.0000,1.0
2000-01-31,17.63,19.5,17.63,17.94,4.2178260135,49000,0.0000,1.0
2000-01-28,18.38,18.38,18.38,18.38,4.32127325129,0,0.0000,1.0
2000-01-27,17.63,18.38,17.63,18.38,4.32127325129,500,0.0000,1.0
2000-01-26,17.88,18.0,17.81,17.81,4.18726205688,32300,0.0000,1.0
2000-01-25,18.5,18.5,17.63,17.63,4.14494273233,8400,0.0000,1.0
2000-01-24,18.0,18.5,18.0,18.5,4.34948613432,87100,0.0000,1.0
2000-01-21,17.84,18.28,17.84,18.28,4.29776251543,2500,0.0000,1.0
2000-01-20,17.81,17.81,17.75,17.75,4.17315561537,800,0.0000,1.0
2000-01-19,17.5,18.0,17.5,18.0,4.23193245502,89300,0.0000,1.0
2000-01-18,17.31,17.94,17.31,17.94,4.2178260135,74600,0.0000,1.0
2000-01-14,17.38,17.75,17.31,17.38,4.08616589268,12100,0.0000,1.0
2000-01-13,17.94,18.13,17.38,17.38,4.08616589268,34400,0.0000,1.0
2000-01-12,17.81,18.0,17.31,17.31,4.06970837758,3500,0.0000,1.0
2000-01-11,17.81,18.13,17.81,17.81,4.18726205688,20700,0.0000,1.0
2000-01-10,19.5,19.5,18.0,18.25,4.29070929467,30800,0.0000,1.0
2000-01-07,19.0,19.81,19.0,19.0,4.46703981363,900,0.0000,1.0
2000-01-06,19.0,20.0,19.0,19.13,4.49760377025,65500,0.0000,1.0
2000-01-05,18.63,18.88,18.63,18.75,4.40826297398,79200,0.0000,1.0
2000-01-04,18.94,19.13,18.75,18.88,4.4388269306,27800,0.0000,1.0
2000-01-03,19.75,20.0,18.88,18.88,4.4388269306,13400,0.0000,1.0
1999-12-31,20.25,20.56,19.0,19.0,4.46703981363,9300,0.0000,1.0
1999-12-30,19.31,20.0,19.25,19.25,4.52581665328,2500,0.0000,1.0
1999-12-29,19.5,19.5,19.0,19.25,4.52581665328,3800,0.0000,1.0
1999-12-28,19.19,20.13,19.13,20.13,4.73271112886,18200,0.0000,1.0
1999-12-27,19.0,19.5,18.88,19.5,4.58459349294,26700,0.0000,1.0
1999-12-23,19.44,19.88,19.0,19.13,4.49760377025,66900,0.0000,1.0
1999-12-22,19.06,19.75,19.06,19.75,4.64337033259,13100,0.0000,1.0
1999-12-21,19.19,19.75,19.13,19.38,4.5563806099,27100,0.0000,1.0
1999-12-20,18.88,19.5,18.38,19.19,4.51171021177,10400,0.0000,1.0
1999-12-17,18.25,19.13,18.25,18.75,4.40826297398,4600,0.0000,1.0
1999-12-16,18.13,18.5,18.13,18.44,4.33537969281,11100,0.0000,1.0
1999-12-15,18.0,18.63,18.0,18.5,4.34948613432,5700,0.0000,1.0
1999-12-14,18.75,18.75,17.88,18.19,4.27660285316,7200,0.0000,1.0
1999-12-13,19.5,20.31,17.75,18.0,4.23193245502,27800,0.0000,1.0
1999-12-10,19.13,19.13,19.13,19.13,4.49760377025,600,0.0000,1.0
1999-12-09,19.13,20.0,19.13,19.38,4.5563806099,6500,0.0000,1.0
1999-12-08,19.75,19.88,19.5,19.5,4.58459349294,8700,0.0000,1.0
1999-12-07,18.75,20.0,18.75,20.0,4.70214717224,30000,0.0000,1.0
1999-12-06,19.63,19.69,18.5,18.5,4.34948613432,14600,0.0000,1.0
1999-12-03,19.13,19.25,18.5,19.25,4.52581665328,7400,0.0000,1.0
1999-12-02,18.0,18.69,18.0,18.56,4.36359257584,15400,0.0000,1.0
1999-12-01,18.38,18.38,18.0,18.0,4.23193245502,1600,0.0000,1.0
1999-11-30,19.31,19.31,18.88,18.88,4.4388269306,4500,0.0000,1.0
1999-11-29,17.75,19.88,17.38,18.94,4.45293337211,32200,0.0000,1.0
1999-11-26,17.75,17.75,17.75,17.75,4.17315561537,1300,0.0000,1.0
1999-11-24,17.38,18.0,17.25,18.0,4.23193245502,35700,0.0000,1.0
1999-11-23,17.25,17.88,17.25,17.88,4.20371957199,10300,0.0000,1.0
1999-11-22,17.38,17.63,17.25,17.25,4.05560193606,65900,0.0000,1.0
1999-11-19,18.38,18.5,17.25,17.63,4.14494273233,39000,0.0000,1.0
1999-11-18,17.38,17.63,16.5,17.25,4.05560193606,17700,0.0000,1.0
1999-11-17,16.88,18.25,16.75,16.88,3.96861221337,4700,0.0000,1.0
1999-11-16,16.75,16.88,16.25,16.31,3.83460101896,10000,0.0000,1.0
1999-11-15,15.94,16.0,15.69,16.0,3.76171773779,21900,0.0000,1.0
1999-11-12,15.94,16.25,15.75,15.88,3.73350485476,13700,0.0000,1.0
1999-11-11,15.75,16.5,15.75,15.88,3.73350485476,11000,0.0000,1.0
1999-11-10,15.69,15.88,15.69,15.88,3.73350485476,4100,0.0000,1.0
1999-11-09,15.69,15.69,15.38,15.44,3.63005761697,7300,0.0000,1.0
1999-11-08,15.75,15.88,15.5,15.5,3.64416405849,42000,0.0000,1.0
1999-11-05,15.88,15.88,15.88,15.88,3.73350485476,2800,0.0000,1.0
1999-11-04,15.81,16.38,15.81,15.81,3.71704733966,6700,0.0000,1.0
1999-11-03,15.81,15.81,15.5,15.5,3.64416405849,900,0.0000,1.0
1999-11-02,15.5,16.0,15.0,15.63,3.67472801511,25900,0.0500,1.0
1999-11-01,16.5,16.5,13.25,13.25,3.10523891583,36600,0.0000,1.0
