timestamp,open,high,low,close,adjusted_close,volume,dividend_amount,split_coefficient
2020-12-11,14.14,14.21,14.03,14.2,14.2,7419,0.0000,1.0
2020-12-10,14.17,14.37,14.06,14.33,14.33,24108,0.0000,1.0
2020-12-09,14.35,14.44,14.08,14.3,14.3,31949,0.0000,1.0
2020-12-08,13.94,14.29,13.94,14.19,14.19,12808,0.0000,1.0
2020-12-07,14.01,14.12,13.87,13.99,13.99,59552,0.0000,1.0
2020-12-04,14.14,14.29,14.05,14.29,14.29,22468,0.0000,1.0
2020-12-03,14.05,14.19,13.98,14.06,14.06,9158,0.0000,1.0
2020-12-02,14.0,14.19,13.99,14.07,14.07,29561,0.0000,1.0
2020-12-01,14.04,14.1375,13.9,13.96,13.96,66799,0.0000,1.0
2020-11-30,13.92,14.06,13.59,13.85,13.85,32029,0.0000,1.0
2020-11-27,13.9,14.25,13.58,13.89,13.89,11601,0.0000,1.0
2020-11-25,14.22,14.22,13.76,13.86,13.86,14040,0.0000,1.0
2020-11-24,13.65,14.47,13.5,14.2,14.2,38738,0.0000,1.0
2020-11-23,13.2,13.54,13.18,13.5,13.5,11506,0.0000,1.0
2020-11-20,13.28,13.28,13.1,13.21,13.21,14398,0.0000,1.0
2020-11-19,13.41,13.58,13.16,13.54,13.54,17861,0.0000,1.0
2020-11-18,13.83,13.83,13.26,13.46,13.46,10232,0.0000,1.0
2020-11-17,13.05,13.64,12.8828,13.41,13.41,24806,0.0000,1.0
2020-11-16,13.03,13.19,12.66,13.19,13.19,21323,0.0000,1.0
2020-11-13,12.39,12.8,12.38,12.64,12.64,14928,0.0000,1.0
2020-11-12,12.52,12.52,12.24,12.42,12.42,25774,0.1200,1.0
2020-11-11,12.87,12.87,12.51,12.77,12.6477990431,20877,0.0000,1.0
2020-11-10,13.09,13.43,12.95,13.0,12.8755980861,43040,0.0000,1.0
2020-11-09,11.38,13.1,11.38,13.03,12.9053110048,49753,0.0000,1.0
2020-11-06,11.49,11.49,10.57,10.76,10.6570334928,16469,0.0000,1.0
2020-11-05,10.9,11.63,10.89,11.33,11.2215789474,16677,0.0000,1.0
2020-11-04,11.42,11.46,10.87,10.94,10.8353110048,10477,0.0000,1.0
2020-11-03,11.21,11.75,11.14,11.7,11.5880382775,23881,0.0000,1.0
2020-11-02,11.0,11.13,10.71,10.99,10.8848325359,7970,0.0000,1.0
2020-10-30,10.34,10.92,10.32,10.82,10.7164593301,19277,0.0000,1.0
2020-10-29,10.36,10.485,10.25,10.44,10.3400956938,49887,0.0000,1.0
2020-10-28,10.82,10.97,10.31,10.46,10.3599043062,28650,0.0000,1.0
2020-10-27,11.18,11.18,10.76,10.77,10.666937799,10626,0.0000,1.0
2020-10-26,11.39,11.39,11.13,11.14,11.0333971292,20249,0.0000,1.0
2020-10-23,11.74,12.28,11.19,11.48,11.3701435407,89947,0.0000,1.0
2020-10-22,11.91,11.97,11.64,11.64,11.5286124402,18691,0.0000,1.0
2020-10-21,11.6,11.83,11.6,11.655,11.5434688995,23422,0.0000,1.0
2020-10-20,11.47,11.82,11.4,11.48,11.3701435407,32770,0.0000,1.0
2020-10-19,11.92,12.12,11.01,11.3,11.1918660287,26171,0.0000,1.0
2020-10-16,11.51,12.345,11.45,11.83,11.7167942584,63146,0.0000,1.0
2020-10-15,11.55,11.81,11.45,11.5,11.3899521531,31781,0.0000,1.0
2020-10-14,11.81,12.3,11.81,12.06,11.9445933014,23192,0.0000,1.0
2020-10-13,11.76,12.15,11.76,11.97,11.8554545455,41056,0.0000,1.0
2020-10-12,11.91,12.0,11.77,11.86,11.746507177,22434,0.0000,1.0
2020-10-09,11.61,11.97,11.61,11.82,11.7068899522,29438,0.0000,1.0
2020-10-08,11.87,12.02,11.8,11.9,11.7861244019,29841,0.0000,1.0
2020-10-07,11.27,11.91,11.27,11.76,11.6474641148,59060,0.0000,1.0
2020-10-06,11.4,11.66,11.12,11.17,11.0631100478,38776,0.0000,1.0
2020-10-05,11.08,11.4,11.0202,11.33,11.2215789474,31645,0.0000,1.0
2020-10-02,10.83,11.24,10.83,11.2,11.0928229665,35276,0.0000,1.0
2020-10-01,10.8,11.04,10.8,10.95,10.845215311,27249,0.0000,1.0
2020-09-30,10.71,11.3,10.71,10.98,10.8749282297,23943,0.0000,1.0
2020-09-29,10.33,10.74,10.3,10.63,10.528277512,14376,0.0000,1.0
2020-09-28,10.25,10.68,10.06,10.54,10.439138756,43618,0.0000,1.0
2020-09-25,9.77,10.11,9.77,9.9,9.80526315789,37320,0.0000,1.0
2020-09-24,10.0402,10.05,9.72,9.77,9.67650717703,34202,0.0000,1.0
2020-09-23,10.2,10.2,9.75,9.78,9.68641148325,29494,0.0000,1.0
2020-09-22,10.02,10.115,9.88,9.98,9.88449760766,43435,0.0000,1.0
2020-09-21,10.51,10.53,9.91,9.97,9.87459330144,46609,0.0000,1.0
2020-09-18,11.39,11.39,10.5,10.64,10.5381818182,211471,0.0000,1.0
2020-09-17,11.19,11.7706,11.1,11.3,11.1918660287,132034,0.0000,1.0
2020-09-16,11.09,11.59,11.09,11.21,11.1027272727,26146,0.0000,1.0
2020-09-15,10.97,11.1399,10.93,11.07,10.9640669856,47577,0.0000,1.0
2020-09-14,10.72,11.0,10.67,10.98,10.8749282297,39332,0.0000,1.0
2020-09-11,10.55,10.94,10.445,10.56,10.4589473684,50091,0.0000,1.0
2020-09-10,10.3,10.46,10.25,10.42,10.3202870813,105072,0.0000,1.0
2020-09-09,10.53,10.61,10.2,10.32,10.2212440191,167336,0.0000,1.0
2020-09-08,10.25,10.605,10.15,10.45,10.35,31716,0.0000,1.0
2020-09-04,10.24,10.64,9.92,10.34,10.2410526316,112505,0.0000,1.0
2020-09-03,10.1,10.32,9.8801,10.04,9.94392344498,21650,0.0000,1.0
2020-09-02,9.87,10.16,9.85,10.12,10.0231578947,197958,0.0000,1.0
2020-09-01,9.69,9.87,9.69,9.78,9.68641148325,27333,0.0000,1.0
2020-08-31,9.93,9.98,9.72,9.75,9.65669856459,41094,0.0000,1.0
2020-08-28,9.76,9.905,9.61,9.87,9.77555023923,17479,0.0000,1.0
2020-08-27,9.7,9.84,9.52,9.72,9.62698564593,45949,0.0000,1.0
2020-08-26,9.83,10.03,9.46,9.63,9.53784688995,19871,0.0000,1.0
2020-08-25,10.1,10.1,9.81,9.83,9.73593301435,17436,0.0000,1.0
2020-08-24,9.79,10.04,9.79,10.0,9.9043062201,11244,0.0000,1.0
2020-08-21,10.05,10.26,9.59,9.73,9.63688995215,38043,0.0000,1.0
2020-08-20,10.13,10.2497,9.97,10.06,9.96373205742,15917,0.0000,1.0
2020-08-19,10.34,10.56,10.16,10.26,10.1618181818,21933,0.0000,1.0
2020-08-18,10.28,10.62,10.21,10.25,10.1519138756,52944,0.0000,1.0
2020-08-17,10.52,10.54,10.4,10.41,10.3103827751,26750,0.0000,1.0
2020-08-14,10.08,10.72,10.02,10.58,10.4787559809,67995,0.0000,1.0
2020-08-13,10.27,10.34,10.02,10.11,10.0132535885,45624,0.1200,1.0
2020-08-12,10.1,10.52,10.0735,10.3,10.0817704752,153332,0.0000,1.0
2020-08-11,10.23,10.3499,9.89,9.89,9.68045728157,88660,0.0000,1.0
2020-08-10,9.83,10.315,9.83,10.05,9.83706730837,44087,0.0000,1.0
2020-08-07,9.8,10.11,9.65,9.83,9.62172852152,102496,0.0000,1.0
2020-08-06,9.76,9.93,9.51,9.76,9.55321163479,27489,0.0000,1.0
2020-08-05,9.35,9.62,9.26,9.58,9.37702535464,35331,0.0000,1.0
2020-08-04,9.28,9.39,9.2,9.35,9.15189844112,13225,0.0000,1.0
2020-08-03,9.41,9.71,9.33,9.39,9.19105094782,30005,0.0000,1.0
2020-07-31,9.66,9.92,9.2,9.27,9.07359342772,21397,0.0000,1.0
2020-07-30,9.65,10.4088,9.52,9.77,9.56299976147,24807,0.0000,1.0
2020-07-29,9.55,9.87,9.5238,9.78,9.57278788814,15151,0.0000,1.0
2020-07-28,9.48,9.69,9.48,9.6,9.39660160799,7516,0.0000,1.0
2020-07-27,9.45,9.58,9.42,9.58,9.37702535464,30221,0.0000,1.0
2020-07-24,9.63,9.66,9.455,9.49,9.28893221457,12502,0.0000,1.0
2020-07-23,9.41,9.7308,9.3,9.31,9.11274593442,9765,0.0000,1.0
2020-07-22,9.53,9.65,9.37,9.49,9.28893221457,12749,0.0000,1.0
2020-07-21,9.48,9.68,9.46,9.66,9.45533036804,23087,0.0000,1.0
2020-07-20,9.33,9.6,9.25,9.38,9.18126282114,8154,0.0000,1.0
2020-07-17,9.71,9.84,9.32,9.44,9.23999158119,30719,0.0000,1.0
2020-07-16,9.71,9.89,9.56,9.76,9.55321163479,20066,0.0000,1.0
2020-07-15,9.92,9.92,9.58,9.74,9.53363538144,31363,0.0000,1.0
2020-07-14,9.51,9.57,9.14,9.57,9.36723722797,10903,0.0000,1.0
2020-07-13,9.81,9.81,9.5,9.65,9.44554224137,23169,0.0000,1.0
2020-07-10,9.41,9.74,9.4,9.74,9.53363538144,45534,0.0000,1.0
2020-07-09,9.4,9.86,9.27,9.35,9.15189844112,57985,0.0000,1.0
2020-07-08,9.74,9.8,9.17,9.39,9.19105094782,15944,0.0000,1.0
2020-07-07,10.52,10.79,9.74,9.75,9.54342350812,20431,0.0000,1.0
2020-07-06,10.73,10.73,10.41,10.56,10.3362617688,8594,0.0000,1.0
2020-07-02,11.01,11.01,10.47,10.47,10.2481686287,32932,0.0000,1.0
2020-07-01,11.0,11.0,10.39,10.71,10.4830836689,46804,0.0000,1.0
2020-06-30,10.84,11.18,10.84,11.09,10.8550324826,19684,0.0000,1.0
2020-06-29,10.66,11.15,10.66,10.96,10.7277868358,41669,0.0000,1.0
2020-06-26,9.92,11.62,9.69,10.96,10.7277868358,150534,0.0000,1.0
2020-06-25,9.78,10.1,9.72,10.1,9.88600794174,39568,0.0000,1.0
2020-06-24,10.07,10.07,9.68,9.88,9.67066915489,26789,0.0000,1.0
2020-06-23,10.29,10.37,9.98,10.19,9.97410108182,32268,0.0000,1.0
2020-06-22,9.78,10.27,9.76,10.13,9.91537232177,12995,0.0000,1.0
2020-06-19,10.27,10.27,9.84,9.92,9.70982166159,50805,0.0000,1.0
2020-06-18,10.06,10.49,10.01,10.07,9.85664356172,53794,0.0000,1.0
2020-06-17,10.34,10.4,10.17,10.2,9.98388920849,7651,0.0000,1.0
2020-06-16,10.73,10.73,10.25,10.57,10.3460498955,31860,0.0000,1.0
2020-06-15,9.7,10.67,9.7,10.26,10.0426179685,20438,0.0000,1.0
2020-06-12,10.34,10.34,9.6,10.01,9.79791480167,23702,0.0000,1.0
2020-06-11,10.66,10.66,9.5,9.85,9.64130477487,34330,0.0000,1.0
2020-06-10,12.27,12.4,11.11,11.24,11.0018543827,34494,0.0000,1.0
2020-06-09,11.5,12.35,11.04,12.35,12.0883364436,72363,0.0000,1.0
2020-06-08,11.73,11.75,11.27,11.6,11.354226943,21973,0.0000,1.0
2020-06-05,11.1,11.49,10.57,11.43,11.1878287895,30272,0.0000,1.0
2020-06-04,10.05,10.45,10.05,10.45,10.2285923754,20117,0.0000,1.0
2020-06-03,10.74,10.74,10.17,10.24,10.0230417152,32825,0.0000,1.0
2020-06-02,10.37,10.5,10.09,10.41,10.1894398687,65038,0.0000,1.0
2020-06-01,10.09,10.5,10.01,10.19,9.97410108182,70249,0.0000,1.0
2020-05-29,10.23,10.42,9.86,10.0,9.78812667499,21024,0.0000,1.0
2020-05-28,9.61,10.49,9.46,10.2,9.98388920849,38884,0.0000,1.0
2020-05-27,8.67,9.59,8.47,9.42,9.22041532784,36397,0.0000,1.0
2020-05-26,8.88,8.88,8.18,8.38,8.20245015364,180067,0.0000,1.0
2020-05-22,8.67,8.72,8.31,8.44,8.26117891369,33026,0.0000,1.0
2020-05-21,8.81,9.21,8.55,8.61,8.42757706717,56588,0.0000,1.0
2020-05-20,8.87,9.22,8.8,8.98,8.78973775414,27844,0.0000,1.0
2020-05-19,9.13,9.25,8.56,8.59,8.40800081382,27211,0.0000,1.0
2020-05-18,9.04,9.5,9.04,9.28,9.08338155439,48334,0.0000,1.0
2020-05-15,8.57,8.77,8.44,8.71,8.52545833392,14370,0.0000,1.0
2020-05-14,8.51,8.75,8.0,8.55,8.36884830712,39573,0.1200,1.0
2020-05-13,8.91,9.1,8.75,8.77,8.46537481585,23690,0.0000,1.0
2020-05-12,9.31,9.45,9.02,9.02,8.70669108768,29099,0.0000,1.0
2020-05-11,9.22,9.48,9.16,9.18,8.86113350165,30646,0.0000,1.0
2020-05-08,9.51,9.66,9.45,9.48,9.15071302785,33625,0.0000,1.0
2020-05-07,9.36,9.52,9.11,9.22,8.89974410515,17502,0.0000,1.0
2020-05-06,9.22,9.44,9.12,9.21,8.89009145427,22471,0.0000,1.0
2020-05-05,10.25,10.49,9.12,9.25,8.92870205777,24473,0.0000,1.0
2020-05-04,9.98,10.05,9.89,10.04,9.69126147675,9464,0.0000,1.0
2020-05-01,10.79,10.9,9.79,10.13,9.77813533461,33598,0.0000,1.0
2020-04-30,11.1,11.75,10.68,11.1,10.7144424693,34322,0.0000,1.0
2020-04-29,11.27,12.15,11.27,11.66,11.2549909182,29916,0.0000,1.0
2020-04-28,10.72,10.79,9.72,10.72,10.3476417361,12878,0.0000,1.0
2020-04-27,9.75,10.85,9.64,10.32,9.96153570121,25069,0.0000,1.0
2020-04-24,8.93,9.75,8.85,9.6,9.26654483833,18702,0.0000,1.0
2020-04-23,8.74,9.12,8.74,8.97,8.65842783332,23443,0.0000,1.0
2020-04-22,8.87,8.97,8.73,8.86,8.55224867371,16792,0.0000,1.0
2020-04-21,8.47,9.03,8.47,8.85,8.54259602284,30147,0.0000,1.0
2020-04-20,8.48,9.08,8.48,8.89,8.58120662633,50893,0.0000,1.0
2020-04-17,8.35,8.96,8.19,8.8,8.49433276847,66898,0.0000,1.0
2020-04-16,8.65,8.8,8.0,8.19,7.9055210652,66508,0.0000,1.0
2020-04-15,9.51,9.52,8.75,8.84,8.53294337196,27455,0.0000,1.0
2020-04-14,10.21,10.63,9.75,9.82,9.47890315754,11425,0.0000,1.0
2020-04-13,9.97,10.64,9.93,9.94,9.59473496802,23386,0.0000,1.0
2020-04-09,10.29,11.29,9.79,10.23,9.87466184335,22734,0.0000,1.0
2020-04-08,9.7,10.28,9.7,10.28,9.92292509771,20469,0.0000,1.0
2020-04-07,8.97,9.99,8.74,9.95,9.6043876189,46105,0.0000,1.0
2020-04-06,9.02,9.91,8.87,9.06,8.74530169118,55505,0.0000,1.0
2020-04-03,9.06,9.06,8.48,8.59,8.29162710013,19524,0.0000,1.0
2020-04-02,8.65,9.47,8.55,9.47,9.14106037698,23762,0.0000,1.0
2020-04-01,9.81,10.78,8.7,9.07,8.75495434205,49133,0.0000,1.0
2020-03-31,10.35,10.85,10.03,10.85,10.4731261975,48786,0.0000,1.0
2020-03-30,10.04,10.9,9.74,10.57,10.202851973,24764,0.0000,1.0
2020-03-27,9.47,10.59,9.47,9.79,9.44994520492,55479,0.0000,1.0
2020-03-26,9.5,10.56,9.38,10.51,10.1449360678,39870,0.0000,1.0
2020-03-25,8.93,9.83,8.93,9.16,8.84182819991,16260,0.0000,1.0
2020-03-24,8.56,9.26,8.18,9.1,8.78391229467,32379,0.0000,1.0
2020-03-23,9.37,9.37,7.63,7.79,7.51941503027,48451,0.0000,1.0
2020-03-20,8.94,10.29,8.53,9.15,8.83217554903,55653,0.0000,1.0
2020-03-19,9.53,9.53,8.08,9.14,8.82252289816,53810,0.0000,1.0
2020-03-18,12.88,13.15,9.15,9.22,8.89974410515,28258,0.0000,1.0
2020-03-17,11.53,15.0,10.23,14.37,13.8708593049,37340,0.0000,1.0
2020-03-16,10.17,11.53,9.32,10.63,10.2607678783,37811,0.0000,1.0
2020-03-13,9.33,12.04,9.32,11.22,10.8302742798,29575,0.0000,1.0
2020-03-12,11.08,11.12,8.56,9.96,9.61404026977,44260,0.0000,1.0
2020-03-11,12.9,12.9,11.22,11.27,10.8785375342,17053,0.0000,1.0
2020-03-10,14.24,14.68,12.73,13.12,12.6642779457,21529,0.0000,1.0
2020-03-09,13.66,14.33,13.52,14.0,13.5137112226,27206,0.0000,1.0
2020-03-06,14.27,15.09,13.76,15.09,14.5658501678,25380,0.0000,1.0
2020-03-05,14.93,15.21,14.25,14.5,13.9963437662,25139,0.0000,1.0
2020-03-04,15.0,15.69,14.6,15.14,14.6141134221,42153,0.0000,1.0
2020-03-03,15.38,15.38,14.72,14.84,14.3245338959,24336,0.0000,1.0
2020-03-02,15.58,15.61,15.05,15.5,14.9616088536,24443,0.0000,1.0
2020-02-28,15.22,15.56,15.0,15.56,15.0195247588,39698,0.0000,1.0
2020-02-27,15.43,15.81,15.25,15.5,14.9616088536,31579,0.0000,1.0
2020-02-26,15.83,15.83,15.55,15.61,15.0677880132,28551,0.0000,1.0
2020-02-25,15.89,15.9,15.5,15.6,15.0581353623,15905,0.0000,1.0
2020-02-24,15.85,16.0,15.7,15.8,15.2511883798,17901,0.0000,1.0
2020-02-21,16.19,16.19,16.0,16.0,15.4442413972,16634,0.0000,1.0
2020-02-20,15.91,16.17,15.91,16.09,15.5311152551,14454,0.0000,1.0
2020-02-19,16.13,16.13,15.89,15.89,15.3380622376,10337,0.1200,1.0
2020-02-18,16.17,16.2,16.0,16.15,15.4721864546,13447,0.0000,1.0
2020-02-14,16.25,16.26,16.11,16.15,15.4721864546,9847,0.0000,1.0
2020-02-13,16.22,16.28,16.14,16.26,15.5775697679,11741,0.0000,1.0
2020-02-12,16.32,16.32,16.2,16.23,15.5488288642,13126,0.0000,1.0
2020-02-11,16.32,16.4,16.23,16.23,15.5488288642,10928,0.0000,1.0
2020-02-10,16.25,16.3,16.19,16.3,15.6158909727,10843,0.0000,1.0
2020-02-07,16.33,16.33,16.23,16.25,15.5679894667,8177,0.0000,1.0
2020-02-06,16.44,16.51,16.22,16.32,15.6350515751,19857,0.0000,1.0
2020-02-05,16.31,16.51,16.31,16.38,15.6925333824,22299,0.0000,1.0
2020-02-04,16.38,16.38,16.22,16.23,15.5488288642,13592,0.0000,1.0
2020-02-03,16.23,16.33,16.15,16.25,15.5679894667,23479,0.0000,1.0
2020-01-31,16.07,16.79,16.05,16.25,15.5679894667,33704,0.0000,1.0
2020-01-30,16.0,16.21,15.9,16.21,15.5296682618,18742,0.0000,1.0
2020-01-29,16.08,16.29,16.02,16.15,15.4721864546,8540,0.0000,1.0
2020-01-28,16.2,16.25,16.07,16.23,15.5488288642,10890,0.0000,1.0
2020-01-27,16.18,16.38,16.18,16.18,15.5009273582,10017,0.0000,1.0
2020-01-24,16.22,16.35,16.2,16.28,15.5967303703,11421,0.0000,1.0
2020-01-23,16.18,16.39,16.1,16.31,15.6254712739,30151,0.0000,1.0
2020-01-22,16.18,16.47,16.18,16.35,15.6637924788,12230,0.0000,1.0
2020-01-21,15.62,16.47,15.62,16.36,15.67337278,11369,0.0000,1.0
2020-01-17,16.73,16.74,16.25,16.39,15.7021136836,21012,0.0000,1.0
2020-01-16,16.69,16.75,16.47,16.61,15.9128803102,9670,0.0000,1.0
2020-01-15,16.56,16.81,16.46,16.56,15.8649788042,6243,0.0000,1.0
2020-01-14,16.8,16.88,16.51,16.63,15.9320409126,14389,0.0000,1.0
2020-01-13,16.43,16.94,16.22,16.94,16.2290302502,17430,0.0000,1.0
2020-01-10,16.47,16.53,16.32,16.5,15.8074969969,25395,0.0000,1.0
2020-01-09,16.43,16.61,16.43,16.53,15.8362379005,10256,0.0000,1.0
2020-01-08,16.4,16.5,16.38,16.4,15.7116939848,7192,0.0000,1.0
2020-01-07,16.54,16.57,16.31,16.31,15.6254712739,10106,0.0000,1.0
2020-01-06,16.78,16.94,16.59,16.59,15.8937197078,9317,0.0000,1.0
2020-01-03,16.98,16.98,16.72,16.88,16.1715484429,12791,0.0000,1.0
2020-01-02,17.56,17.56,17.05,17.05,16.3344135635,10230,0.0000,1.0
2019-12-31,17.06,17.47,17.06,17.36,16.631402901,8992,0.0000,1.0
2019-12-30,17.57,17.57,17.24,17.28,16.5547604913,4857,0.0000,1.0
2019-12-27,17.44,17.59,17.32,17.34,16.6122422986,6233,0.0000,1.0
2019-12-26,17.4,17.57,17.22,17.45,16.7176256119,9595,0.0000,1.0
2019-12-24,16.97,17.15,16.97,17.15,16.4302165756,3688,0.0000,1.0
2019-12-23,17.12,17.25,17.05,17.15,16.4302165756,16171,0.0000,1.0
2019-12-20,17.16,17.49,17.02,17.24,16.5164392865,46708,0.0000,1.0
2019-12-19,17.51,17.55,17.16,17.16,16.4397968768,6513,0.0000,1.0
2019-12-18,17.83,17.83,17.35,17.35,16.6218225998,13701,0.0000,1.0
2019-12-17,17.54,17.9,17.49,17.7,16.9571331421,13857,0.0000,1.0
2019-12-16,17.72,17.79,17.5,17.66,16.9188119373,13975,0.0000,1.0
2019-12-13,17.28,17.88,16.95,17.72,16.9762937446,31264,0.0000,1.0
2019-12-12,17.13,17.27,16.61,17.06,16.3439938647,6968,0.0000,1.0
2019-12-11,16.91,17.09,16.76,16.92,16.2098696477,4685,0.0000,1.0
2019-12-10,16.77,16.89,16.76,16.89,16.1811287441,3687,0.0000,1.0
2019-12-09,16.97,16.97,16.75,16.78,16.0757454308,6632,0.0000,1.0
2019-12-06,16.8,17.14,16.72,16.82,16.1140666356,15712,0.0000,1.0
2019-12-05,16.64,16.66,16.59,16.61,15.9128803102,5528,0.0000,1.0
2019-12-04,16.49,16.76,16.47,16.59,15.8937197078,8061,0.0000,1.0
2019-12-03,16.27,16.48,16.27,16.45,15.7595954909,7863,0.0000,1.0
2019-12-02,16.92,16.92,16.54,16.6,15.903300009,10708,0.0000,1.0
2019-11-29,17.12,17.12,16.68,16.74,16.037424226,8083,0.0000,1.0
2019-11-27,17.46,17.46,16.9,16.99,16.2769317562,10092,0.0000,1.0
2019-11-26,16.98,17.75,16.71,17.33,16.6026619974,28411,0.0000,1.0
2019-11-25,16.25,16.93,16.25,16.9,16.1907090453,14650,0.0000,1.0
2019-11-22,16.35,16.4,16.22,16.3,15.6158909727,7381,0.0000,1.0
2019-11-21,16.44,16.44,16.21,16.22,15.539248563,13760,0.0000,1.0
2019-11-20,16.48,16.5,16.28,16.33,15.6446318763,27157,0.0000,1.0
2019-11-19,16.45,16.5,16.36,16.39,15.7021136836,43287,0.0000,1.0
2019-11-18,16.31,16.48,16.25,16.41,15.721274286,57801,0.0000,1.0
2019-11-15,16.39,16.47,16.32,16.4,15.7116939848,12677,0.0000,1.0
2019-11-14,16.06,16.37,16.06,16.28,15.5967303703,25016,0.1200,1.0
2019-11-13,16.25,16.42,16.25,16.26,15.4635875501,24828,0.0000,1.0
2019-11-12,16.25,16.42,16.25,16.35,15.5491793631,24369,0.0000,1.0
2019-11-11,16.17,16.35,16.14,16.3,15.5016283558,20096,0.0000,1.0
2019-11-08,16.14,16.31,16.14,16.25,15.4540773486,29557,0.0000,1.0
2019-11-07,16.2,16.45,16.17,16.25,15.4540773486,26034,0.0000,1.0
2019-11-06,16.16,16.32,16.1,16.22,15.4255467443,24731,0.0000,1.0
2019-11-05,16.49,16.49,16.14,16.26,15.4635875501,32254,0.0000,1.0
2019-11-04,16.34,16.46,16.13,16.41,15.6062405717,39434,0.0000,1.0
2019-11-01,15.79,16.27,15.52,16.19,15.3970161399,48952,0.0000,1.0
2019-10-31,15.71,15.71,15.48,15.61,14.8454244561,36076,0.0000,1.0
2019-10-30,15.71,15.86,15.63,15.7,14.9310162691,30040,0.0000,1.0
2019-10-29,15.81,15.99,15.74,15.79,15.0166080821,15101,0.0000,1.0
2019-10-28,16.01,16.01,15.81,15.9,15.121220298,14187,0.0000,1.0
2019-10-25,15.7,16.45,15.7,15.9,15.121220298,40562,0.0000,1.0
2019-10-24,15.56,15.77,15.56,15.66,14.8929754633,44775,0.0000,1.0
2019-10-23,15.51,15.66,15.51,15.65,14.8834652619,14029,0.0000,1.0
2019-10-22,15.47,15.85,15.47,15.71,14.9405264706,47401,0.0000,1.0
2019-10-21,15.99,16.0,15.69,15.85,15.0736692908,32737,0.0000,1.0
2019-10-18,15.59,15.95,15.35,15.86,15.0831794922,315230,0.0000,1.0
2019-10-17,15.7,15.73,15.5,15.7,14.9310162691,10502,0.0000,1.0
2019-10-16,15.49,15.78,15.47,15.77,14.9975876792,23352,0.0000,1.0
2019-10-15,15.49,15.7,15.45,15.6,14.8359142547,12293,0.0000,1.0
2019-10-14,15.25,15.6,15.25,15.52,14.7598326431,21573,0.0000,1.0
2019-10-11,15.5,15.6,15.4,15.49,14.7313020388,19758,0.0000,1.0
2019-10-10,15.51,15.55,15.49,15.52,14.7598326431,22417,0.0000,1.0
2019-10-09,15.34,15.5,15.34,15.43,14.6742408301,20425,0.0000,1.0
2019-10-08,15.3,15.42,15.3,15.31,14.5601184128,14758,0.0000,1.0
2019-10-07,15.38,15.56,15.25,15.33,14.5791388156,28493,0.0000,1.0
2019-10-04,15.36,15.4,15.28,15.37,14.6171796214,17159,0.0000,1.0
2019-10-03,15.06,15.21,15.01,15.17,14.4269755925,20401,0.0000,1.0
2019-10-02,15.18,15.24,15.1,15.16,14.4174653911,16806,0.0000,1.0
2019-10-01,15.49,15.5,15.16,15.16,14.4174653911,26088,0.0000,1.0
2019-09-30,15.5,15.63,15.4,15.41,14.6552204272,18956,0.0000,1.0
2019-09-27,15.53,15.63,15.44,15.47,14.7122816359,61603,0.0000,1.0
2019-09-26,15.61,15.75,15.53,15.62,14.8549346576,11713,0.0000,1.0
2019-09-25,15.45,15.7,15.45,15.62,14.8549346576,19670,0.0000,1.0
2019-09-24,15.45,15.76,15.45,15.57,14.8073836503,178885,0.0000,1.0
2019-09-23,15.44,15.52,15.33,15.44,14.6837510315,25436,0.0000,1.0
2019-09-20,15.78,15.81,15.34,15.45,14.693261233,63806,0.0000,1.0
2019-09-19,16.02,16.18,15.78,15.84,15.0641590894,8825,0.0000,1.0
2019-09-18,16.34,16.34,15.89,15.92,15.1402407009,37023,0.0000,1.0
2019-09-17,16.23,16.41,16.23,16.33,15.5301589602,12898,0.0000,1.0
2019-09-16,16.61,16.61,16.42,16.47,15.6633017804,33586,0.0000,1.0
2019-09-13,16.67,17.0,16.53,16.79,15.9676282267,21180,0.0000,1.0
2019-09-12,16.43,16.73,16.39,16.69,15.8725262122,20343,0.0000,1.0
2019-09-11,16.34,16.53,16.21,16.42,15.6157507732,25217,0.0000,1.0
2019-09-10,15.84,16.25,15.84,16.21,15.4160365428,12065,0.0000,1.0
2019-09-09,15.65,15.75,15.55,15.73,14.9595468735,7704,0.0000,1.0
2019-09-06,15.56,15.56,15.41,15.43,14.6742408301,5409,0.0000,1.0
2019-09-05,15.33,15.58,15.33,15.49,14.7313020388,10806,0.0000,1.0
2019-09-04,15.22,15.26,15.05,15.15,14.4079551896,11203,0.0000,1.0
2019-09-03,15.24,15.41,15.11,15.16,14.4174653911,12405,0.0000,1.0
2019-08-30,15.65,15.71,15.26,15.36,14.60766942,13509,0.0000,1.0
2019-08-29,15.35,15.62,15.35,15.47,14.7122816359,10474,0.0000,1.0
2019-08-28,15.13,15.36,15.13,15.36,14.60766942,12675,0.0000,1.0
2019-08-27,15.34,15.34,15.02,15.13,14.3889347867,11996,0.0000,1.0
2019-08-26,15.0,15.28,14.91,15.28,14.5315878084,10742,0.0000,1.0
2019-08-23,15.21,15.21,14.9,14.95,14.2177511607,23822,0.0000,1.0
2019-08-22,15.29,15.33,15.06,15.26,14.5125674055,25592,0.0000,1.0
2019-08-21,15.3,15.38,15.16,15.25,14.5030572041,14180,0.0000,1.0
2019-08-20,15.37,15.37,15.2,15.28,14.5315878084,9662,0.0000,1.0
2019-08-19,15.66,15.78,15.35,15.43,14.6742408301,11469,0.0000,1.0
2019-08-16,15.33,15.57,15.32,15.39,14.6362000243,7126,0.0000,1.0
2019-08-15,15.3,15.3,15.15,15.21,14.4650163983,8243,0.1000,1.0
2019-08-14,15.2,15.41,15.12,15.3,14.4555683144,19453,0.0000,1.0
2019-08-13,15.59,15.59,15.38,15.5,14.6445299917,7037,0.0000,1.0
2019-08-12,15.37,15.48,15.32,15.32,14.4744644822,4641,0.0000,1.0
2019-08-09,15.62,16.07,15.45,15.61,14.7484589143,9478,0.0000,1.0
2019-08-08,15.69,15.94,15.55,15.57,14.7106665788,12009,0.0000,1.0
2019-08-07,15.58,15.58,15.2,15.4,14.5500491531,22974,0.0000,1.0
2019-08-06,15.47,15.61,15.25,15.41,14.559497237,9334,0.0000,1.0
2019-08-05,15.64,15.84,15.33,15.34,14.4933606499,27991,0.0000,1.0
2019-08-02,15.91,16.14,15.77,16.0,15.116934185,18478,0.0000,1.0
2019-08-01,16.43,16.47,15.95,15.95,15.0696937657,17573,0.0000,1.0
2019-07-31,16.32,16.55,16.3,16.4,15.4948575397,34549,0.0000,1.0
2019-07-30,16.34,16.5,16.33,16.41,15.5043056235,12822,0.0000,1.0
2019-07-29,16.5,16.5,16.07,16.25,15.3531362817,8081,0.0000,1.0
2019-07-26,16.31,16.5,16.18,16.25,15.3531362817,12163,0.0000,1.0
2019-07-25,16.39,16.39,16.03,16.38,15.4759613719,4039,0.0000,1.0
2019-07-24,15.9,16.39,15.9,16.18,15.2869996946,6761,0.0000,1.0
2019-07-23,15.96,16.2,15.92,16.19,15.2964477785,12191,0.0000,1.0
2019-07-22,15.91,16.0,15.82,16.0,15.116934185,19704,0.0000,1.0
2019-07-19,15.9,16.03,15.73,16.0,15.116934185,13994,0.0000,1.0
2019-07-18,15.97,16.27,15.66,16.06,15.1736226882,6830,0.0000,1.0
2019-07-17,15.77,16.1,15.6,15.76,14.8901801723,21957,0.0000,1.0
2019-07-16,16.09,16.14,15.82,15.92,15.0413495141,4849,0.0000,1.0
2019-07-15,16.44,16.44,16.02,16.1,15.2114150237,3947,0.0000,1.0
2019-07-12,16.08,16.22,16.0,16.03,15.1452784366,43413,0.0000,1.0
2019-07-11,16.17,16.24,16.03,16.14,15.2492073591,9730,0.0000,1.0
2019-07-10,16.25,16.36,15.99,16.06,15.1736226882,13247,0.0000,1.0
2019-07-09,16.13,16.39,16.12,16.27,15.3720324494,3528,0.0000,1.0
2019-07-08,15.93,16.18,15.93,16.18,15.2869996946,3049,0.0000,1.0
2019-07-05,16.2,16.3,16.18,16.3,15.400376701,4509,0.0000,1.0
2019-07-03,16.22,16.25,15.79,16.2,15.3058958623,2288,0.0000,1.0
2019-07-02,16.19,16.2,16.07,16.1,15.2114150237,8639,0.0000,1.0
2019-07-01,16.43,16.43,16.11,16.25,15.3531362817,12024,0.0000,1.0
2019-06-28,15.81,16.45,15.81,16.34,15.4381690365,82145,0.0000,1.0
2019-06-27,15.88,15.88,15.39,15.78,14.90907634,68706,0.0000,1.0
2019-06-26,15.8,15.8,15.39,15.41,14.559497237,4512,0.0000,1.0
2019-06-25,15.41,15.8,15.24,15.65,14.7862512497,5400,0.0000,1.0
2019-06-24,15.76,15.95,14.9,15.5,14.6445299917,61093,0.0000,1.0
2019-06-21,15.76,16.07,15.71,15.9,15.0224533464,37935,0.0000,1.0
2019-06-20,15.7973,16.02,15.75,15.85,14.975212927,6439,0.0000,1.0
2019-06-19,15.86,15.88,15.76,15.78,14.90907634,4147,0.0000,1.0
2019-06-18,15.6,15.91,15.53,15.81,14.9374205916,15615,0.0000,1.0
2019-06-17,15.9,15.93,15.52,15.61,14.7484589143,7558,0.0000,1.0
2019-06-14,15.07,15.97,15.07,15.86,14.9846610109,11900,0.0000,1.0
2019-06-13,15.29,15.51,15.29,15.47,14.6161857401,115873,0.0000,1.0
2019-06-12,15.56,15.56,15.32,15.32,14.4744644822,8460,0.0000,1.0
2019-06-11,15.27,15.59,15.27,15.52,14.6634261595,11817,0.0000,1.0
2019-06-10,15.64,15.76,15.42,15.53,14.6728742433,34058,0.0000,1.0
2019-06-07,15.74,15.74,15.58,15.64,14.7768031659,5388,0.0000,1.0
2019-06-06,15.77,15.77,15.45,15.5,14.6445299917,4434,0.0000,1.0
2019-06-05,15.62,16.07,15.4,15.49,14.6350819079,5710,0.0000,1.0
2019-06-04,15.82,15.82,15.4,15.7,14.8334916691,9917,0.0000,1.0
2019-06-03,15.03,15.55,15.03,15.32,14.4744644822,20134,0.0000,1.0
2019-05-31,15.34,15.57,15.25,15.35,14.5028087338,20294,0.0000,1.0
2019-05-30,15.52,15.73,15.35,15.4,14.5500491531,18581,0.0000,1.0
2019-05-29,15.55,15.88,15.45,15.47,14.6161857401,17980,0.0000,1.0
2019-05-28,15.79,15.99,15.67,15.68,14.8145955013,5331,0.0000,1.0
2019-05-24,15.71,15.93,15.62,15.93,15.050797598,11828,0.0000,1.0
2019-05-23,15.57,15.99,15.52,15.54,14.6823223272,13557,0.0000,1.0
2019-05-22,15.89,16.06,15.61,15.89,15.0130052625,26162,0.0000,1.0
2019-05-21,15.85,16.23,15.85,16.17,15.2775516107,18850,0.0000,1.0
2019-05-20,15.67,16.05,15.6,15.8,14.9279725077,19059,0.0000,1.0
2019-05-17,16.01,16.13,15.75,15.8,14.9279725077,11235,0.0000,1.0
2019-05-16,15.96,16.28,15.51,16.17,15.2775516107,11385,0.1000,1.0
2019-05-15,15.58,16.0,15.58,16.0,15.0240212521,11230,0.0000,1.0
2019-05-14,16.05,16.05,15.54,15.78,14.8174409599,6279,0.0000,1.0
2019-05-13,15.8,16.48,15.7,15.72,14.7611008802,9101,0.0000,1.0
2019-05-10,16.05,16.43,16.05,16.16,15.1742614646,3110,0.0000,1.0
2019-05-09,16.02,16.02,15.76,15.82,14.855001013,4407,0.0000,1.0
2019-05-08,15.92,16.18,15.72,15.73,14.7704908935,21384,0.0000,1.0
2019-05-07,16.16,16.2,15.73,15.85,14.8831710529,7405,0.0000,1.0
2019-05-06,16.25,16.39,15.94,15.96,14.986461199,3602,0.0000,1.0
2019-05-03,15.84,16.28,15.84,16.28,15.286941624,8795,0.0000,1.0
2019-05-02,15.87,15.95,15.55,15.79,14.8268309732,5077,0.0000,1.0
2019-05-01,15.68,15.85,15.5,15.55,14.6014706544,17127,0.0000,1.0
2019-04-30,15.76,16.06,15.6,15.83,14.8643910263,16790,0.0000,1.0
2019-04-29,15.68,16.05,15.65,16.05,15.0709713185,9803,0.0000,1.0
2019-04-26,15.41,15.99,15.405,15.89,14.920731106,9261,0.0000,1.0
2019-04-25,15.03,15.47,14.97,15.31,14.3761103356,13236,0.0000,1.0
2019-04-24,14.98,15.15,14.98,15.11,14.18831007,32856,0.0000,1.0
2019-04-23,15.01,15.4,15.01,15.05,14.1319699903,22782,0.0000,1.0
2019-04-22,15.21,15.25,15.12,15.12,14.1977000832,5502,0.0000,1.0
2019-04-18,15.12,15.36,15.12,15.32,14.3855003489,8510,0.0000,1.0
2019-04-17,15.18,15.45,15.18,15.19,14.2634301762,6162,0.0000,1.0
2019-04-16,15.4,15.5,15.23,15.23,14.3009902294,7493,0.0000,1.0
2019-04-15,15.3,15.41,15.14,15.36,14.423060402,8090,0.0000,1.0
2019-04-12,15.29,15.47,15.2,15.32,14.3855003489,5301,0.0000,1.0
2019-04-11,15.23,15.41,15.09,15.19,14.2634301762,9223,0.0000,1.0
2019-04-10,14.96,15.29,14.91,15.29,14.3573303091,6080,0.0000,1.0
2019-04-09,14.84,15.3,14.84,14.97,14.056849884,4645,0.0000,1.0
2019-04-08,15.34,15.4,15.15,15.17,14.2446501497,7212,0.0000,1.0
2019-04-05,15.24,15.42,15.15,15.35,14.4136703887,6330,0.0000,1.0
2019-04-04,15.2,15.38,15.16,15.23,14.3009902294,10630,0.0000,1.0
2019-04-03,15.22,15.49,15.2,15.2,14.2728201895,3160,0.0000,1.0
2019-04-02,15.1,15.23,14.93,15.23,14.3009902294,8091,0.0000,1.0
2019-04-01,14.96,15.19,14.89,15.17,14.2446501497,14387,0.0000,1.0
2019-03-29,15.1,15.31,14.87,14.91,14.0005098043,23931,0.0000,1.0
2019-03-28,14.99,15.27,14.83,15.11,14.18831007,13224,0.0000,1.0
2019-03-27,14.97,15.01,14.84,15.0,14.0850199239,8234,0.0000,1.0
2019-03-26,14.66,14.8,14.47,14.7,13.8033195254,111599,0.0000,1.0
2019-03-25,14.5,14.81,14.5,14.6,13.7094193926,20918,0.0000,1.0
2019-03-22,15.02,15.18,14.46,14.5,13.6155192597,26217,0.0000,1.0
2019-03-21,15.43,15.49,15.05,15.06,14.1413600036,26853,0.0000,1.0
2019-03-20,15.83,15.84,15.32,15.49,14.5451305747,5975,0.0000,1.0
2019-03-19,15.67,15.74,15.5,15.51,14.5639106013,51370,0.0000,1.0
2019-03-18,15.53,15.75,15.5,15.6,14.6484207208,6127,0.0000,1.0
2019-03-15,15.4,15.69,15.36,15.56,14.6108606677,65741,0.0000,1.0
2019-03-14,15.53,15.54,15.31,15.35,14.4136703887,3794,0.0000,1.0
2019-03-13,15.31,15.39,15.2,15.35,14.4136703887,52215,0.0000,1.0
2019-03-12,15.53,15.53,15.3,15.31,14.3761103356,4024,0.0000,1.0
2019-03-11,15.22,15.47,15.14,15.47,14.5263505481,7104,0.0000,1.0
2019-03-08,15.14,15.48,15.07,15.19,14.2634301762,27604,0.0000,1.0
2019-03-07,15.47,15.47,15.18,15.18,14.2540401629,25237,0.0000,1.0
2019-03-06,15.61,16.09,15.4,15.4,14.4606204552,36778,0.0000,1.0
2019-03-05,15.74,16.0,15.55,15.7,14.7423208536,16145,0.0000,1.0
2019-03-04,15.87,15.96,15.66,15.73,14.7704908935,14494,0.0000,1.0
2019-03-01,15.8,15.99,15.8,15.93,14.9582911591,18073,0.0000,1.0
2019-02-28,15.87,16.0,15.7,15.75,14.7892709201,19663,0.0000,1.0
2019-02-27,15.75,15.89,15.75,15.82,14.855001013,24138,0.0000,1.0
2019-02-26,15.63,16.01,15.63,15.79,14.8268309732,67193,0.0000,1.0
2019-02-25,15.94,16.105,15.61,15.61,14.6578107341,23303,0.0000,1.0
2019-02-22,15.51,15.97,15.5,15.59,14.6390307075,46762,0.0000,1.0
2019-02-21,15.525,15.525,15.5,15.5,14.554520588,4381,0.0000,1.0
2019-02-20,15.6,15.6,15.48,15.49,14.5451305747,29755,0.0000,1.0
2019-02-19,15.3162,15.83,15.3162,15.6,14.6484207208,13125,0.0000,1.0
2019-02-15,15.49,15.99,15.49,15.56,14.6108606677,27468,0.0000,1.0
2019-02-14,15.96,15.96,15.31,15.4,14.4606204552,17055,0.1000,1.0
2019-02-13,15.44,15.86,15.37,15.59,14.5445853481,14359,0.0000,1.0
2019-02-12,15.44,15.44,15.15,15.3,14.2740318041,15689,0.0000,1.0
2019-02-11,15.1,15.39,15.05,15.2,14.1807374786,18581,0.0000,1.0
2019-02-08,15.35,15.37,15.2,15.2,14.1807374786,10655,0.0000,1.0
2019-02-07,15.34,15.5,15.28,15.37,14.339337832,10533,0.0000,1.0
2019-02-06,15.05,15.35,14.93,15.29,14.2647023716,93303,0.0000,1.0
2019-02-05,15.24,15.4,15.05,15.05,14.0407959903,16991,0.0000,1.0
2019-02-04,15.05,15.5,14.96,15.36,14.3300083994,45481,0.0000,1.0
2019-02-01,14.91,15.88,14.0,15.48,14.4419615901,86592,0.0000,1.0
2019-01-31,15.4,15.46,14.82,14.9,13.9008545021,28249,0.0000,1.0
2019-01-30,15.01,15.42,14.97,15.4,14.3673261296,18490,0.0000,1.0
2019-01-29,15.34,15.34,15.02,15.02,14.0128076927,7637,0.0000,1.0
2019-01-28,15.11,15.35,15.05,15.23,14.2087257763,28126,0.0000,1.0
2019-01-25,15.3,15.5,15.0,15.25,14.2273846414,8837,0.0000,1.0
2019-01-24,15.0,15.4,14.75,15.23,14.2087257763,107198,0.0000,1.0
2019-01-23,14.97,15.3,14.78,15.1,14.0874431531,10430,0.0000,1.0
2019-01-22,14.82,15.19,14.685,14.95,13.9475016648,34095,0.0000,1.0
2019-01-18,14.8,15.29,14.62,14.92,13.9195133672,14534,0.0000,1.0
2019-01-17,14.79,14.92,14.73,14.8,13.8075601765,22874,0.0000,1.0
2019-01-16,14.72,15.24,14.45,14.89,13.8915250695,23437,0.0000,1.0
2019-01-15,14.03,14.7,14.03,14.66,13.6769481208,171152,0.0000,1.0
2019-01-14,14.28,15.5,14.23,14.26,13.3037708187,14488,0.0000,1.0
2019-01-11,14.55,14.8,14.26,14.38,13.4157240094,46955,0.0000,1.0
2019-01-10,14.85,15.1,14.6,14.61,13.6303009581,13788,0.0000,1.0
2019-01-09,14.8,15.46,14.61,14.96,13.9568310974,9137,0.0000,1.0
2019-01-08,14.81,15.2,14.63,14.88,13.882195637,9086,0.0000,1.0
2019-01-07,14.85,15.12,14.48,14.74,13.7515835812,9231,0.0000,1.0
2019-01-04,14.83,14.98,14.67,14.94,13.9381722323,18946,0.0000,1.0
2019-01-03,14.8,15.2,14.62,14.62,13.6396303906,7444,0.0000,1.0
2019-01-02,14.55,15.15,14.49,14.99,13.984819395,13744,0.0000,1.0
2018-12-31,14.23,15.14,14.05,14.54,13.5649949302,42594,0.0000,1.0
2018-12-28,14.01,14.49,14.01,14.18,13.2291353583,27880,0.0000,1.0
2018-12-27,14.38,14.57,13.88,13.99,13.0518761399,94408,0.0000,1.0
2018-12-26,14.21,15.22,14.21,14.53,13.5556654976,38823,0.0000,1.0
2018-12-24,14.15,14.4,14.05,14.1,13.1544998979,9796,0.0000,1.0
2018-12-21,14.26,14.81,14.07,14.41,13.443712307,49118,0.0000,1.0
2018-12-20,14.12,14.6,13.76,14.26,13.3037708187,26279,0.0000,1.0
2018-12-19,14.1,14.36,14.0,14.13,13.1824881956,38793,0.0000,1.0
2018-12-18,12.95,14.37,12.95,14.16,13.2104764932,70804,0.0000,1.0
2018-12-17,14.8,14.8,13.0,13.18,12.2961921032,42639,0.0000,1.0
2018-12-14,14.36,14.48,13.93,14.11,13.1638293305,38025,0.0000,1.0
2018-12-13,15.45,15.45,14.44,14.45,13.4810300372,46243,0.0000,1.0
2018-12-12,15.66,15.81,15.19,15.3,14.2740318041,8387,0.0000,1.0
2018-12-11,15.0,15.61,15.0,15.12,14.1061020182,3838,0.0000,1.0
2018-12-10,15.29,15.81,15.03,15.4,14.3673261296,7497,0.0000,1.0
2018-12-07,15.88,16.02,15.02,15.23,14.2087257763,7830,0.0000,1.0
2018-12-06,15.11,15.3761,14.87,15.24,14.2180552088,16823,0.0000,1.0
2018-12-04,16.0,16.09,15.25,15.27,14.2460435065,20799,0.0000,1.0
2018-12-03,16.14,16.61,16.0,16.01,14.9364215153,8041,0.0000,1.0
2018-11-30,16.16,16.52,15.95,16.0,14.9270920827,26064,0.0000,1.0
2018-11-29,16.07,16.51,16.0,16.03,14.9550803804,9911,0.0000,1.0
2018-11-28,16.0,16.41,16.0,16.07,14.9923981106,9875,0.0000,1.0
2018-11-27,15.98,16.21,15.87,15.92,14.8524566223,11533,0.0000,1.0
2018-11-26,16.5,16.5,16.0,16.0,14.9270920827,14497,0.0000,1.0
2018-11-23,16.04,16.49,16.01,16.48,15.3749048452,4149,0.0000,1.0
2018-11-21,16.09,17.0,16.0,16.19,15.1043513012,7130,0.0000,1.0
2018-11-20,16.02,16.27,16.0,16.08,15.0017275432,18594,0.0000,1.0
2018-11-19,16.16,16.47,16.02,16.02,14.9457509479,11996,0.0000,1.0
2018-11-16,16.45,16.59,16.16,16.16,15.0763630036,9998,0.0000,1.0
2018-11-15,16.12,16.52,16.12,16.49,15.3842342778,9878,0.0900,1.0
2018-11-14,16.29,16.38,16.08,16.25,15.0780341987,24467,0.0000,1.0
2018-11-13,16.48,16.5,16.16,16.25,15.0780341987,8172,0.0000,1.0
2018-11-12,16.63,16.63,16.22,16.43,15.2450524236,6723,0.0000,1.0
2018-11-09,16.26,17.0,16.26,16.67,15.4677433903,34787,0.0000,1.0
2018-11-08,16.35,16.56,16.01,16.35,15.1708221014,78197,0.0000,1.0
2018-11-07,16.61,16.9,16.08,16.43,15.2450524236,20913,0.0000,1.0
2018-11-06,16.45,16.88,16.4,16.5,15.3100039556,5534,0.0000,1.0
2018-11-05,16.49,16.85,16.42,16.42,15.2357736334,10613,0.0000,1.0
2018-11-02,16.54,16.71,16.39,16.48,15.291446375,9271,0.0000,1.0
2018-11-01,16.29,16.59,16.28,16.53,15.3378403264,13225,0.0000,1.0
2018-10-31,16.19,16.3,15.75,16.12,14.9574099251,38504,0.0000,1.0
2018-10-30,16.13,16.29,15.83,16.05,14.8924583931,14082,0.0000,1.0
2018-10-29,16.0,16.17,15.97,16.14,14.9759675056,17772,0.0000,1.0
2018-10-26,16.03,16.82,15.67,15.99,14.8367856515,9663,0.0000,1.0
2018-10-25,15.89,16.17,15.25,16.15,14.9852462959,26141,0.0000,1.0
2018-10-24,16.29,16.33,15.68,15.75,14.6140946849,113123,0.0000,1.0
2018-10-23,16.19,16.38,16.07,16.3,15.1244281501,10859,0.0000,1.0
2018-10-22,16.64,16.75,16.27,16.39,15.2079372625,127265,0.0000,1.0
2018-10-19,16.92,17.39,16.63,16.63,15.4306282292,21921,0.0000,1.0
2018-10-18,17.55,17.57,16.89,17.36,16.1079799193,15470,0.0000,1.0
2018-10-17,17.32,17.63,17.3,17.54,16.2749981443,9847,0.0000,1.0
2018-10-16,17.36,17.63,17.11,17.45,16.1914890318,23508,0.0000,1.0
2018-10-15,17.38,17.6,17.3,17.33,16.0801435485,9371,0.0000,1.0
2018-10-12,17.57,17.57,17.16,17.29,16.0430283874,27614,0.0000,1.0
2018-10-11,17.75,17.95,17.35,17.36,16.1079799193,21603,0.0000,1.0
2018-10-10,18.12,18.12,17.82,17.83,16.5440830623,17957,0.0000,1.0
2018-10-09,18.21,18.23,17.98,18.12,16.8131679803,41226,0.0000,1.0
2018-10-08,17.75,18.27,17.75,18.2,16.8873983025,15387,0.0000,1.0
2018-10-05,18.1,18.32,17.67,17.75,16.4698527401,16650,0.0000,1.0
2018-10-04,17.91,18.21,17.77,18.0,16.701822497,19889,0.0000,1.0
2018-10-03,17.53,17.96,17.53,17.92,16.6275921748,17106,0.0000,1.0
2018-10-02,17.6,17.6,17.3,17.46,16.2007678221,495031,0.0000,1.0
2018-10-01,17.93,17.93,17.56,17.62,16.3492284665,10670,0.0000,1.0
2018-09-28,17.71,17.95,17.71,17.82,16.534804272,7856,0.0000,1.0
2018-09-27,17.8,18.1,17.64,17.71,16.432737579,10552,0.0000,1.0
2018-09-26,18.07,18.19,17.83,17.89,16.599755804,11784,0.0000,1.0
2018-09-25,18.16,18.2,18.01,18.06,16.7574952386,11981,0.0000,1.0
2018-09-24,18.36,18.36,18.03,18.16,16.8502831414,10500,0.0000,1.0
2018-09-21,18.2,18.51,18.2,18.36,17.0358589469,57190,0.0000,1.0
2018-09-20,18.14,18.47,18.05,18.25,16.9337922539,12592,0.0000,1.0
2018-09-19,17.87,18.34,17.87,18.01,16.7111012873,22684,0.0000,1.0
2018-09-18,18.25,18.25,17.83,17.91,16.6183133845,12806,0.0000,1.0
2018-09-17,18.45,18.45,18.07,18.15,16.8410043511,10417,0.0000,1.0
2018-09-14,18.53,18.71,18.35,18.35,17.0265801567,12073,0.0000,1.0
2018-09-13,18.84,18.91,18.5,18.5,17.1657620108,3661,0.0000,1.0
2018-09-12,18.74,18.99,18.56,18.62,17.2771074941,9087,0.0000,1.0
2018-09-11,18.98,19.16,18.77,18.8,17.4441257191,5255,0.0000,1.0
2018-09-10,18.68,19.01,18.68,19.01,17.6389803149,10032,0.0000,1.0
2018-09-07,18.76,19.01,18.57,18.72,17.3698953969,4115,0.0000,1.0
2018-09-06,18.71,18.89,18.65,18.77,17.4162893482,4642,0.0000,1.0
2018-09-05,18.85,18.96,18.61,18.85,17.4905196705,27337,0.0000,1.0
2018-09-04,18.79,18.94,18.76,18.86,17.4997984607,17192,0.0000,1.0
2018-08-31,18.63,18.81,18.63,18.79,17.4348469288,24939,0.0000,1.0
2018-08-30,18.58,18.62,18.46,18.55,17.2121559622,8407,0.0000,1.0
2018-08-29,18.76,18.76,18.26,18.56,17.2214347524,6881,0.0000,1.0
2018-08-28,18.81,18.93,18.53,18.56,17.2214347524,14401,0.0000,1.0
2018-08-27,18.94,18.96,18.73,18.82,17.4626832996,54040,0.0000,1.0
2018-08-24,19.06,19.06,18.79,18.87,17.509077251,18413,0.0000,1.0
2018-08-23,18.9,19.27,18.9,19.06,17.6853742663,13238,0.0000,1.0
2018-08-22,18.93,19.3,18.75,18.93,17.5647499927,53890,0.0000,1.0
2018-08-21,18.96,19.04,18.86,18.87,17.509077251,24549,0.0000,1.0
2018-08-20,18.66,18.98,18.62,18.91,17.5461924121,7416,0.0000,1.0
2018-08-17,18.7,19.4,16.63,18.99,17.6204227343,6472,0.0000,1.0
2018-08-16,18.7,19.21,18.66,18.8,17.4441257191,22539,0.0000,1.0
2018-08-15,18.73,19.12,18.56,18.59,17.2492711233,22440,0.0000,1.0
2018-08-14,18.97,19.02,18.68,18.79,17.4348469288,59798,0.0800,1.0
2018-08-13,18.84,18.91,18.84,18.85,17.4163680237,7234,0.0000,1.0
2018-08-10,18.86,19.14,18.86,19.01,17.5641992643,4803,0.0000,1.0
2018-08-09,18.96,19.17,18.92,18.95,17.5087625491,17469,0.0000,1.0
2018-08-08,19.26,19.26,19.0,19.02,17.5734387168,50488,0.0000,1.0
2018-08-07,19.25,19.25,19.03,19.14,17.6843121472,7338,0.0000,1.0
2018-08-06,19.19,19.2,19.0,19.06,17.6103965269,5271,0.0000,1.0
2018-08-03,19.13,19.41,19.0,19.01,17.5641992643,10031,0.0000,1.0
2018-08-02,19.24,19.46,19.22,19.22,17.7582277674,6393,0.0000,1.0
2018-08-01,19.14,19.43,19.13,19.29,17.8229039352,8370,0.0000,1.0
2018-07-31,19.02,19.46,19.02,19.32,17.8506222928,14468,0.0000,1.0
2018-07-30,18.92,19.36,18.21,19.12,17.6658332421,13671,0.0000,1.0
2018-07-27,19.0,19.09,18.5,18.86,17.4256074763,31086,0.0000,1.0
2018-07-26,19.13,19.13,19.04,19.06,17.6103965269,7023,0.0000,1.0
2018-07-25,18.93,19.08,18.91,18.99,17.5457203592,12289,0.0000,1.0
2018-07-24,19.2,19.24,19.06,19.14,17.6843121472,9544,0.0000,1.0
2018-07-23,19.2,19.35,19.01,19.22,17.7582277674,36316,0.0000,1.0
2018-07-20,19.4,19.42,19.22,19.23,17.76746722,27008,0.0000,1.0
2018-07-19,19.6,19.6,19.35,19.41,17.9337773656,9805,0.0000,1.0
2018-07-18,19.45,19.6,19.45,19.55,18.063129701,6394,0.0000,1.0
2018-07-17,19.21,19.48,19.21,19.44,17.9614957232,21581,0.0000,1.0
2018-07-16,19.06,19.18,19.0,19.13,17.6750726946,38750,0.0000,1.0
2018-07-13,19.15,19.32,18.57,18.85,17.4163680237,13303,0.0000,1.0
2018-07-12,19.58,19.58,19.14,19.19,17.7305094098,9022,0.0000,1.0
2018-07-11,19.58,19.67,19.43,19.47,17.9892140807,19371,0.0000,1.0
2018-07-10,19.6,19.84,19.51,19.55,18.063129701,14085,0.0000,1.0
2018-07-09,19.66,19.8,19.66,19.67,18.1740031314,20070,0.0000,1.0
2018-07-06,19.58,19.7,19.4,19.62,18.1278058687,16730,0.0000,1.0
2018-07-05,19.43,19.74,19.43,19.66,18.1647636789,17671,0.0000,1.0
2018-07-03,19.68,19.75,19.34,19.52,18.0354113434,25333,0.0000,1.0
2018-07-02,19.17,19.64,19.04,19.48,17.9984535333,18633,0.0000,1.0
2018-06-29,19.23,19.35,18.93,19.02,17.5734387168,23879,0.0000,1.0
2018-06-28,19.13,19.15,18.94,18.98,17.5364809067,20270,0.0000,1.0
2018-06-27,19.32,19.32,18.97,19.0,17.5549598117,30125,0.0000,1.0
2018-06-26,19.62,19.7,19.28,19.39,17.9152984605,21097,0.0000,1.0
2018-06-25,19.57,19.86,19.54,19.59,18.1000875111,12945,0.0000,1.0
2018-06-22,19.84,20.08,19.52,19.78,18.2756371093,109450,0.0000,1.0
2018-06-21,19.47,19.89,19.47,19.71,18.2109609415,15759,0.0000,1.0
2018-06-20,19.72,19.92,19.61,19.79,18.2848765618,37472,0.0000,1.0
2018-06-19,19.68,19.83,19.38,19.68,18.1832425839,15803,0.0000,1.0
2018-06-18,19.38,19.74,19.35,19.72,18.2202003941,14669,0.0000,1.0
2018-06-15,19.17,19.61,19.03,19.51,18.0261718909,48440,0.0000,1.0
2018-06-14,19.32,19.32,19.17,19.27,17.8044250301,16850,0.0000,1.0
2018-06-13,19.25,19.59,19.18,19.27,17.8044250301,36632,0.0000,1.0
2018-06-12,19.66,19.69,19.15,19.26,17.7951855776,25929,0.0000,1.0
2018-06-11,19.9,19.95,19.52,19.57,18.0816086061,16073,0.0000,1.0
2018-06-08,19.08,19.9,19.08,19.7,18.201721489,229095,0.0000,1.0
2018-06-07,19.03,19.13,18.62,19.13,17.6750726946,72096,0.0000,1.0
2018-06-06,18.5,18.87,18.45,18.72,17.2962551408,29657,0.0000,1.0
2018-06-05,18.65,18.91,18.39,18.51,17.1022266376,62289,0.0000,1.0
2018-06-04,18.92,19.05,18.57,18.59,17.1761422579,17552,0.0000,1.0
2018-06-01,18.88,19.1,18.82,18.89,17.4533258339,13283,0.0000,1.0
2018-05-31,19.13,19.2,18.85,18.88,17.4440863813,12664,0.0000,1.0
2018-05-30,18.88,19.22,18.77,19.04,17.5919176219,17269,0.0000,1.0
2018-05-29,18.96,18.96,18.69,18.75,17.3239734984,10411,0.0000,1.0
2018-05-25,19.03,19.25,18.86,18.99,17.5457203592,4160,0.0000,1.0
2018-05-24,18.98,19.11,18.79,19.05,17.6011570744,9031,0.0000,1.0
2018-05-23,18.9,19.01,18.7,18.9,17.4625652864,20289,0.0000,1.0
2018-05-22,18.83,19.0,18.81,18.91,17.4718047389,14593,0.0000,1.0
2018-05-21,18.5,18.9,18.5,18.8,17.3701707611,16007,0.0000,1.0
2018-05-18,18.6,18.61,18.45,18.58,17.1669028054,15949,0.0000,1.0
2018-05-17,18.32,18.5,18.26,18.46,17.056029375,15889,0.0000,1.0
2018-05-16,18.17,18.36,18.17,18.24,16.8527614193,14995,0.0000,1.0
2018-05-15,18.14,18.5,18.1,18.13,16.7511274414,10166,0.0000,1.0
2018-05-14,18.38,18.42,18.11,18.11,16.7326485363,17628,0.0800,1.0
2018-05-11,18.72,18.85,18.64,18.67,17.1741917632,6285,0.0000,1.0
2018-05-10,19.0,19.12,18.8,18.82,17.3121740216,9751,0.0000,1.0
2018-05-09,18.77,19.13,18.56,18.97,17.4501562801,25419,0.0000,1.0
2018-05-08,18.62,18.65,18.46,18.63,17.1373964943,9747,0.0000,1.0
2018-05-07,18.49,18.75,18.49,18.62,17.1281976771,26369,0.0000,1.0
2018-05-04,18.07,18.52,18.07,18.51,17.0270106876,16628,0.0000,1.0
2018-05-03,18.28,18.39,18.05,18.08,16.6314615468,11905,0.0000,1.0
2018-05-02,18.58,18.58,18.22,18.34,16.8706307947,22220,0.0000,1.0
2018-05-01,18.05,18.28,17.97,18.27,16.8062390741,18524,0.0000,1.0
2018-04-30,18.4,18.4,18.09,18.09,16.6406603641,13495,0.0000,1.0
2018-04-27,18.72,18.8,18.4,18.42,16.9442213326,17780,0.0000,1.0
2018-04-26,18.75,19.01,18.58,18.67,17.1741917632,17361,0.0000,1.0
2018-04-25,19.05,19.06,18.76,18.82,17.3121740216,9487,0.0000,1.0
2018-04-24,18.98,19.11,18.84,19.0,17.4777527317,19488,0.0000,1.0
2018-04-23,18.95,19.2,18.82,18.86,17.3489692906,7962,0.0000,1.0
2018-04-20,18.76,18.94,18.76,18.88,17.367366925,13723,0.0000,1.0
2018-04-19,18.8,19.02,18.8,18.92,17.4041621939,9964,0.0000,1.0
2018-04-18,18.9,19.11,18.76,18.8,17.2937763872,8582,0.0000,1.0
2018-04-17,18.9,19.13,18.8,18.91,17.3949633767,13547,0.0000,1.0
2018-04-16,18.73,18.99,18.72,18.9,17.3857645595,11274,0.0000,1.0
2018-04-13,18.65,18.82,18.36,18.69,17.1925893977,11358,0.0000,1.0
2018-04-12,18.59,19.66,18.58,18.59,17.1006012254,5847,0.0000,1.0
2018-04-11,19.15,20.09,18.44,18.49,17.0086130531,8419,0.0000,1.0
2018-04-10,18.38,18.86,18.1,18.68,17.1833905805,15991,0.0000,1.0
2018-04-09,18.31,19.1,18.08,18.2,16.7418473536,33780,0.0000,1.0
2018-04-06,18.22,18.41,18.07,18.24,16.7786426225,23688,0.0000,1.0
2018-04-05,18.53,18.53,17.94,18.33,16.8614319775,11118,0.0000,1.0
2018-04-04,18.0,18.54,18.0,18.42,16.9442213326,17358,0.0000,1.0
2018-04-03,18.47,18.47,17.92,18.13,16.677455633,21020,0.0000,1.0
2018-04-02,18.86,19.13,18.17,18.36,16.8890284292,20142,0.0000,1.0
2018-03-29,18.45,18.97,18.45,18.86,17.3489692906,67380,0.0000,1.0
2018-03-28,18.43,18.43,18.28,18.32,16.8522331603,45326,0.0000,1.0
2018-03-27,18.59,18.87,18.26,18.36,16.8890284292,20896,0.0000,1.0
2018-03-26,18.36,18.85,18.35,18.77,17.2661799355,26201,0.0000,1.0
2018-03-23,18.55,18.73,18.21,18.21,16.7510461708,30606,0.0000,1.0
2018-03-22,18.73,18.84,18.5,18.56,17.0730047737,26215,0.0000,1.0
2018-03-21,18.77,19.29,18.57,18.86,17.3489692906,17810,0.0000,1.0
2018-03-20,19.23,19.25,18.72,18.76,17.2569811183,21883,0.0000,1.0
2018-03-19,18.94,19.46,18.94,19.29,17.7445184313,26277,0.0000,1.0
2018-03-16,18.55,18.95,18.47,18.94,17.4225598284,43038,0.0000,1.0
2018-03-15,18.5,18.73,18.29,18.56,17.0730047737,13989,0.0000,1.0
2018-03-14,18.37,18.51,18.21,18.42,16.9442213326,36831,0.0000,1.0
2018-03-13,18.5,18.55,18.29,18.34,16.8706307947,21546,0.0000,1.0
2018-03-12,18.6,19.8,18.35,18.48,16.9994142359,13584,0.0000,1.0
2018-03-09,18.4,18.63,18.18,18.53,17.0454083221,26848,0.0000,1.0
2018-03-08,18.14,18.78,17.92,18.39,16.9166248809,34389,0.0000,1.0
2018-03-07,17.44,18.54,17.38,18.14,16.6866544502,26169,0.0000,1.0
2018-03-06,17.42,17.64,17.2,17.59,16.1807195027,39157,0.0000,1.0
2018-03-05,17.35,17.52,17.26,17.34,15.950749072,59275,0.0000,1.0
2018-03-02,17.04,17.45,16.92,17.36,15.9691467065,26572,0.0000,1.0
2018-03-01,16.92,17.36,16.88,17.2,15.8219656308,14758,0.0000,1.0
2018-02-28,17.26,17.3,17.0,17.02,15.6563869207,47377,0.0000,1.0
2018-02-27,17.49,17.65,17.15,17.19,15.8127668136,30328,0.0000,1.0
2018-02-26,17.43,17.55,17.39,17.51,16.1071289649,10257,0.0000,1.0
2018-02-23,17.36,17.54,17.25,17.38,15.9875443409,12130,0.0000,1.0
2018-02-22,17.44,17.44,17.23,17.32,15.9323514376,18242,0.0000,1.0
2018-02-21,17.28,17.66,17.28,17.38,15.9875443409,7933,0.0000,1.0
2018-02-20,17.49,17.49,17.2,17.29,15.9047549859,23175,0.0000,1.0
2018-02-16,17.39,17.7,17.39,17.52,16.1163277821,8293,0.0000,1.0
2018-02-15,17.21,17.59,17.14,17.53,16.1255265993,15581,0.0000,1.0
2018-02-14,17.05,17.37,17.05,17.21,15.8311644481,19083,0.0700,1.0
2018-02-13,17.12,17.32,17.06,17.19,15.7487104666,32051,0.0000,1.0
2018-02-12,17.26,17.41,17.01,17.2,15.7578720201,26381,0.0000,1.0
2018-02-09,17.15,17.35,16.93,17.23,15.7853566806,37844,0.0000,1.0
2018-02-08,17.16,17.2,16.76,17.0,15.5746409501,24759,0.0000,1.0
2018-02-07,17.5,17.68,17.13,17.15,15.7120642526,33127,0.0000,1.0
2018-02-06,16.97,17.4,16.97,17.19,15.7487104666,34398,0.0000,1.0
2018-02-05,17.85,17.85,16.43,17.36,15.9044568761,26589,0.0000,1.0
2018-02-02,18.38,18.38,17.77,17.91,16.4083423186,29930,0.0000,1.0
2018-02-01,18.23,18.43,18.12,18.41,16.8664199936,11553,0.0000,1.0
2018-01-31,18.26,18.44,18.22,18.22,16.6923504771,13040,0.0000,1.0
2018-01-30,17.6,18.23,17.6,18.19,16.6648658166,51647,0.0000,1.0
2018-01-29,17.54,17.69,17.54,17.63,16.1518188206,24899,0.0000,1.0
2018-01-26,17.33,17.68,17.05,17.54,16.0693648391,18956,0.0000,1.0
2018-01-25,17.78,18.01,17.32,17.41,15.9502646436,32181,0.0000,1.0
2018-01-24,18.31,18.68,17.74,17.74,16.2525959091,21232,0.0000,1.0
2018-01-23,18.76,18.76,18.36,18.41,16.8664199936,8914,0.0000,1.0
2018-01-22,18.66,18.83,18.6,18.74,17.1687512591,5631,0.0000,1.0
2018-01-19,18.6,18.92,18.56,18.69,17.1229434916,20096,0.0000,1.0
2018-01-18,18.84,18.92,18.62,18.66,17.0954588311,25198,0.0000,1.0
2018-01-17,18.73,18.96,18.58,18.73,17.1595897056,17426,0.0000,1.0
2018-01-16,18.95,19.3,18.71,18.78,17.2053974731,18385,0.0000,1.0
2018-01-12,18.78,19.1,18.48,18.61,17.0496510636,31086,0.0000,1.0
2018-01-11,18.31,18.78,18.1,18.6,17.0404895101,104200,0.0000,1.0
2018-01-10,17.72,18.4,17.72,18.29,16.7564813516,14468,0.0000,1.0
2018-01-09,17.65,17.91,17.54,17.73,16.2434343556,11050,0.0000,1.0
2018-01-08,17.5,17.8,17.42,17.66,16.1793034811,19519,0.0000,1.0
2018-01-05,17.24,17.71,17.24,17.58,16.1060110531,33670,0.0000,1.0
2018-01-04,16.91,17.4,16.9,17.23,15.7853566806,28150,0.0000,1.0
2018-01-03,16.52,16.8,16.28,16.78,15.3730867731,22621,0.0000,1.0
2018-01-02,16.7,17.34,16.5,16.53,15.1440479356,44322,0.0000,1.0
2017-12-29,16.86,17.12,16.68,16.7,15.2997943451,17740,0.0000,1.0
2017-12-28,16.93,17.1,16.85,16.85,15.4372176476,15204,0.0000,1.0
2017-12-27,17.05,17.26,16.83,16.83,15.4188945406,19214,0.0000,1.0
2017-12-26,17.3,17.54,16.91,16.96,15.5379947361,20884,0.0000,1.0
2017-12-22,17.5,17.52,17.12,17.16,15.7212258061,27904,0.0000,1.0
2017-12-21,17.48,17.6,17.06,17.5,16.0327186251,67211,0.0000,1.0
2017-12-20,17.67,17.67,17.42,17.46,15.9960724111,14456,0.0000,1.0
2017-12-19,17.76,17.76,15.74,17.61,16.1334957136,13182,0.0000,1.0
2017-12-18,17.83,18.01,17.66,17.72,16.2342728021,29447,0.0000,1.0
2017-12-15,17.4,17.86,17.4,17.72,16.2342728021,97430,0.0000,1.0
2017-12-14,17.77,17.77,17.18,17.43,15.9685877506,39380,0.0000,1.0
2017-12-13,17.83,17.85,16.58,17.72,16.2342728021,28595,0.0000,1.0
2017-12-12,17.92,17.94,17.69,17.74,16.2525959091,15113,0.0000,1.0
2017-12-11,18.03,18.49,17.76,17.83,16.3350498906,21507,0.0000,1.0
2017-12-08,17.99,18.1,17.92,18.02,16.5091194071,29697,0.0000,1.0
2017-12-07,17.45,18.08,17.45,17.9,16.3991807651,33825,0.0000,1.0
2017-12-06,17.46,17.56,17.3473,17.51,16.0418801786,16700,0.0000,1.0
2017-12-05,17.59,17.69,17.48,17.49,16.0235570716,23058,0.0000,1.0
2017-12-04,17.6,17.93,17.49,17.5,16.0327186251,51064,0.0000,1.0
2017-12-01,17.4,17.64,17.2,17.47,16.0052339646,34366,0.0000,1.0
2017-11-30,17.4,17.65,17.36,17.42,15.9594261971,39863,0.0000,1.0
2017-11-29,16.97,17.4,16.97,17.39,15.9319415366,186801,0.0000,1.0
2017-11-28,16.95,17.05,16.77,16.97,15.5471562896,13739,0.0000,1.0
2017-11-27,17.345,17.36,16.88,16.88,15.4647023081,3801,0.0000,1.0
2017-11-24,17.01,17.625,16.69,17.02,15.5929640571,4365,0.0000,1.0
2017-11-22,17.26,17.31,16.91,16.94,15.5196716291,25458,0.0000,1.0
2017-11-21,17.04,17.2,16.94,17.14,15.7029026991,14293,0.0000,1.0
2017-11-20,17.1,17.16,16.86,16.95,15.5288331826,14845,0.0000,1.0
2017-11-17,16.92,17.18,16.86,17.03,15.6021256106,8806,0.0000,1.0
2017-11-16,17.15,17.26,16.92,17.0,15.5746409501,28767,0.0000,1.0
2017-11-15,16.92,17.2,16.89,17.07,15.6387718246,16624,0.0000,1.0
2017-11-14,16.8881,17.18,16.75,17.03,15.6021256106,6219,0.0700,1.0
2017-11-13,16.6,17.07,16.55,16.91,15.4287686593,15831,0.0000,1.0
2017-11-10,16.82,17.4,16.67,16.67,15.2097914578,6108,0.0000,1.0
2017-11-09,16.69,16.95,16.5,16.79,15.3192800586,20236,0.0000,1.0
2017-11-08,16.89,17.05,16.6933,16.81,15.3375281587,19922,0.0000,1.0
2017-11-07,17.18,17.289,16.86,17.0,15.5108851099,26792,0.0000,1.0
2017-11-06,17.1,17.3,16.81,17.17,15.665993961,108617,0.0000,1.0
2017-11-03,16.7726,17.2,16.75,17.05,15.5565053602,400328,0.0000,1.0
2017-11-02,16.54,16.9,16.53,16.87,15.3922724591,8246,0.0000,1.0
2017-11-01,16.55,16.5897,16.4,16.53,15.0820547569,8127,0.0000,1.0
2017-10-31,16.53,16.53,16.385,16.46,15.0181864064,18594,0.0000,1.0
2017-10-30,16.65,16.7,16.44,16.46,15.0181864064,9908,0.0000,1.0
2017-10-27,16.82,16.95,16.71,16.87,15.3922724591,16776,0.0000,1.0
2017-10-26,16.86,16.98,16.76,16.87,15.3922724591,17933,0.0000,1.0
2017-10-25,16.85,16.87,16.8,16.87,15.3922724591,3540,0.0000,1.0
2017-10-24,17.06,17.37,16.86,16.91,15.4287686593,11737,0.0000,1.0
2017-10-23,17.16,17.16,16.8259,16.98,15.4926370098,7515,0.0000,1.0
2017-10-20,17.0,17.2,16.76,17.18,15.6751180111,18071,0.0000,1.0
2017-10-19,16.77,17.53,16.77,16.98,15.4926370098,15867,0.0000,1.0
2017-10-18,16.99,16.99,16.75,16.82,15.3466522088,12611,0.0000,1.0
2017-10-17,17.08,17.13,16.83,16.96,15.4743889097,9171,0.0000,1.0
2017-10-16,17.04,17.13,17.04,17.09,15.5930015605,43017,0.0000,1.0
2017-10-13,16.88,17.1,16.8,17.03,15.5382572601,9109,0.0000,1.0
2017-10-12,17.04,17.05,16.87,16.87,15.3922724591,10943,0.0000,1.0
2017-10-11,16.91,17.09,16.91,16.95,15.4652648596,40974,0.0000,1.0
2017-10-10,17.16,17.16,16.51,17.02,15.52913321,21347,0.0000,1.0
2017-10-09,17.17,17.2,16.86,17.07,15.5747534604,18421,0.0000,1.0
2017-10-06,16.98,17.15,16.98,17.12,15.6203737107,21125,0.0000,1.0
2017-10-05,17.01,17.145,16.96,16.99,15.5017610599,20080,0.0000,1.0
2017-10-04,16.98,17.0,16.94,16.98,15.4926370098,15244,0.0000,1.0
2017-10-03,16.98,17.0,16.8,16.95,15.4652648596,23921,0.0000,1.0
2017-10-02,16.66,17.0,16.66,16.95,15.4652648596,27398,0.0000,1.0
2017-09-29,16.6,16.83,16.51,16.65,15.1915433577,29503,0.0000,1.0
2017-09-28,16.46,16.72,16.42,16.56,15.1094269071,87432,0.0000,1.0
2017-09-27,16.3,16.55,16.3,16.4,14.963442106,59763,0.0000,1.0
2017-09-26,16.26,16.35,16.19,16.25,14.8265813551,44670,0.0000,1.0
2017-09-25,16.4,16.58,16.19,16.3,14.8722016054,38557,0.0000,1.0
2017-09-22,16.12,16.51,16.12,16.4,14.963442106,40757,0.0000,1.0
2017-09-21,16.22,16.28,16.08,16.15,14.7353408544,24796,0.0000,1.0
2017-09-20,16.31,16.42,16.06,16.19,14.7718370547,35586,0.0000,1.0
2017-09-19,16.49,16.58,16.27,16.31,14.8813256555,19096,0.0000,1.0
2017-09-18,16.355,16.6,16.34,16.52,15.0729307068,20739,0.0000,1.0
2017-09-15,16.55,16.6175,16.25,16.5,15.0546826067,43919,0.0000,1.0
2017-09-14,16.605,16.65,16.41,16.52,15.0729307068,12015,0.0000,1.0
2017-09-13,16.56,16.67,16.33,16.54,15.0911788069,20945,0.0000,1.0
2017-09-12,16.5,16.63,16.45,16.49,15.0455585566,63709,0.0000,1.0
2017-09-11,16.39,16.49,16.3201,16.43,14.9908142562,7244,0.0000,1.0
2017-09-08,16.33,16.49,16.25,16.29,14.8630775553,3922,0.0000,1.0
2017-09-07,16.32,16.47,16.2,16.26,14.8357054051,7916,0.0000,1.0
2017-09-06,16.45,16.47,16.25,16.25,14.8265813551,12523,0.0000,1.0
2017-09-05,16.45,16.45,16.34,16.34,14.9086978056,10779,0.0000,1.0
2017-09-01,16.49,16.73,16.4692,16.57,15.1185509571,16828,0.0000,1.0
2017-08-31,16.5,16.65,16.14,16.49,15.0455585566,12493,0.0000,1.0
2017-08-30,16.27,16.67,16.27,16.48,15.0364345066,10012,0.0000,1.0
2017-08-29,16.5401,16.7,16.5401,16.7,15.237163608,2325,0.0000,1.0
2017-08-28,16.66,17.0,16.66,16.77,15.3010319584,4869,0.0000,1.0
2017-08-25,16.74,16.89,16.7388,16.83,15.3557762588,4389,0.0000,1.0
2017-08-24,16.58,16.85,16.5,16.74,15.2736598082,13877,0.0000,1.0
2017-08-23,16.32,16.64,16.25,16.35,14.9178218557,14644,0.0000,1.0
2017-08-22,16.28,16.83,16.24,16.44,14.9999383063,34158,0.0000,1.0
2017-08-21,15.98,16.36,15.98,16.28,14.8539535053,11340,0.0000,1.0
2017-08-18,16.04,16.3,15.97,16.09,14.680596554,24875,0.0000,1.0
2017-08-17,16.38,16.49,16.0525,16.18,14.7627130046,14554,0.0000,1.0
2017-08-16,16.52,16.68,16.42,16.45,15.0090623564,11596,0.0000,1.0
2017-08-15,16.49,16.55,16.28,16.53,15.0820547569,22283,0.0000,1.0
2017-08-14,16.54,16.54,16.33,16.43,14.9908142562,12850,0.0000,1.0
2017-08-11,16.68,16.68,16.22,16.32,14.8904497055,9871,0.0000,1.0
2017-08-10,16.65,16.73,16.55,16.56,15.1094269071,24680,0.0500,1.0
2017-08-09,16.72,16.85,16.66,16.7,15.1912961679,16835,0.0000,1.0
2017-08-08,16.6401,17.0,16.6401,16.9,15.3732278585,68685,0.0000,1.0
2017-08-07,16.95,16.95,16.59,16.6,15.1003303225,12317,0.0000,1.0
2017-08-04,16.79,17.14,16.79,16.8,15.2822620132,18337,0.0000,1.0
2017-08-03,17.05,17.09,16.71,16.78,15.2640688441,7285,0.0000,1.0
2017-08-02,17.09,17.15,16.95,17.07,15.5278697955,10448,0.0000,1.0
2017-08-01,17.0,17.17,16.8863,17.17,15.6188356408,15205,0.0000,1.0
2017-07-31,17.34,17.34,16.77,16.89,15.364131274,12608,0.0000,1.0
2017-07-28,16.93,17.005,16.82,16.87,15.3459381049,5767,0.0000,1.0
2017-07-27,17.03,17.14,16.58,16.92,15.3914210276,8082,0.0000,1.0
2017-07-26,16.97,17.33,16.8,16.97,15.4369039502,15539,0.0000,1.0
2017-07-25,16.53,17.0,16.43,16.82,15.3004551822,19342,0.0000,1.0
2017-07-24,16.52,16.825,16.35,16.38,14.9002054628,35523,0.0000,1.0
2017-07-21,17.3,17.3,16.26,16.5,15.0093644772,21834,0.0000,1.0
2017-07-20,16.7,16.89,16.55,16.71,15.2003927524,9225,0.0000,1.0
2017-07-19,16.75,16.75,16.02,16.71,15.2003927524,5159,0.0000,1.0
2017-07-18,16.71,16.845,16.6,16.76,15.245875675,24141,0.0000,1.0
2017-07-17,16.96,16.96,16.75,16.84,15.3186483513,7381,0.0000,1.0
2017-07-14,16.77,17.13,16.77,17.06,15.518773211,4452,0.0000,1.0
2017-07-13,16.97,16.97,16.76,16.87,15.3459381049,4157,0.0000,1.0
2017-07-12,16.76,17.06,16.76,17.0,15.4641937038,14282,0.0000,1.0
2017-07-11,16.325,16.77,16.325,16.75,15.2367790905,16216,0.0000,1.0
2017-07-10,16.85,16.97,16.75,16.85,15.3277449358,7878,0.0000,1.0
2017-07-07,16.99,17.04,16.7501,16.98,15.4460005347,12647,0.0000,1.0
2017-07-06,16.8,16.9,16.515,16.71,15.2003927524,9687,0.0000,1.0
2017-07-05,16.68,16.95,16.5,16.88,15.3550346894,20238,0.0000,1.0
2017-07-03,16.48,16.93,16.48,16.74,15.227682506,8137,0.0000,1.0
2017-06-30,16.58,17.26,16.35,16.45,14.9638815546,31704,0.0000,1.0
2017-06-29,16.61,17.0,16.35,16.56,15.0639439844,19380,0.0000,1.0
2017-06-28,16.36,16.9,15.17,16.55,15.0548473999,50743,0.0000,1.0
2017-06-27,16.22,16.66,16.22,16.25,14.7819498639,44369,0.0000,1.0
2017-06-26,16.86,17.27,16.2,16.2,14.7364669413,49498,0.0000,1.0
2017-06-23,16.43,16.9758,16.07,16.89,15.364131274,115004,0.0000,1.0
2017-06-22,16.55,16.84,16.19,16.41,14.9274952164,21719,0.0000,1.0
2017-06-21,17.01,17.01,16.4,16.51,15.0184610618,33530,0.0000,1.0
2017-06-20,17.16,17.28,16.71,16.99,15.4550971193,19937,0.0000,1.0
2017-06-19,17.0,17.36,16.5,17.18,15.6279322254,39966,0.0000,1.0
2017-06-16,16.99,17.18,16.745,17.0,15.4641937038,104190,0.0000,1.0
2017-06-15,17.03,17.2,17.02,17.11,15.5642561337,16878,0.0000,1.0
2017-06-14,16.87,17.2,16.87,17.12,15.5733527182,57612,0.0000,1.0
2017-06-13,16.89,17.15,16.56,16.88,15.3550346894,21540,0.0000,1.0
2017-06-12,16.99,17.11,16.58,16.86,15.3368415204,21896,0.0000,1.0
2017-06-09,17.02,17.11,16.75,16.92,15.3914210276,42462,0.0000,1.0
2017-06-08,16.2,16.86,16.2,16.65,15.1458132452,21023,0.0000,1.0
2017-06-07,16.1,16.6,16.05,16.19,14.7273703567,9698,0.0000,1.0
2017-06-06,16.27,16.47,16.11,16.32,14.8456259557,10771,0.0000,1.0
2017-06-05,16.61,16.6226,16.21,16.4,14.9183986319,17256,0.0000,1.0
2017-06-02,16.23,17.03,16.23,16.7,15.1912961679,23674,0.0000,1.0
2017-06-01,16.06,16.65,15.88,16.22,14.7546601103,14689,0.0000,1.0
2017-05-31,15.96,16.7599,15.85,15.93,14.4908591589,18013,0.0000,1.0
2017-05-30,15.95,16.4,15.5757,15.86,14.4271830672,34148,0.0000,1.0
2017-05-26,16.0,16.3,15.73,15.98,14.5363420816,9374,0.0000,1.0
2017-05-25,16.03,16.06,15.592,15.86,14.4271830672,14902,0.0000,1.0
2017-05-24,16.06,16.41,15.75,16.0,14.5545352506,20473,0.0000,1.0
2017-05-23,15.91,16.06,15.7046,16.06,14.6091147578,13790,0.0000,1.0
2017-05-22,15.76,16.02,15.68,15.9,14.4635694053,12699,0.0000,1.0
2017-05-19,15.7,16.02,15.63,15.64,14.2270582075,33545,0.0000,1.0
2017-05-18,16.13,16.13,15.7,15.74,14.3180240528,17104,0.0000,1.0
2017-05-17,16.15,16.1601,15.62,15.73,14.3089274683,27064,0.0000,1.0
2017-05-16,16.2808,16.52,16.15,16.49,15.0002678927,16617,0.0000,1.0
2017-05-15,16.23,16.58,16.13,16.25,14.7819498639,22017,0.0000,1.0
2017-05-12,16.48,16.49,16.07,16.17,14.7091771877,19171,0.0000,1.0
2017-05-11,16.46,16.67,16.21,16.63,15.1276200761,37399,0.0500,1.0
2017-05-10,16.54,16.68,16.38,16.58,15.0369269102,21541,0.0000,1.0
2017-05-09,16.62,16.62,16.4,16.56,15.018788277,25347,0.0000,1.0
2017-05-08,16.36,16.73,16.36,16.55,15.0097189604,43410,0.0000,1.0
2017-05-05,16.44,16.67,16.44,16.55,15.0097189604,24339,0.0000,1.0
2017-05-04,16.58,16.735,16.41,16.59,15.0459962268,26076,0.0000,1.0
2017-05-03,16.43,16.55,16.25,16.41,14.8827485281,56094,0.0000,1.0
2017-05-02,16.7253,16.75,16.4,16.51,14.9734416941,24789,0.0000,1.0
2017-05-01,16.8,16.97,16.55,16.64,15.0913428098,37719,0.0000,1.0
2017-04-28,16.96,17.1,16.49,16.59,15.0459962268,52070,0.0000,1.0
2017-04-27,17.07,17.2,16.84,16.95,15.3724916241,53748,0.0000,1.0
2017-04-26,16.99,17.23,16.96,17.07,15.4813234232,59836,0.0000,1.0
2017-04-25,16.92,17.09,16.71,16.94,15.3634223075,37561,0.0000,1.0
2017-04-24,16.99,17.24,16.62,16.84,15.2727291416,33935,0.0000,1.0
2017-04-21,16.97,17.1564,16.63,16.75,15.1911052923,40270,0.0000,1.0
2017-04-20,17.2,17.53,16.9616,17.11,15.5176006896,33250,0.0000,1.0
2017-04-19,17.06,17.15,16.91,17.08,15.4903927398,67917,0.0000,1.0
2017-04-18,16.52,17.16,16.52,17.04,15.4541154735,12414,0.0000,1.0
2017-04-17,16.44,16.76,16.38,16.6,15.0550655434,28016,0.0000,1.0
2017-04-13,16.57,16.76,16.47,16.58,15.0369269102,28281,0.0000,1.0
2017-04-12,17.1,17.3043,16.65,16.7,15.1457587093,25060,0.0000,1.0
2017-04-11,16.93,17.24,16.885,17.21,15.6082938555,35671,0.0000,1.0
2017-04-10,17.13,17.2,16.5759,16.91,15.3362143578,10919,0.0000,1.0
2017-04-07,17.11,17.36,16.37,17.13,15.5357393228,16252,0.0000,1.0
2017-04-06,17.18,17.32,17.05,17.23,15.6264324887,57557,0.0000,1.0
2017-04-05,17.1,17.12,16.3255,17.04,15.4541154735,36394,0.0000,1.0
2017-04-04,16.86,17.1,16.8,17.08,15.4903927398,24958,0.0000,1.0
2017-04-03,16.79,17.05,16.6,16.91,15.3362143578,47397,0.0000,1.0
2017-03-31,16.53,16.78,16.45,16.71,15.1548280259,25350,0.0000,1.0
2017-03-30,16.42,16.82,16.42,16.78,15.2183132421,21242,0.0000,1.0
2017-03-29,16.05,16.61,16.02,16.54,15.0006496438,34138,0.0000,1.0
2017-03-28,15.85,16.23,15.5,16.19,14.6832235631,39330,0.0000,1.0
2017-03-27,15.78,16.27,15.5128,15.93,14.4474213317,70454,0.0000,1.0
2017-03-24,15.84,16.09,15.5625,15.86,14.3839361156,58067,0.0000,1.0
2017-03-23,15.73,15.97,15.6,15.7,14.2388270501,17514,0.0000,1.0
2017-03-22,16.0,16.0,15.47,15.67,14.2116191003,18601,0.0000,1.0
2017-03-21,16.94,16.94,16.06,16.07,14.574391764,16961,0.0000,1.0
2017-03-20,16.73,16.99,16.47,16.82,15.2545905084,17821,0.0000,1.0
2017-03-17,16.77,16.97,16.46,16.86,15.2908677748,47057,0.0000,1.0
2017-03-16,16.69,16.95,16.69,16.84,15.2727291416,22899,0.0000,1.0
2017-03-15,16.46,16.95,16.25,16.62,15.0732041766,102728,0.0000,1.0
2017-03-14,16.27,16.68,16.27,16.34,14.819263312,92573,0.0000,1.0
2017-03-13,16.56,16.61,16.26,16.38,14.8555405784,21744,0.0000,1.0
2017-03-10,16.7,16.7,16.31,16.49,14.9553030609,25836,0.0000,1.0
2017-03-09,16.9,16.9,16.55,16.6,15.0550655434,18229,0.0000,1.0
2017-03-08,16.77,17.0,16.77,16.9,15.3271450412,35103,0.0000,1.0
2017-03-07,16.68,16.77,16.2201,16.71,15.1548280259,63290,0.0000,1.0
2017-03-06,16.97,17.19,16.39,16.77,15.2092439255,30616,0.0000,1.0
2017-03-03,17.28,17.35,16.96,17.0,15.4178382071,20667,0.0000,1.0
2017-03-02,17.76,17.76,17.245,17.27,15.6627097551,57306,0.0000,1.0
2017-03-01,17.53,17.92,17.36,17.76,16.1071062681,51934,0.0000,1.0
2017-02-28,17.36,17.41,17.28,17.37,15.753402921,77388,0.0000,1.0
2017-02-27,17.38,17.38,17.0388,17.32,15.708056338,34730,0.0000,1.0
2017-02-24,17.39,17.47,16.97,17.42,15.798749504,23915,0.0000,1.0
2017-02-23,17.5,17.54,17.24,17.51,15.8803733533,26006,0.0000,1.0
2017-02-22,17.42,17.42,17.26,17.37,15.753402921,28958,0.0000,1.0
2017-02-21,17.43,17.43,17.26,17.33,15.7171256546,38167,0.0000,1.0
2017-02-17,17.31,17.37,17.19,17.32,15.708056338,40944,0.0000,1.0
2017-02-16,17.26,17.4,17.26,17.32,15.708056338,50635,0.0000,1.0
2017-02-15,17.3,17.37,17.25,17.3,15.6899177049,51316,0.0500,1.0
2017-02-14,17.25,17.4,17.25,17.32,15.6627881642,50069,0.0000,1.0
2017-02-13,17.23,17.3,17.125,17.26,15.6085290828,90779,0.0000,1.0
2017-02-10,17.08,17.48,16.99,17.05,15.4186222979,46472,0.0000,1.0
2017-02-09,16.72,17.07,16.72,17.01,15.3824495769,29343,0.0000,1.0
2017-02-08,16.81,16.9099,16.625,16.83,15.2196723327,29575,0.0000,1.0
2017-02-07,16.73,16.9,16.65,16.88,15.2648882339,28142,0.0000,1.0
2017-02-06,16.66,17.17,16.57,16.65,15.0568950885,108146,0.0000,1.0
2017-02-03,16.54,16.79,16.51,16.76,15.1563700711,36117,0.0000,1.0
2017-02-02,16.39,16.575,16.39,16.42,14.8489019432,22594,0.0000,1.0
2017-02-01,16.15,16.7,16.15,16.57,14.9845496467,52807,0.0000,1.0
2017-01-31,15.7999,16.14,15.7999,16.09,14.5504769955,114583,0.0000,1.0
2017-01-30,15.96,16.0,15.725,15.89,14.3696133908,14104,0.0000,1.0
2017-01-27,16.01,16.1,15.97,15.97,14.4419588327,19173,0.0000,1.0
2017-01-26,16.02,16.04,15.75,16.04,14.5052610943,23196,0.0000,1.0
2017-01-25,15.89,16.13,15.79,15.98,14.4510020129,20737,0.0000,1.0
2017-01-24,15.73,15.9,15.56,15.87,14.3515270303,29134,0.0000,1.0
2017-01-23,15.7,15.7,15.49,15.59,14.0983179838,18420,0.0000,1.0
2017-01-20,15.5,15.98,15.49,15.55,14.0621452629,35910,0.0000,1.0
2017-01-19,15.57,15.69,15.4201,15.5,14.0169293617,8356,0.0000,1.0
2017-01-18,15.58,15.77,15.55,15.76,14.2520520478,13114,0.0000,1.0
2017-01-17,15.63,15.64,15.47,15.5,14.0169293617,26654,0.0000,1.0
2017-01-13,15.66,15.9,15.53,15.82,14.3063111292,16475,0.0000,1.0
2017-01-12,15.71,15.87,15.46,15.56,14.0711884431,15686,0.0000,1.0
2017-01-11,15.51,16.03,14.94,15.76,14.2520520478,32863,0.0000,1.0
2017-01-10,15.31,15.6,15.31,15.52,14.0350157222,12764,0.0000,1.0
2017-01-09,14.96,15.29,14.635,15.23,13.7727634954,19230,0.0000,1.0
2017-01-06,15.25,15.25,15.01,15.03,13.5918998907,10536,0.0000,1.0
2017-01-05,15.55,15.55,15.01,15.22,13.7637203152,24368,0.0000,1.0
2017-01-04,15.44,15.6,15.44,15.49,14.0078861815,20683,0.0000,1.0
2017-01-03,15.4,15.64,15.3065,15.48,13.9988430012,88588,0.0000,1.0
2016-12-30,15.36,15.45,15.1,15.25,13.7908498559,39301,0.0000,1.0
2016-12-29,15.44,15.59,15.25,15.28,13.8179793966,20613,0.0000,1.0
2016-12-28,15.76,15.76,15.49,15.5,14.0169293617,27102,0.0000,1.0
2016-12-27,15.93,16.07,15.68,15.83,14.3153543094,25503,0.0000,1.0
2016-12-23,15.98,16.0,15.98,16.0,14.4690883734,8546,0.0000,1.0
2016-12-22,15.75,15.99,15.58,15.91,14.3876997513,34125,0.0000,1.0
2016-12-21,16.11,16.11,14.7924,15.76,14.2520520478,20795,0.0000,1.0
2016-12-20,15.87,16.18,15.79,16.04,14.5052610943,23830,0.0000,1.0
2016-12-19,15.7254,15.82,15.6519,15.8,14.2882247687,27013,0.0000,1.0
2016-12-16,15.8,15.84,15.4666,15.67,14.1706634257,59835,0.0000,1.0
2016-12-15,15.44,15.85,15.43,15.73,14.2249225071,24589,0.0000,1.0
2016-12-14,15.95,15.95,15.41,15.44,13.9626702803,45565,0.0000,1.0
2016-12-13,15.87,16.33,15.74,15.95,14.4238724722,48086,0.0000,1.0
2016-12-12,16.35,16.729,15.75,15.78,14.2701384082,31471,0.0000,1.0
2016-12-09,16.04,16.9,15.91,16.54,14.957420106,49848,0.0000,1.0
2016-12-08,15.26,16.25,15.26,15.97,14.4419588327,35204,0.0000,1.0
2016-12-07,15.54,16.27,15.54,15.86,14.3424838501,25581,0.0000,1.0
2016-12-06,14.92,15.62,14.84,15.59,14.0983179838,48614,0.0000,1.0
2016-12-05,14.33,14.98,14.29,14.93,13.5014680884,41776,0.0000,1.0
2016-12-02,13.94,14.4,13.94,14.21,12.8503591116,157824,0.0000,1.0
2016-12-01,13.95,14.0,13.9,13.99,12.6514091465,45276,0.0000,1.0
2016-11-30,14.0,14.0,13.301,13.95,12.6152364255,110324,0.0000,1.0
2016-11-29,14.08,14.08,13.85,13.94,12.6061932453,28486,0.0000,1.0
2016-11-28,14.08,14.58,13.97,13.99,12.6514091465,34301,0.0000,1.0
2016-11-25,14.17,16.68,13.98,14.02,12.6785386872,25904,0.0000,1.0
2016-11-23,14.19,14.23,13.87,14.05,12.7056682279,293165,0.0000,1.0
2016-11-22,14.1,14.25,13.25,14.1,12.750884129,40983,0.0000,1.0
2016-11-21,13.92,14.22,13.71,14.12,12.7689704895,17411,0.0000,1.0
2016-11-18,13.9,13.955,13.83,13.93,12.5971500651,31019,0.0000,1.0
2016-11-17,13.94,13.94,13.78,13.93,12.5971500651,15362,0.0000,1.0
2016-11-16,13.84,13.95,13.82,13.9,12.5700205244,18638,0.0000,1.0
2016-11-15,13.6,14.03,13.46,13.83,12.5067182627,24028,0.0000,1.0
2016-11-14,14.56,14.56,13.78,14.2,12.8413159314,26103,0.0000,1.0
2016-11-11,14.7,14.89,14.27,14.4,13.022179536,71826,0.0000,1.0
2016-11-10,13.55,14.74,13.2,14.7,13.293474943,22596,0.0000,1.0
2016-11-09,13.27,13.5,12.96,13.5,12.208293315,11694,0.0500,1.0
2016-11-08,12.975,13.39,12.975,13.32,12.001067672,12265,0.0000,1.0
2016-11-07,12.82,13.12,12.72,13.09,11.7938420291,44793,0.0000,1.0
2016-11-04,12.52,12.81,12.5,12.66,11.4064201748,27728,0.0000,1.0
2016-11-03,12.45,12.63,12.25,12.52,11.2802828269,11837,0.0000,1.0
2016-11-02,12.4,12.52,11.4892,12.37,11.1451356684,39982,0.0000,1.0
2016-11-01,12.81,12.81,12.32,12.35,11.1271160473,11345,0.0000,1.0
2016-10-31,12.7478,12.86,12.7478,12.77,11.505528091,12448,0.0000,1.0
2016-10-28,12.91,12.99,12.72,12.79,11.5235477121,5580,0.0000,1.0
2016-10-27,12.88,12.9988,12.87,12.89,11.6136458178,15373,0.0000,1.0
2016-10-26,12.8,12.89,12.735,12.82,11.5505771438,13320,0.0000,1.0
2016-10-25,12.96,13.0532,12.88,12.89,11.6136458178,21341,0.0000,1.0
2016-10-24,12.71,12.972,12.6424,12.94,11.6586948706,16358,0.0000,1.0
2016-10-21,11.53,12.62,11.53,12.62,11.3703809325,47466,0.0000,1.0
2016-10-20,11.94,12.31,11.9,12.23,11.0189983205,16385,0.0000,1.0
2016-10-19,11.856,11.9,11.65,11.84,10.6676157085,19353,0.0000,1.0
2016-10-18,11.8,11.8,11.78,11.79,10.6225666557,42860,0.0000,1.0
2016-10-17,11.6625,11.78,11.6625,11.77,10.6045470345,4911,0.0000,1.0
2016-10-14,11.65,11.73,11.6,11.66,10.5054391183,7466,0.0000,1.0
2016-10-13,11.78,11.97,11.56,11.59,10.4423704444,13847,0.0000,1.0
2016-10-12,11.7877,11.82,11.7877,11.8,10.6315764662,9223,0.0000,1.0
2016-10-11,11.82,11.84,11.81,11.83,10.6586058979,7748,0.0000,1.0
2016-10-10,11.8,11.85,11.8,11.83,10.6586058979,10032,0.0000,1.0
2016-10-07,11.8,11.825,11.78,11.79,10.6225666557,16496,0.0000,1.0
2016-10-06,11.78,11.85,11.77,11.8,10.6315764662,13217,0.0000,1.0
2016-10-05,11.66,11.9,11.66,11.86,10.6856353296,13214,0.0000,1.0
2016-10-04,11.76,11.77,11.595,11.65,10.4964293078,9779,0.0000,1.0
2016-10-03,11.66,11.75,11.63,11.67,10.5144489289,29027,0.0000,1.0
2016-09-30,11.69,11.89,11.69,11.78,10.6135568451,13975,0.0000,1.0
2016-09-29,11.68,11.73,11.62,11.63,10.4784096866,9054,0.0000,1.0
2016-09-28,11.74,11.8,11.59,11.79,10.6225666557,126935,0.0000,1.0
2016-09-27,11.79,11.83,11.64,11.78,10.6135568451,11503,0.0000,1.0
2016-09-26,11.73,11.84,11.64,11.75,10.5865274134,16449,0.0000,1.0
2016-09-23,11.96,11.98,11.8,11.83,10.6586058979,9426,0.0000,1.0
2016-09-22,11.97,12.0,11.9,11.95,10.7667236247,17859,0.0000,1.0
2016-09-21,11.91,11.99,11.9,11.95,10.7667236247,23146,0.0000,1.0
2016-09-20,11.89,11.91,11.73,11.84,10.6676157085,23489,0.0000,1.0
2016-09-19,11.78,11.89,11.77,11.85,10.676625519,44025,0.0000,1.0
2016-09-16,11.67,11.69,11.52,11.65,10.4964293078,202105,0.0000,1.0
2016-09-15,11.52,11.74,11.46,11.58,10.4333606338,26447,0.0000,1.0
2016-09-14,11.6,11.8899,11.59,11.67,10.5144489289,11513,0.0000,1.0
2016-09-13,11.6,11.7199,11.45,11.62,10.4693998761,19416,0.0000,1.0
2016-09-12,11.67,11.67,11.4201,11.55,10.4063312021,37499,0.0000,1.0
2016-09-09,11.81,11.81,11.5,11.64,10.4874194972,21634,0.0000,1.0
2016-09-08,11.78,11.88,11.68,11.88,10.7036549507,18351,0.0000,1.0
2016-09-07,11.63,11.89,11.5826,11.82,10.6495960873,23650,0.0000,1.0
2016-09-06,11.68,11.8399,11.6,11.75,10.5865274134,16319,0.0000,1.0
2016-09-02,11.59,11.84,11.5,11.68,10.5234587394,15585,0.0000,1.0
2016-09-01,11.67,11.7529,11.4401,11.58,10.4333606338,14461,0.0000,1.0
2016-08-31,11.81,11.88,11.47,11.63,10.4784096866,41090,0.0000,1.0
2016-08-30,11.74,11.87,11.57,11.75,10.5865274134,14659,0.0000,1.0
2016-08-29,11.64,11.79,11.61,11.68,10.5234587394,10273,0.0000,1.0
2016-08-26,11.83,11.88,11.68,11.76,10.595537224,9339,0.0000,1.0
2016-08-25,11.68,11.81,11.68,11.77,10.6045470345,9499,0.0000,1.0
2016-08-24,11.68,11.87,11.64,11.79,10.6225666557,28513,0.0000,1.0
2016-08-23,11.85,11.89,11.65,11.74,10.5775176028,17031,0.0000,1.0
2016-08-22,11.82,11.82,11.6,11.78,10.6135568451,14389,0.0000,1.0
2016-08-19,11.82,11.82,11.66,11.7,10.5414783606,22961,0.0000,1.0
2016-08-18,11.69,11.83,11.65,11.78,10.6135568451,16814,0.0000,1.0
2016-08-17,11.73,11.83,11.51,11.65,10.4964293078,20373,0.0000,1.0
2016-08-16,11.55,11.75,11.44,11.68,10.5234587394,19382,0.0000,1.0
2016-08-15,11.52,11.61,11.4701,11.55,10.4063312021,21237,0.0000,1.0
2016-08-12,11.58,11.7,11.54,11.6,10.4513802549,16339,0.0000,1.0
2016-08-11,11.43,11.77,11.43,11.59,10.4423704444,25898,0.0300,1.0
2016-08-10,11.7,11.71,11.48,11.6,10.4243973455,16053,0.0000,1.0
2016-08-09,11.6744,11.76,11.63,11.7,10.5142628398,16179,0.0000,1.0
2016-08-08,11.63,11.775,11.56,11.75,10.559195587,15220,0.0000,1.0
2016-08-05,11.71,11.8,11.6,11.78,10.5861552353,20264,0.0000,1.0
2016-08-04,11.75,11.78,11.51,11.67,10.4873031915,7602,0.0000,1.0
2016-08-03,11.72,11.8,11.58,11.77,10.5771686859,16282,0.0000,1.0
2016-08-02,11.72,11.84,11.53,11.71,10.5232493893,11625,0.0000,1.0
2016-08-01,11.66,11.74,11.57,11.69,10.5052762904,9525,0.0000,1.0
2016-07-29,11.67,11.87,11.46,11.76,10.5681821365,49604,0.0000,1.0
2016-07-28,11.82,11.89,11.7,11.79,10.5951417848,21045,0.0000,1.0
2016-07-27,11.78,11.93,11.62,11.88,10.6760207297,25550,0.0000,1.0
2016-07-26,11.71,11.95,11.71,11.88,10.6760207297,19913,0.0000,1.0
2016-07-25,11.65,11.93,11.65,11.87,10.6670341803,50692,0.0000,1.0
2016-07-22,11.25,11.76,11.25,11.55,10.3794645983,25728,0.0000,1.0
2016-07-21,11.33,11.43,11.21,11.42,10.2626394556,22534,0.0000,1.0
2016-07-20,11.37,11.43,11.285,11.39,10.2356798073,18976,0.0000,1.0
2016-07-19,11.32,11.4,11.265,11.38,10.2266932579,15084,0.0000,1.0
2016-07-18,11.35,11.43,11.07,11.32,10.1727739613,23962,0.0000,1.0
2016-07-15,11.58,11.698,11.37,11.43,10.2716260051,32258,0.0000,1.0
2016-07-14,11.2,11.7,11.2,11.53,10.3614914994,52035,0.0000,1.0
2016-07-13,11.71,11.8,11.53,11.59,10.4154107961,20045,0.0000,1.0
2016-07-12,11.87,11.87,11.63,11.67,10.4873031915,57903,0.0000,1.0
2016-07-11,11.63,11.8299,11.63,11.68,10.496289741,76737,0.0000,1.0
2016-07-08,11.71,11.7569,11.68,11.7,10.5142628398,36176,0.0000,1.0
2016-07-07,11.61,11.77,11.61,11.69,10.5052762904,12435,0.0000,1.0
2016-07-06,11.79,11.875,11.65,11.75,10.559195587,33781,0.0000,1.0
2016-07-05,11.75,11.95,11.37,11.85,10.6490610814,38899,0.0000,1.0
2016-07-01,11.52,12.11,11.52,11.86,10.6580476308,11527,0.0000,1.0
2016-06-30,11.74,11.79,11.74,11.75,10.559195587,13948,0.0000,1.0
2016-06-29,11.68,11.85,11.51,11.63,10.4513569938,29399,0.0000,1.0
2016-06-28,11.17,11.53,11.15,11.44,10.2806125545,91860,0.0000,1.0
2016-06-27,11.02,11.29,11.02,11.16,10.0289891703,62429,0.0000,1.0
2016-06-24,11.21,11.51,10.79,10.9,9.79533888499,1162153,0.0000,1.0
2016-06-23,11.17,11.77,11.17,11.36,10.208720159,129371,0.0000,1.0
2016-06-22,11.03,11.3,10.96,11.2,10.0649353681,77279,0.0000,1.0
2016-06-21,11.18,11.19,10.91,10.96,9.8492581816,49352,0.0000,1.0
2016-06-20,11.24,11.37,11.2,11.2,10.0649353681,59883,0.0000,1.0
2016-06-17,11.2,11.2,11.03,11.09,9.96608332427,25899,0.0000,1.0
2016-06-16,11.07,11.24,11.05,11.2,10.0649353681,108688,0.0000,1.0
2016-06-15,11.17,11.17,11.02,11.1,9.9750698737,13268,0.0000,1.0
2016-06-14,11.07,11.14,11.04,11.12,9.99304297257,21740,0.0000,1.0
2016-06-13,11.15,11.48,11.05,11.16,10.0289891703,59745,0.0000,1.0
2016-06-10,11.18,11.18,11.06,11.15,10.0200026209,11185,0.0000,1.0
2016-06-09,11.124,11.17,11.1,11.17,10.0379757198,13594,0.0000,1.0
2016-06-08,11.08,11.2,11.04,11.17,10.0379757198,15973,0.0000,1.0
2016-06-07,11.0,11.4,10.75,11.12,9.99304297257,20285,0.0000,1.0
2016-06-06,10.94,11.2,10.3399,11.05,9.93013712652,48208,0.0000,1.0
2016-06-03,10.85,11.05,10.38,10.96,9.8492581816,34466,0.0000,1.0
2016-06-02,11.08,11.08,10.75,10.84,9.74141958837,26178,0.0000,1.0
2016-06-01,11.03,11.2,10.98,11.01,9.89419092878,10081,0.0000,1.0
2016-05-31,11.16,11.35,10.976,11.02,9.90317747822,8873,0.0000,1.0
2016-05-27,11.12,11.26,11.05,11.21,10.0739219175,7784,0.0000,1.0
2016-05-26,11.0,11.44,10.23,11.23,10.0918950164,18185,0.0000,1.0
2016-05-25,11.36,11.55,11.31,11.39,10.2356798073,17876,0.0000,1.0
2016-05-24,11.43,11.55,11.35,11.39,10.2356798073,14566,0.0000,1.0
2016-05-23,11.57,11.625,11.38,11.47,10.3075722028,18786,0.0000,1.0
2016-05-20,11.69,11.69,11.52,11.58,10.4064242466,19882,0.0000,1.0
2016-05-19,11.68,11.685,11.59,11.65,10.4693300927,13776,0.0000,1.0
2016-05-18,11.62,11.75,11.62,11.7,10.5142628398,70528,0.0000,1.0
2016-05-17,11.75,11.75,11.62,11.67,10.4873031915,19140,0.0000,1.0
2016-05-16,11.62,11.9,11.62,11.75,10.559195587,21185,0.0000,1.0
2016-05-13,11.8,11.8,11.422,11.65,10.4693300927,6187,0.0000,1.0
2016-05-12,11.85,11.85,11.78,11.8,10.6041283342,18510,0.0300,1.0
2016-05-11,11.85,11.9,11.82,11.82,10.595164574,9993,0.0000,1.0
2016-05-10,11.89,11.9099,11.84,11.85,10.6220558546,107366,0.0000,1.0
2016-05-09,11.85,11.9599,11.82,11.91,10.6758384159,64388,0.0000,1.0
2016-05-06,11.82,11.94,11.8196,11.9,10.6668746557,20060,0.0000,1.0
2016-05-05,11.88,11.9,11.6801,11.85,10.6220558546,19489,0.0000,1.0
2016-05-04,11.79,11.86,11.67,11.82,10.595164574,14170,0.0000,1.0
2016-05-03,11.82,11.82,11.71,11.82,10.595164574,19290,0.0000,1.0
2016-05-02,11.75,11.88,11.68,11.84,10.6130920944,44018,0.0000,1.0
2016-04-29,11.68,11.75,11.65,11.74,10.5234544923,8960,0.0000,1.0
2016-04-28,11.93,11.93,11.61,11.65,10.4427806503,13640,0.0000,1.0
2016-04-27,11.96,11.99,11.68,11.93,10.6937659364,21098,0.0000,1.0
2016-04-26,11.93,11.97,11.7384,11.91,10.6758384159,21139,0.0000,1.0
2016-04-25,11.62,11.95,11.5544,11.91,10.6758384159,30360,0.0000,1.0
2016-04-22,11.92,11.92,11.5665,11.66,10.4517444106,18722,0.0000,1.0
2016-04-21,12.0,12.09,11.924,12.0,10.7565122579,18258,0.0000,1.0
2016-04-20,12.0,12.0,11.87,12.0,10.7565122579,16325,0.0000,1.0
2016-04-19,11.93,12.05,11.83,12.0,10.7565122579,21561,0.0000,1.0
2016-04-18,12.03,12.22,11.9201,12.04,10.7923672987,25695,0.0000,1.0
2016-04-15,12.29,12.32,12.16,12.23,10.9626787428,20258,0.0000,1.0
2016-04-14,12.25,12.3,12.195,12.24,10.971642503,19733,0.0000,1.0
2016-04-13,12.32,12.3399,12.09,12.25,10.9806062632,25884,0.0000,1.0
2016-04-12,12.28,12.35,12.233,12.31,11.0343888245,23282,0.0000,1.0
2016-04-11,12.33,12.4,12.2701,12.37,11.0881713858,23566,0.0000,1.0
2016-04-08,12.44,12.44,12.27,12.33,11.052316345,54842,0.0000,1.0
2016-04-07,12.44,12.5,12.34,12.35,11.0702438654,21464,0.0000,1.0
2016-04-06,12.43,12.5,12.3101,12.45,11.1598814675,108925,0.0000,1.0
2016-04-05,12.35,12.48,12.224,12.44,11.1509177073,50570,0.0000,1.0
2016-04-04,12.04,12.46,12.04,12.35,11.0702438654,62161,0.0000,1.0
2016-04-01,12.03,12.15,11.93,12.14,10.8820049009,42882,0.0000,1.0
2016-03-31,11.97,12.08,11.95,11.98,10.7385847374,70883,0.0000,1.0
2016-03-30,11.95,12.1,11.95,12.05,10.8013310589,52343,0.0000,1.0
2016-03-29,12.0,12.03,11.96,11.99,10.7475484976,43185,0.0000,1.0
2016-03-28,12.0,12.15,11.925,12.0,10.7565122579,91275,0.0000,1.0
2016-03-24,11.92,12.0,11.9,11.99,10.7475484976,33921,0.0000,1.0
2016-03-23,11.78,12.0,11.78,11.94,10.7027296966,39974,0.0000,1.0
2016-03-22,12.06,12.06,11.81,11.94,10.7027296966,46062,0.0000,1.0
2016-03-21,12.05,12.06,11.97,12.03,10.7834035385,49095,0.0000,1.0
2016-03-18,11.61,12.039,11.37,11.97,10.7296209772,368601,0.0000,1.0
2016-03-17,12.05,12.05,11.4,11.51,10.3172880073,103800,0.0000,1.0
2016-03-16,12.03,12.23,11.92,12.0,10.7565122579,18786,0.0000,1.0
2016-03-15,11.93,12.1,11.82,12.03,10.7834035385,28040,0.0000,1.0
2016-03-14,12.24,12.59,11.59,12.06,10.8102948191,63213,0.0000,1.0
2016-03-11,12.03,12.25,11.7,12.1,10.84614986,67215,0.0000,1.0
2016-03-10,11.43,12.11,11.3856,12.09,10.8371860998,44362,0.0000,1.0
2016-03-09,11.33,11.4,11.3,11.39,10.2097228848,39395,0.0000,1.0
2016-03-08,11.36,11.4,11.03,11.3,10.1290490428,34498,0.0000,1.0
2016-03-07,11.13,11.35,11.03,11.35,10.1738678439,42067,0.0000,1.0
2016-03-04,11.3,11.39,11.01,11.04,9.89599127723,11354,0.0000,1.0
2016-03-03,11.28,11.37,11.25,11.34,10.1649040837,7088,0.0000,1.0
2016-03-02,11.39,11.4,11.25,11.38,10.2007591245,8297,0.0000,1.0
2016-03-01,11.37,11.38,11.26,11.37,10.1917953643,7205,0.0000,1.0
2016-02-29,11.36,11.4,11.25,11.27,10.1021577622,18627,0.0000,1.0
2016-02-26,11.39,11.39,11.3,11.3,10.1290490428,15192,0.0000,1.0
2016-02-25,11.3639,11.4,11.08,11.33,10.1559403235,13909,0.0000,1.0
2016-02-24,11.19,11.39,10.95,11.06,9.91391879766,15262,0.0000,1.0
2016-02-23,11.32,11.32,11.01,11.26,10.093194002,3808,0.0000,1.0
2016-02-22,11.11,11.4,10.9,11.39,10.2097228848,14712,0.0000,1.0
2016-02-19,10.93,10.99,10.85,10.85,9.72567983315,4083,0.0000,1.0
2016-02-18,11.3,11.43,10.81,10.93,9.79738991487,18753,0.0000,1.0
2016-02-17,11.4,11.4,11.1,11.24,10.0752664815,4547,0.0000,1.0
2016-02-16,11.25,11.3,11.2301,11.28,10.1111215224,3952,0.0000,1.0
2016-02-12,11.3189,11.39,11.1495,11.27,10.1021577622,5134,0.0000,1.0
2016-02-11,11.06,11.34,10.9801,11.14,9.98562887938,2416,0.0000,1.0
2016-02-10,11.0,11.45,10.9,11.26,10.093194002,6017,0.0300,1.0
2016-02-09,11.3096,11.44,11.25,11.25,10.0574342358,6293,0.0000,1.0
2016-02-08,11.36,11.41,11.29,11.41,10.2004733005,12788,0.0000,1.0
2016-02-05,11.36,11.46,11.36,11.38,10.1736534758,2785,0.0000,1.0
2016-02-04,11.43,11.43,11.36,11.4,10.1915333589,5546,0.0000,1.0
2016-02-03,11.39,11.49,11.36,11.4,10.1915333589,12729,0.0000,1.0
2016-02-02,11.486,11.49,11.39,11.39,10.1825934174,5785,0.0000,1.0
2016-02-01,11.48,11.5,11.34,11.5,10.2809327744,13538,0.0000,1.0
2016-01-29,11.17,11.44,11.0445,11.42,10.209413242,14472,0.0000,1.0
2016-01-28,11.05,11.25,10.99,11.18,9.99485464499,16562,0.0000,1.0
2016-01-27,11.02,11.02,10.89,10.98,9.81605581413,5327,0.0000,1.0
2016-01-26,10.83,10.98,10.751,10.83,9.68195669098,10202,0.0000,1.0
2016-01-25,10.7,11.01,10.65,10.71,9.57467739247,3973,0.0000,1.0
2016-01-22,10.9,10.9,10.51,10.61,9.48527797704,2630,0.0000,1.0
2016-01-21,10.57,10.94,10.5,10.66,9.52997768475,8215,0.0000,1.0
2016-01-20,10.86,10.86,10.51,10.79,9.64619692481,15290,0.0000,1.0
2016-01-19,10.82,10.97,10.71,10.9,9.74453628178,6713,0.0000,1.0
2016-01-15,10.6399,10.7,10.5101,10.68,9.54785756784,8615,0.0000,1.0
2016-01-14,11.045,11.045,10.3637,10.81,9.6640768079,20230,0.0000,1.0
2016-01-13,10.95,11.11,10.86,11.0,9.83393569721,16132,0.0000,1.0
2016-01-12,10.99,10.99,10.85,10.95,9.7892359895,1279,0.0000,1.0
2016-01-11,11.24,11.24,10.59,10.95,9.7892359895,15974,0.0000,1.0
2016-01-08,11.25,11.25,11.15,11.16,9.9769747619,2574,0.0000,1.0
2016-01-07,11.1,11.23,11.0,11.19,10.0037945865,4162,0.0000,1.0
2016-01-06,11.06,11.25,11.06,11.23,10.0395543527,6904,0.0000,1.0
2016-01-05,10.8707,11.18,10.87,11.18,9.99485464499,17794,0.0000,1.0
2016-01-04,10.68,10.85,10.54,10.8,9.65513686636,13967,0.0000,1.0
2015-12-31,10.85,11.0,10.64,10.88,9.7266563987,4024,0.0000,1.0
2015-12-30,10.59,10.82,10.59,10.8,9.65513686636,4541,0.0000,1.0
2015-12-29,10.3999,10.67,10.3999,10.6101,9.48536737646,12529,0.0000,1.0
2015-12-28,10.59,10.9,10.5201,10.53,9.4137584447,10654,0.0000,1.0
2015-12-24,10.97,11.0,10.64,10.64,9.51209780167,6116,0.0000,1.0
2015-12-23,10.64,11.0,10.64,11.0,9.83393569721,9907,0.0000,1.0
2015-12-22,10.62,10.82,10.57,10.74,9.6014972171,4022,0.0000,1.0
2015-12-21,10.6,10.88,10.51,10.59,9.46739809395,15641,0.0000,1.0
2015-12-18,10.5,10.6,10.415,10.56,9.44057826932,78724,0.0000,1.0
2015-12-17,10.51,10.51,10.35,10.4,9.29753920464,13495,0.0000,1.0
2015-12-16,10.48,10.5,10.28,10.45,9.34223891235,35696,0.0000,1.0
2015-12-15,10.5,10.59,10.26,10.36,9.26177943847,9679,0.0000,1.0
2015-12-14,10.78,10.93,10.43,10.54,9.42269838624,67053,0.0000,1.0
2015-12-11,10.71,10.96,10.51,10.7,9.56573745093,80889,0.0000,1.0
2015-12-10,10.979,10.979,10.6,10.84,9.69089663253,6375,0.0000,1.0
2015-12-09,10.58,10.81,10.5,10.51,9.39587856161,17340,0.0000,1.0
2015-12-08,10.5,10.68,10.5,10.57,9.44951821087,7429,0.0000,1.0
2015-12-07,10.62,10.68,10.5,10.65,9.52103774321,29862,0.0000,1.0
2015-12-04,10.73,10.8,10.51,10.74,9.6014972171,6052,0.0000,1.0
2015-12-03,10.75,10.75,10.5,10.5,9.38693862007,5250,0.0000,1.0
2015-12-02,10.7,10.7,10.57,10.65,9.52103774321,15903,0.0000,1.0
2015-12-01,10.73,10.74,10.51,10.65,9.52103774321,2054,0.0000,1.0
2015-11-30,10.4,10.74,10.35,10.61,9.48527797704,6331,0.0000,1.0
2015-11-27,10.31,10.34,10.18,10.32,9.22601967229,1512,0.0000,1.0
2015-11-25,10.2,10.21,10.11,10.16,9.08298060761,12686,0.0000,1.0
2015-11-24,10.1035,10.33,10.08,10.1,9.02934095835,39009,0.0000,1.0
2015-11-23,10.1,10.2,10.0,10.1,9.02934095835,25378,0.0000,1.0
2015-11-20,10.0,10.34,10.0,10.13,9.05616078298,4896,0.0000,1.0
2015-11-19,10.0,10.035,9.984,10.035,8.97123133832,2493,0.0000,1.0
2015-11-18,9.97,10.02,9.96,9.96,8.90418177675,8089,0.0000,1.0
2015-11-17,10.01,10.01,9.97,10.0,8.93994154292,12652,0.0000,1.0
2015-11-16,10.08,10.21,10.01,10.01,8.94888148446,1113,0.0000,1.0
2015-11-13,9.99,10.28,9.99,10.11,9.03828089989,1288,0.0000,1.0
2015-11-12,10.05,10.19,9.94,10.02,8.95782142601,8293,0.0200,1.0
2015-11-11,10.07,10.07,10.07,10.07,8.98458782469,0,0.0000,1.0
2015-11-10,10.15,10.23,10.07,10.07,8.98458782469,9172,0.0000,1.0
2015-11-09,10.0,10.14,10.0,10.13,9.03812062206,4351,0.0000,1.0
2015-11-06,10.01,10.14,10.01,10.05,8.9667435589,8744,0.0000,1.0
2015-11-05,10.0,10.12,9.99,10.0,8.92213289443,3723,0.0000,1.0
2015-11-04,10.15,10.15,9.98,9.9954,8.9180287133,3375,0.0000,1.0
2015-11-03,10.05,10.08,10.0,10.08,8.99350995758,5713,0.0000,1.0
2015-11-02,9.91,10.06,9.91,10.0,8.92213289443,4489,0.0000,1.0
2015-10-30,10.06,10.06,9.91,9.91,8.84183369838,3703,0.0000,1.0
2015-10-29,9.9,10.1,9.84,10.04,8.95782142601,21926,0.0000,1.0
2015-10-28,9.93,10.0,9.93,10.0,8.92213289443,6224,0.0000,1.0
2015-10-27,10.15,10.34,9.86,10.0,8.92213289443,10434,0.0000,1.0
2015-10-26,9.85,10.21,9.85,10.06,8.9756656918,15758,0.0000,1.0
2015-10-23,9.55,9.8,9.54,9.79,8.73476810365,508717,0.0000,1.0
2015-10-22,9.69,9.708,9.6,9.67,8.62770250891,1051,0.0000,1.0
2015-10-21,9.491,9.78,9.49,9.5,8.47602624971,13724,0.0000,1.0
2015-10-20,9.68,9.7496,9.41,9.55,8.52063691418,5266,0.0000,1.0
2015-10-19,9.64,9.84,9.52,9.59,8.55632544576,7323,0.0000,1.0
2015-10-16,9.7865,9.79,9.5,9.76,8.70800170496,6800,0.0000,1.0
2015-10-15,9.655,9.79,9.6,9.79,8.73476810365,6123,0.0000,1.0
2015-10-14,9.75,9.75,9.75,9.75,8.69907957207,188,0.0000,1.0
2015-10-13,9.8,9.8,9.75,9.76,8.70800170496,1129,0.0000,1.0
2015-10-12,9.85,9.9,9.8,9.8,8.74369023654,4087,0.0000,1.0
2015-10-09,9.85,9.9,9.78,9.79,8.73476810365,37847,0.0000,1.0
2015-10-08,9.59,9.85,9.59,9.85,8.78830090101,16910,0.0000,1.0
2015-10-07,9.66,9.8,9.64,9.7,8.6544689076,27747,0.0000,1.0
2015-10-06,9.45,9.63,9.45,9.63,8.59201397734,1492,0.0000,1.0
2015-10-05,9.47,9.59,9.41,9.41,8.39572705366,1473,0.0000,1.0
2015-10-02,9.5,9.7,9.32,9.35,8.34219425629,13125,0.0000,1.0
2015-10-01,9.81,9.81,9.54,9.54,8.51171478129,1979,0.0000,1.0
2015-09-30,9.37,9.72,9.37,9.72,8.67231317339,14624,0.0000,1.0
2015-09-29,9.48,9.48,9.3,9.4,8.38680492076,7200,0.0000,1.0
2015-09-28,9.37,9.79,9.35,9.4,8.38680492076,13134,0.0000,1.0
2015-09-25,9.45,9.56,9.36,9.37,8.36003852208,8367,0.0000,1.0
2015-09-24,9.3685,9.63,9.35,9.35,8.34219425629,3142,0.0000,1.0
2015-09-23,9.43,9.45,9.35,9.35,8.34219425629,8692,0.0000,1.0
2015-09-22,9.38,9.7399,9.31,9.3903,8.37815045186,4200,0.0000,1.0
2015-09-21,9.39,9.8,9.35,9.41,8.39572705366,44280,0.0000,1.0
2015-09-18,9.25,9.64,9.25,9.35,8.34219425629,15791,0.0000,1.0
2015-09-17,9.3001,9.76,9.3001,9.76,8.70800170496,2372,0.0000,1.0
2015-09-16,9.59,9.76,9.59,9.7,8.6544689076,986,0.0000,1.0
2015-09-15,9.68,9.74,9.57,9.65,8.60985824312,1402,0.0000,1.0
2015-09-14,9.47,9.61,9.47,9.58,8.54740331286,1126,0.0000,1.0
2015-09-11,9.43,9.52,9.22,9.52,8.4938705155,2598,0.0000,1.0
2015-09-10,9.42,9.61,9.41,9.41,8.39572705366,3974,0.0000,1.0
2015-09-09,9.69,9.709,9.29,9.59,8.55632544576,2179,0.0000,1.0
2015-09-08,9.48,9.6995,9.33,9.37,8.36003852208,7342,0.0000,1.0
2015-09-04,9.5,9.67,9.46,9.52,8.4938705155,1015,0.0000,1.0
2015-09-03,9.36,9.55,9.3,9.52,8.4938705155,3950,0.0000,1.0
2015-09-02,9.55,9.57,9.3001,9.4,8.38680492076,4707,0.0000,1.0
2015-09-01,9.36,9.72,9.22,9.46,8.44033771813,17013,0.0000,1.0
2015-08-31,9.7,9.75,9.6,9.68,8.63662464181,11648,0.0000,1.0
2015-08-28,9.5,9.79,9.5,9.6,8.56524757865,5896,0.0000,1.0
2015-08-27,9.26,9.53,9.25,9.53,8.50279264839,11773,0.0000,1.0
2015-08-26,9.25,9.49,9.13,9.21,8.21728439577,47289,0.0000,1.0
2015-08-25,9.52,9.52,9.21,9.25,8.25297292735,181385,0.0000,1.0
2015-08-24,9.25,9.34,9.25,9.25,8.25297292735,2586,0.0000,1.0
2015-08-21,9.48,9.69,9.48,9.67,8.62770250891,1169,0.0000,1.0
2015-08-20,9.5,9.76,9.5,9.53,8.50279264839,4025,0.0000,1.0
2015-08-19,9.5,9.5,9.5,9.5,8.47602624971,450,0.0000,1.0
2015-08-18,9.52,9.69,9.48,9.61,8.57416971155,18543,0.0000,1.0
2015-08-17,9.63,9.78,9.55,9.55,8.52063691418,6877,0.0000,1.0
2015-08-14,9.5101,9.5101,9.5101,9.5101,8.48503760393,688,0.0000,1.0
2015-08-13,9.7599,9.79,9.68,9.77,8.71692383786,1256,0.0200,1.0
2015-08-12,9.514,9.57,9.5,9.56,8.51213400306,3204,0.0000,1.0
2015-08-11,9.511,9.668,9.5,9.51,8.46761447375,13778,0.0000,1.0
2015-08-10,9.5,9.8,9.46,9.58,8.52994181478,19541,0.0000,1.0
2015-08-07,9.495,9.52,9.495,9.52,8.47651837961,1618,0.0000,1.0
2015-08-06,9.69,9.69,9.4601,9.55,8.5032300972,1249,0.0000,1.0
2015-08-05,9.69,9.69,9.67,9.67,8.61007696753,542,0.0000,1.0
2015-08-04,9.45,9.8,9.45,9.45,8.41419103859,650,0.0000,1.0
2015-08-03,9.347,9.83,9.32,9.45,8.41419103859,4877,0.0000,1.0
2015-07-31,9.68,9.68,9.5,9.5,8.45871056789,8188,0.0000,1.0
2015-07-30,9.5,9.54,9.46,9.52,8.47651837961,9600,0.0000,1.0
2015-07-29,9.5001,9.62,9.5,9.5275,8.48319630901,27324,0.0000,1.0
2015-07-28,9.75,9.85,9.63,9.63,8.57446134408,19636,0.0000,1.0
2015-07-27,9.74,9.82,9.603,9.75,8.68130821441,20007,0.0000,1.0
2015-07-24,9.64,9.64,9.64,9.64,8.58336524994,172,0.0000,1.0
2015-07-23,9.362,9.64,9.35,9.64,8.58336524994,2459,0.0000,1.0
2015-07-22,9.43,9.8,9.43,9.7,8.63678868511,32292,0.0000,1.0
2015-07-21,9.3,9.48,9.3,9.316,8.29487870005,8447,0.0000,1.0
2015-07-20,9.3,9.41,9.3,9.32,8.29844026239,9951,0.0000,1.0
2015-07-17,9.3,9.342,9.3,9.315,8.29398830946,7347,0.0000,1.0
2015-07-16,9.32,9.32,9.31,9.31,8.28953635653,508,0.0000,1.0
2015-07-15,9.401,9.5,9.401,9.46,8.42309494445,1182,0.0000,1.0
2015-07-14,9.4,9.45,9.35,9.35,8.32515197998,21811,0.0000,1.0
2015-07-13,9.25,9.46,9.25,9.46,8.42309494445,6103,0.0000,1.0
2015-07-10,9.31,9.31,9.25,9.26,8.24501682723,1508,0.0000,1.0
2015-07-09,9.31,9.31,9.31,9.31,8.28953635653,5,0.0000,1.0
2015-07-08,9.43,9.47,9.31,9.31,8.28953635653,809,0.0000,1.0
2015-07-07,9.3,9.45,9.3,9.45,8.41419103859,23119,0.0000,1.0
2015-07-06,9.4,9.4845,9.3,9.31,8.28953635653,5967,0.0000,1.0
2015-07-02,9.3801,9.48,9.33,9.33,8.30734416825,3374,0.0000,1.0
2015-07-01,9.3638,9.5,9.3638,9.41,8.37857541514,2442,0.0000,1.0
2015-06-30,9.55,9.55,9.43,9.43,8.39638322686,701,0.0000,1.0
2015-06-29,9.46,9.57,9.46,9.53,8.48542228547,7161,0.0000,1.0
2015-06-26,9.6,9.6,9.6,9.6,8.5477496265,183,0.0000,1.0
2015-06-25,9.7,9.75,9.6685,9.7,8.63678868511,4951,0.0000,1.0
2015-06-24,9.72,9.8,9.63,9.7,8.63678868511,8635,0.0000,1.0
2015-06-23,9.46,9.68,9.46,9.68,8.61898087339,910,0.0000,1.0
2015-06-22,9.63,9.79,9.31,9.74,8.67240430855,3392,0.0000,1.0
2015-06-19,9.34,9.77,9.3,9.77,8.69911602614,19002,0.0000,1.0
2015-06-18,9.25,9.35,9.17,9.35,8.32515197998,11328,0.0000,1.0
2015-06-17,9.29,9.29,9.2289,9.24,8.22720901551,9200,0.0000,1.0
2015-06-16,9.2,9.28,9.2,9.25,8.23611292137,5009,0.0000,1.0
2015-06-15,9.3,9.48,9.21,9.23,8.21830510965,5729,0.0000,1.0
2015-06-12,9.25,9.31,9.2,9.26,8.24501682723,65021,0.0000,1.0
2015-06-11,9.25,9.5,9.25,9.25,8.23611292137,62309,0.0000,1.0
2015-06-10,9.25,9.49,9.2,9.26,8.24501682723,46208,0.0000,1.0
2015-06-09,9.3,9.31,9.29,9.29,8.27172854481,1324,0.0000,1.0
2015-06-08,9.32,9.32,9.29,9.29,8.27172854481,605,0.0000,1.0
2015-06-05,9.45,9.45,9.29,9.32,8.29844026239,2798,0.0000,1.0
2015-06-04,9.25,9.342,9.25,9.28,8.26282463895,60896,0.0000,1.0
2015-06-03,9.22,9.26,9.22,9.25,8.23611292137,4393,0.0000,1.0
2015-06-02,9.295,9.295,9.295,9.295,8.27618049774,0,0.0000,1.0
2015-06-01,9.25,9.41,9.1501,9.295,8.27618049774,24939,0.0000,1.0
2015-05-29,9.33,9.42,9.3,9.3,8.28063245067,1396,0.0000,1.0
2015-05-28,9.64,9.64,9.3,9.31,8.28953635653,22440,0.0000,1.0
2015-05-27,9.77,9.77,9.32,9.32,8.29844026239,11245,0.0000,1.0
2015-05-26,9.74,9.74,9.52,9.57,8.52103790892,12141,0.0000,1.0
2015-05-22,9.61,9.61,9.53,9.6,8.5477496265,9217,0.0000,1.0
2015-05-21,9.6,9.6,9.57,9.6,8.5477496265,6300,0.0000,1.0
2015-05-20,9.6699,9.6699,9.59,9.5944,8.54276343922,1639,0.0000,1.0
2015-05-19,9.57,9.7,9.57,9.7,8.63678868511,3059,0.0000,1.0
2015-05-18,9.68,9.75,9.43,9.58,8.52994181478,17254,0.0000,1.0
2015-05-15,9.63,9.94,9.41,9.94,8.85048242577,6396,0.0000,1.0
2015-05-14,9.5999,9.6,9.3901,9.49,8.44980666203,5865,0.0000,1.0
2015-05-13,9.53,9.6,9.48,9.6,8.5477496265,8362,0.0000,1.0
2015-05-12,9.29,9.44,9.23,9.26,8.24501682723,14524,0.0000,1.0
2015-05-11,9.29,9.29,9.18,9.21,8.20049729792,5094,0.0000,1.0
2015-05-08,9.29,9.29,9.2,9.29,8.27172854481,2309,0.0000,1.0
2015-05-07,9.2899,9.29,9.21,9.21,8.20049729792,2270,0.0000,1.0
2015-05-06,9.21,9.41,9.19,9.2,8.19159339206,5233,0.0000,1.0
2015-05-05,9.35,9.35,9.21,9.21,8.20049729792,9823,0.0000,1.0
2015-05-04,9.25,9.66,9.244,9.35,8.32515197998,13416,0.0000,1.0
2015-05-01,9.2,9.26,9.15,9.19,8.1826894862,23499,0.0000,1.0
2015-04-30,9.34,9.35,9.21,9.21,8.20049729792,7905,0.0000,1.0
2015-04-29,9.11,9.25,9.1,9.15,8.14707386276,87340,0.0000,1.0
2015-04-28,9.19,9.2378,9.11,9.16,8.15597776862,5352,0.0000,1.0
2015-04-27,9.3,9.35,9.165,9.19,8.1826894862,19627,0.0000,1.0
2015-04-24,9.1001,9.25,9.1001,9.25,8.23611292137,5858,0.0000,1.0
2015-04-23,9.2,9.2,9.12,9.14,8.1381699569,13662,0.0000,1.0
2015-04-22,9.25,9.25,9.17,9.17,8.16488167448,16951,0.0000,1.0
2015-04-21,9.13,9.28,9.13,9.13,8.12926605104,7553,0.0000,1.0
2015-04-20,9.21,9.21,9.07,9.07,8.07584261587,1790,0.0000,1.0
2015-04-17,9.11,9.14,9.01,9.02,8.03132308657,4966,0.0000,1.0
2015-04-16,9.11,9.1112,9.1,9.11,8.11145823931,1694,0.0000,1.0
2015-04-15,9.09,9.17,9.09,9.1,8.10255433345,10749,0.0000,1.0
2015-04-14,9.13,9.13,9.08,9.13,8.12926605104,11830,0.0000,1.0
2015-04-13,9.302,9.302,9.2,9.21,8.20049729792,1359,0.0000,1.0
2015-04-10,9.1,9.16,9.1,9.16,8.15597776862,1687,0.0000,1.0
2015-04-09,9.11,9.11,9.11,9.11,8.11145823931,200,0.0000,1.0
2015-04-08,9.2,9.2,9.19,9.19,8.1826894862,1200,0.0000,1.0
2015-04-07,9.18,9.18,9.18,9.18,8.17378558034,100,0.0000,1.0
2015-04-06,9.16,9.2,9.12,9.16,8.15597776862,7726,0.0000,1.0
2015-04-02,9.2,9.2,9.0701,9.2,8.19159339206,3443,0.0000,1.0
2015-04-01,9.25,9.28,9.2,9.2,8.19159339206,1361,0.0000,1.0
2015-03-31,9.282,9.3,9.03,9.18,8.17378558034,10527,0.0000,1.0
2015-03-30,9.08,9.35,9.08,9.137,8.13549878514,11489,0.0000,1.0
2015-03-27,9.11,9.19,9.05,9.08,8.08474652173,2565,0.0000,1.0
2015-03-26,9.0246,9.39,9.02,9.16,8.15597776862,5641,0.0000,1.0
2015-03-25,9.19,9.19,9.02,9.07,8.07584261587,10363,0.0000,1.0
2015-03-24,9.14,9.385,9.05,9.25,8.23611292137,5835,0.0000,1.0
2015-03-23,9.36,9.36,9.07,9.18,8.17378558034,8382,0.0000,1.0
2015-03-20,9.16,9.35,8.91,9.35,8.32515197998,210791,0.0000,1.0
2015-03-19,8.92,9.25,8.9,9.22,8.20940120378,113297,0.0000,1.0
2015-03-18,8.95,9.1,8.95,8.97,7.98680355726,14872,0.0000,1.0
2015-03-17,9.02,9.18,9.0,9.01,8.0224191807,17973,0.0000,1.0
2015-03-16,9.12,9.29,8.93,9.09,8.09365042759,23543,0.0000,1.0
2015-03-13,9.1,9.27,9.1,9.23,8.21830510965,21966,0.0000,1.0
2015-03-12,9.07,9.21,9.07,9.15,8.14707386276,21598,0.0000,1.0
2015-03-11,8.95,9.1,8.95,8.96,7.9778996514,17026,0.0000,1.0
2015-03-10,8.888,8.96,8.81,8.955,7.97344769847,15151,0.0000,1.0
2015-03-09,9.15,9.15,8.51,8.86,7.88886059279,19097,0.0000,1.0
2015-03-06,9.2,9.2,9.1,9.1,8.10255433345,4875,0.0000,1.0
2015-03-05,9.3,9.3,9.2,9.2,8.19159339206,5886,0.0000,1.0
2015-03-04,9.25,9.25,9.2,9.2,8.19159339206,1497,0.0000,1.0
2015-03-03,9.32,9.32,9.2,9.2,8.19159339206,3846,0.0000,1.0
2015-03-02,9.3,9.32,9.262,9.262,8.2467976084,3142,0.0000,1.0
2015-02-27,9.28,9.31,9.24,9.24,8.22720901551,7418,0.0000,1.0
2015-02-26,9.25,9.25,9.25,9.25,8.23611292137,206,0.0000,1.0
2015-02-25,9.27,9.39,9.25,9.2997,8.2803653335,1688,0.0000,1.0
2015-02-24,9.27,9.27,9.27,9.27,8.25392073309,0,0.0000,1.0
2015-02-23,9.31,9.34,9.25,9.27,8.25392073309,6952,0.0000,1.0
2015-02-20,9.38,9.38,9.35,9.35,8.32515197998,3036,0.0000,1.0
2015-02-19,9.36,9.36,9.36,9.36,8.33405588584,201,0.0000,1.0
2015-02-18,9.361,9.44,9.35,9.36,8.33405588584,2508,0.0000,1.0
2015-02-17,9.35,9.35,9.35,9.35,8.32515197998,207,0.0000,1.0
2015-02-13,9.36,9.36,9.36,9.36,8.33405588584,142,0.0000,1.0
2015-02-12,9.4,9.4911,9.37,9.39,8.36076760342,5160,0.0000,1.0
2015-02-11,9.36,9.53,9.35,9.37,8.3429597917,4486,0.0000,1.0
2015-02-10,9.51,9.51,9.48,9.48,8.44090275617,592,0.0000,1.0
2015-02-09,9.37,9.52,9.35,9.37,8.3429597917,3304,0.0000,1.0
2015-02-06,9.43,9.5,9.4,9.4,8.36967150928,114100,0.0000,1.0
2015-02-05,9.37,9.49,9.35,9.37,8.3429597917,23652,0.0000,1.0
2015-02-04,9.36,9.3984,9.35,9.37,8.3429597917,4749,0.0000,1.0
2015-02-03,9.5,9.5,9.41,9.41,8.37857541514,2865,0.0000,1.0
2015-02-02,9.31,9.54,9.31,9.41,8.37857541514,11984,0.0000,1.0
2015-01-30,9.25,9.35,9.25,9.25,8.23611292137,10726,0.0000,1.0
2015-01-29,9.36,9.36,9.24,9.33,8.30734416825,13970,0.0000,1.0
2015-01-28,9.27,9.44,9.27,9.44,8.40528713272,1558,0.0000,1.0
2015-01-27,9.26,9.44,9.26,9.44,8.40528713272,17202,0.0000,1.0
2015-01-26,9.24,9.5,9.24,9.32,8.29844026239,4426,0.0000,1.0
2015-01-23,9.5,9.5,9.47,9.48,8.44090275617,813,0.0000,1.0
2015-01-22,9.16,9.46,9.16,9.46,8.42309494445,360,0.0000,1.0
2015-01-21,9.27,9.27,9.27,9.27,8.25392073309,0,0.0000,1.0
2015-01-20,9.16,9.5,9.12,9.27,8.25392073309,18920,0.0000,1.0
2015-01-16,9.08,9.24,9.08,9.2399,8.22711997645,977,0.0000,1.0
2015-01-15,9.17,9.22,9.1,9.22,8.20940120378,5858,0.0000,1.0
2015-01-14,9.18,9.18,9.15,9.169,8.16399128389,725,0.0000,1.0
2015-01-13,9.12,9.12,9.12,9.12,8.12036214517,2,0.0000,1.0
2015-01-12,9.19,9.22,9.11,9.12,8.12036214517,1932,0.0000,1.0
2015-01-09,9.108,9.18,9.1,9.17,8.16488167448,2498,0.0000,1.0
2015-01-08,9.28,9.28,9.15,9.15,8.14707386276,13921,0.0000,1.0
2015-01-07,9.03,9.18,9.03,9.16,8.15597776862,1320,0.0000,1.0
2015-01-06,9.3,9.3,9.05,9.05,8.05803480415,11861,0.0000,1.0
2015-01-05,9.3525,9.37,9.305,9.33,8.30734416825,1015,0.0000,1.0
2015-01-02,9.3,9.38,9.3,9.3175,8.29621428593,10938,0.0000,1.0
2014-12-31,9.3413,9.3413,9.3413,9.3413,8.31740558188,950,0.0000,1.0
2014-12-30,9.35,9.43,9.01,9.43,8.39638322686,10519,0.0000,1.0
2014-12-29,9.78,9.78,9.07,9.47,8.43199885031,9437,0.0000,1.0
2014-12-26,9.36,9.38,9.36,9.38,8.35186369756,500,0.0000,1.0
2014-12-24,9.45,9.45,9.37,9.45,8.41419103859,701,0.0000,1.0
2014-12-23,9.499,9.499,9.4,9.4,8.36967150928,3231,0.0000,1.0
2014-12-22,9.29,9.36,9.29,9.35,8.32515197998,4670,0.0000,1.0
2014-12-19,9.31,9.4,9.27,9.28,8.26282463895,3924,0.0000,1.0
2014-12-18,9.5,9.5,9.48,9.48,8.44090275617,506,0.0000,1.0
2014-12-17,9.23,9.25,9.22,9.25,8.23611292137,10665,0.0000,1.0
2014-12-16,9.2,9.2,9.2,9.2,8.19159339206,8,0.0000,1.0
2014-12-15,9.56,9.6,9.2,9.2,8.19159339206,7826,0.0000,1.0
2014-12-12,9.43,9.5,9.43,9.5,8.45871056789,1093,0.0000,1.0
2014-12-11,9.5,9.5,9.45,9.49,8.44980666203,3769,0.0000,1.0
2014-12-10,9.28,9.51,9.28,9.46,8.42309494445,13483,0.0000,1.0
2014-12-09,9.49,9.49,9.3719,9.45,8.41419103859,1580,0.0000,1.0
2014-12-08,9.4999,9.5,9.3601,9.44,8.40528713272,2705,0.0000,1.0
2014-12-05,9.45,9.5,9.35,9.4995,8.4582653726,4908,0.0000,1.0
2014-12-04,9.35,9.45,9.35,9.45,8.41419103859,3235,0.0000,1.0
2014-12-03,9.45,9.45,9.45,9.45,8.41419103859,2,0.0000,1.0
2014-12-02,9.35,9.45,9.35,9.45,8.41419103859,2412,0.0000,1.0
2014-12-01,9.35,9.358,9.35,9.35,8.32515197998,77702,0.0000,1.0
2014-11-28,9.35,9.45,9.35,9.45,8.41419103859,1660,0.0000,1.0
2014-11-26,9.35,9.43,9.35,9.36,8.33405588584,1653,0.0000,1.0
2014-11-25,9.44,9.44,9.35,9.35,8.32515197998,1678,0.0000,1.0
2014-11-24,9.35,9.41,9.35,9.4,8.36967150928,2648,0.0000,1.0
2014-11-21,9.3899,9.44,9.35,9.42,8.387479321,4126,0.0000,1.0
2014-11-20,9.35,9.4,9.35,9.39,8.36076760342,2582,0.0000,1.0
2014-11-19,9.35,9.44,9.35,9.35,8.32515197998,4145,0.0000,1.0
2014-11-18,9.4,9.4,9.35,9.36,8.33405588584,2685,0.0000,1.0
2014-11-17,9.32,9.45,9.32,9.36,8.33405588584,8174,0.0000,1.0
2014-11-14,9.349,9.44,9.34,9.44,8.40528713272,9590,0.0000,1.0
2014-11-13,9.23,9.45,9.2,9.3499,8.32506294092,3794,0.0000,1.0
2014-11-12,9.14,9.47,9.14,9.23,8.21830510965,4551,0.0000,1.0
2014-11-11,9.0,9.05,9.0,9.05,8.05803480415,900,0.0000,1.0
2014-11-10,9.1,9.3,9.0,9.02,8.03132308657,31210,0.0000,1.0
2014-11-07,9.0,9.1171,8.9,9.1171,8.11778001248,10790,0.0000,1.0
2014-11-06,9.01,9.1299,9.0,9.01,8.0224191807,11934,0.0000,1.0
2014-11-05,9.13,9.13,8.99,9.0,8.01351527484,259695,0.0000,1.0
2014-11-04,9.125,9.13,9.03,9.1248,8.12463601999,1717,0.0000,1.0
2014-11-03,9.04,9.1899,9.03,9.1899,8.18260044714,6847,0.0000,1.0
2014-10-31,9.18,9.18,9.04,9.18,8.17378558034,2652,0.0000,1.0
2014-10-30,9.14,9.24,9.03,9.03,8.04022699243,2941,0.0000,1.0
2014-10-29,9.01,9.095,9.0,9.01,8.0224191807,3058,0.0000,1.0
2014-10-28,9.0,9.07,9.0,9.0,8.01351527484,7324,0.0000,1.0
2014-10-27,8.99,8.99,8.99,8.99,8.00461136898,0,0.0000,1.0
2014-10-24,9.15,9.15,8.92,8.99,8.00461136898,18850,0.0000,1.0
2014-10-23,9.06,9.08,8.9799,9.01,8.0224191807,1700,0.0000,1.0
2014-10-22,9.17,9.17,9.02,9.02,8.03132308657,9157,0.0000,1.0
2014-10-21,9.14,9.14,9.0,9.1,8.10255433345,2354,0.0000,1.0
2014-10-20,9.05,9.14,9.0,9.14,8.1381699569,4137,0.0000,1.0
2014-10-17,9.24,9.24,8.96,9.05,8.05803480415,3054,0.0000,1.0
2014-10-16,9.12,9.23,9.02,9.23,8.21830510965,1054,0.0000,1.0
2014-10-15,9.03,9.23,9.01,9.14,8.1381699569,2900,0.0000,1.0
2014-10-14,9.05,9.05,9.0,9.01,8.0224191807,3331,0.0000,1.0
2014-10-13,9.14,9.14,9.02,9.075,8.0802945688,652,0.0000,1.0
2014-10-10,9.09,9.09,9.09,9.09,8.09365042759,20,0.0000,1.0
2014-10-09,9.0,9.1,9.0,9.09,8.09365042759,4170,0.0000,1.0
2014-10-08,8.89,9.0,8.871,9.0,8.01351527484,2470,0.0000,1.0
2014-10-07,8.98,9.02,8.98,9.02,8.03132308657,1238,0.0000,1.0
2014-10-06,9.05,9.13,9.03,9.13,8.12926605104,1652,0.0000,1.0
2014-10-03,9.15,9.24,9.0,9.01,8.0224191807,3318,0.0000,1.0
2014-10-02,9.1,9.1,9.0,9.0161,8.02785056328,2089,0.0000,1.0
2014-10-01,9.0,9.04,8.95,9.04,8.04913089829,30902,0.0000,1.0
2014-09-30,9.027,9.027,8.9644,9.0,8.01351527484,22212,0.0000,1.0
2014-09-29,8.95,9.04,8.95,9.04,8.04913089829,7535,0.0000,1.0
2014-09-26,8.99,9.0,8.99,9.0,8.01351527484,889,0.0000,1.0
2014-09-25,8.95,8.99,8.95,8.99,8.00461136898,221,0.0000,1.0
2014-09-24,8.99,9.0,8.96,8.96,7.9778996514,1666,0.0000,1.0
2014-09-23,9.09,9.13,9.0,9.07,8.07584261587,4800,0.0000,1.0
2014-09-22,9.18,9.19,8.95,8.96,7.9778996514,5600,0.0000,1.0
2014-09-19,9.23,9.23,8.92,8.93,7.95118793382,9000,0.0000,1.0
2014-09-18,9.25,9.25,8.96,8.99,8.00461136898,2600,0.0000,1.0
2014-09-17,8.99,9.16,8.95,9.0,8.01351527484,14900,0.0000,1.0
2014-09-16,9.15,9.15,8.97,8.97,7.98680355726,1900,0.0000,1.0
2014-09-15,8.91,9.2,8.91,9.12,8.12036214517,2500,0.0000,1.0
2014-09-12,8.98,9.15,8.97,9.09,8.09365042759,21400,0.0000,1.0
2014-09-11,8.9,8.98,8.8,8.97,7.98680355726,5100,0.0000,1.0
2014-09-10,9.0,9.0,8.88,9.0,8.01351527484,2900,0.0000,1.0
2014-09-09,9.0,9.0,8.89,9.0,8.01351527484,1600,0.0000,1.0
2014-09-08,9.0,9.0,8.9,8.96,7.9778996514,13300,0.0000,1.0
2014-09-05,8.9,8.91,8.9,8.91,7.9333801221,2900,0.0000,1.0
2014-09-04,8.901,9.0,8.9,8.96,7.9778996514,5600,0.0000,1.0
2014-09-03,8.91,8.95,8.91,8.95,7.96899574554,1400,0.0000,1.0
2014-09-02,8.82,9.0,8.8,9.0,8.01351527484,2700,0.0000,1.0
2014-08-29,8.87,8.99,8.87,8.99,8.00461136898,900,0.0000,1.0
2014-08-28,8.83,9.0,8.83,9.0,8.01351527484,17900,0.0000,1.0
2014-08-27,8.83,8.9198,8.83,8.83,7.86214887521,1100,0.0000,1.0
2014-08-26,8.945,8.945,8.8,8.86,7.88886059279,4000,0.0000,1.0
2014-08-25,8.93,8.97,8.81,8.91,7.9333801221,8700,0.0000,1.0
2014-08-22,8.91,8.94,8.8,8.9,7.92447621623,5600,0.0000,1.0
2014-08-21,8.75,8.9,8.71,8.9,7.92447621623,41300,0.0000,1.0
2014-08-20,8.78,8.8,8.75,8.75,7.79091762832,14300,0.0000,1.0
2014-08-19,8.8,8.86,8.8,8.83,7.86214887521,1800,0.0000,1.0
2014-08-18,8.879,8.879,8.82,8.82,7.85324496935,300,0.0000,1.0
2014-08-15,8.8,8.9801,8.77,8.77,7.80872544004,12900,0.0000,1.0
2014-08-14,8.82,8.93,8.82,8.9,7.92447621623,500,0.0000,1.0
2014-08-13,8.87,8.88,8.8001,8.84,7.87105278107,5000,0.0000,1.0
2014-08-12,8.781,8.95,8.78,8.92,7.94228402796,2300,0.0000,1.0
2014-08-11,8.773,8.98,8.773,8.85,7.87995668693,2000,0.0000,1.0
2014-08-08,8.8799,9.0,8.74,8.9999,8.01342623578,14700,0.0000,1.0
2014-08-07,8.77,8.8,8.61,8.74,7.78201372246,18800,0.0000,1.0
2014-08-06,8.8,8.94,8.75,8.86,7.88886059279,6700,0.0000,1.0
2014-08-05,8.9,8.9,8.75,8.77,7.80872544004,4500,0.0000,1.0
2014-08-04,8.784,8.94,8.75,8.86,7.88886059279,2700,0.0000,1.0
2014-08-01,8.86,8.96,8.76,8.95,7.96899574554,3900,0.0000,1.0
2014-07-31,8.87,8.99,8.8,8.99,8.00461136898,3400,0.0000,1.0
2014-07-30,8.964,9.075,8.9,8.9,7.92447621623,12200,0.0000,1.0
2014-07-29,8.891,9.19,8.891,8.98,7.99570746312,3900,0.0000,1.0
2014-07-28,8.92,9.0699,8.87,8.94,7.96009183968,1000,0.0000,1.0
2014-07-25,8.95,9.17,8.95,9.01,8.0224191807,1200,0.0000,1.0
2014-07-24,8.94,8.9965,8.75,8.95,7.96899574554,8000,0.0000,1.0
2014-07-23,8.95,9.03,8.9,8.92,7.94228402796,40100,0.0000,1.0
2014-07-22,8.9001,9.0,8.9,8.95,7.96899574554,19700,0.0000,1.0
2014-07-21,9.02,9.02,8.9,8.98,7.99570746312,3500,0.0000,1.0
2014-07-18,8.9,9.02,8.9,9.01,8.0224191807,23200,0.0000,1.0
2014-07-17,8.95,8.95,8.75,8.93,7.95118793382,13700,0.0000,1.0
2014-07-16,8.99,9.01,8.96,9.01,8.0224191807,2800,0.0000,1.0
2014-07-15,8.95,8.96,8.91,8.96,7.9778996514,1100,0.0000,1.0
2014-07-14,8.98,9.02,8.98,9.02,8.03132308657,600,0.0000,1.0
2014-07-11,8.97,9.03,8.91,8.93,7.95118793382,3700,0.0000,1.0
2014-07-10,8.95,8.95,8.95,8.95,7.96899574554,300,0.0000,1.0
2014-07-09,9.0,9.215,8.9,9.04,8.04913089829,6900,0.0000,1.0
2014-07-08,8.951,8.99,8.95,8.95,7.96899574554,3000,0.0000,1.0
2014-07-07,8.97,8.98,8.786,8.91,7.9333801221,3600,0.0000,1.0
2014-07-03,9.0,9.09,9.0,9.01,8.0224191807,1900,0.0000,1.0
2014-07-02,9.0,9.1,9.0,9.01,8.0224191807,900,0.0000,1.0
2014-07-01,9.0,9.06,9.0,9.0,8.01351527484,1200,0.0000,1.0
2014-06-30,8.95,9.08,8.859,9.01,8.0224191807,5800,0.0000,1.0
2014-06-27,9.0,9.11,9.0,9.1,8.10255433345,4500,0.0000,1.0
2014-06-26,9.01,9.03,9.0,9.0,8.01351527484,1500,0.0000,1.0
2014-06-25,9.0,9.0676,9.0,9.01,8.0224191807,2600,0.0000,1.0
2014-06-24,9.01,9.11,8.95,9.0,8.01351527484,6500,0.0000,1.0
2014-06-23,9.24,9.24,8.95,9.02,8.03132308657,5400,0.0000,1.0
2014-06-20,9.09,9.39,8.95,9.39,8.36076760342,38300,0.0000,1.0
2014-06-19,8.95,9.15,8.95,9.13,8.12926605104,3700,0.0000,1.0
2014-06-18,8.95,9.07,8.95,9.06,8.06693871001,7200,0.0000,1.0
2014-06-17,9.0,9.24,8.95,9.01,8.0224191807,22300,0.0000,1.0
2014-06-16,9.02,9.24,9.0,9.0,8.01351527484,12600,0.0000,1.0
2014-06-13,9.09,9.38,9.0,9.02,8.03132308657,12000,0.0000,1.0
2014-06-12,9.05,9.21,9.01,9.14,8.1381699569,15300,0.0000,1.0
2014-06-11,9.17,9.25,9.05,9.25,8.23611292137,6900,0.0000,1.0
2014-06-10,9.23,9.28,9.01,9.27,8.25392073309,12100,0.0000,1.0
2014-06-09,9.32,9.32,9.03,9.23,8.21830510965,18800,0.0000,1.0
2014-06-06,9.31,9.31,9.03,9.19,8.1826894862,25800,0.0000,1.0
2014-06-05,9.42,9.42,9.24,9.3138,8.29291984076,1100,0.0000,1.0
2014-06-04,9.2,9.495,9.16,9.25,8.23611292137,3300,0.0000,1.0
2014-06-03,9.26,9.47,9.1,9.47,8.43199885031,27500,0.0000,1.0
2014-06-02,9.27,9.5,9.2,9.45,8.41419103859,11300,0.0000,1.0
2014-05-30,9.62,9.81,9.2,9.21,8.20049729792,67100,0.0000,1.0
2014-05-29,9.92,9.93,9.38,9.59,8.53884572064,27400,0.0000,1.0
2014-05-28,9.56,10.33,9.56,9.8,8.72582774372,10072,0.0000,1.0
2014-05-27,9.13,9.7,9.09,9.52,8.47651837961,36900,0.0000,1.0
2014-05-23,9.04,9.2,9.04,9.14,8.1381699569,5100,0.0000,1.0
2014-05-22,9.1,9.2,9.08,9.19,8.1826894862,6700,0.0000,1.0
2014-05-21,8.89,9.1,8.7,9.07,8.07584261587,112600,0.0000,1.0
2014-05-20,9.01,9.01,8.57,8.79,7.82653325176,21600,0.0000,1.0
2014-05-19,9.02,9.08,9.0,9.08,8.08474652173,7700,0.0000,1.0
2014-05-16,9.08,9.08,9.08,9.08,8.08474652173,100,0.0000,1.0
2014-05-15,9.08,9.08,9.08,9.08,8.08474652173,600,0.0000,1.0
2014-05-14,8.98,9.3,8.95,9.25,8.23611292137,22700,0.0000,1.0
2014-05-13,9.45,9.53,9.3,9.38,8.35186369756,26400,0.0000,1.0
2014-05-12,9.27,9.35,9.27,9.31,8.28953635653,3500,0.0000,1.0
2014-05-09,9.28,9.48,9.28,9.3,8.28063245067,2600,0.0000,1.0
2014-05-08,9.2701,9.48,9.27,9.27,8.25392073309,1400,0.0000,1.0
2014-05-07,9.47,9.47,9.31,9.31,8.28953635653,8800,0.0000,1.0
2014-05-06,9.32,9.49,9.27,9.33,8.30734416825,4900,0.0000,1.0
2014-05-05,9.35,9.5,9.35,9.47,8.43199885031,15700,0.0000,1.0
2014-05-02,9.46,9.46,9.46,9.46,8.42309494445,1700,0.0000,1.0
2014-05-01,9.4,9.49,9.4,9.45,8.41419103859,3643,0.0000,1.0
2014-04-30,9.55,9.55,9.38,9.49,8.44980666203,1000,0.0000,1.0
2014-04-29,9.55,9.65,9.49,9.49,8.44980666203,118300,0.0000,1.0
2014-04-28,9.4,9.5795,9.4,9.55,8.5032300972,12400,0.0000,1.0
2014-04-25,9.6,9.62,9.5,9.56,8.51213400306,29800,0.0000,1.0
2014-04-24,9.55,9.6501,9.55,9.65,8.5922691558,11400,0.0000,1.0
2014-04-23,9.6299,9.63,9.59,9.59,8.53884572064,5000,0.0000,1.0
2014-04-22,9.542,9.605,9.542,9.59,8.53884572064,2000,0.0000,1.0
2014-04-21,9.61,9.68,9.5,9.63,8.57446134408,7300,0.0000,1.0
2014-04-17,9.5432,9.5432,9.5432,9.5432,8.49717544121,100,0.0000,1.0
2014-04-16,9.57,9.57,9.57,9.57,8.52103790892,0,0.0000,1.0
2014-04-15,9.51,9.66,9.51,9.57,8.52103790892,3500,0.0000,1.0
2014-04-14,9.56,9.69,9.44,9.44,8.40528713272,4000,0.0000,1.0
2014-04-11,9.5001,9.6,9.5001,9.57,8.52103790892,800,0.0000,1.0
2014-04-10,9.65,9.7,9.55,9.63,8.57446134408,72100,0.0000,1.0
2014-04-09,9.55,9.79,9.52,9.7,8.63678868511,6900,0.0000,1.0
2014-04-08,9.58,9.75,9.5285,9.67,8.61007696753,15000,0.0000,1.0
2014-04-07,9.53,9.6001,9.52,9.59,8.53884572064,8400,0.0000,1.0
2014-04-04,9.631,9.65,9.56,9.56,8.51213400306,27100,0.0000,1.0
2014-04-03,9.6,9.66,9.56,9.66,8.60117306167,15800,0.0000,1.0
2014-04-02,9.77,9.8,9.5,9.56,8.51213400306,8300,0.0000,1.0
2014-04-01,9.59,9.79,9.3304,9.58,8.52994181478,17200,0.0000,1.0
2014-03-31,9.51,9.64,9.51,9.51,8.46761447375,2300,0.0000,1.0
2014-03-28,9.55,9.66,9.5,9.54,8.49432619133,10700,0.0000,1.0
2014-03-27,9.75,9.75,9.43,9.46,8.42309494445,2000,0.0000,1.0
2014-03-26,9.65,9.8,9.64,9.71,8.64569259097,9600,0.0000,1.0
2014-03-25,9.59,9.75,9.5601,9.75,8.68130821441,22400,0.0000,1.0
2014-03-24,9.5,9.66,9.5,9.5,8.45871056789,23200,0.0000,1.0
2014-03-21,9.55,9.66,9.495,9.57,8.52103790892,5000,0.0000,1.0
2014-03-20,9.55,9.6,9.47,9.47,8.43199885031,6000,0.0000,1.0
2014-03-19,9.55,9.6,9.5,9.51,8.46761447375,7500,0.0000,1.0
2014-03-18,9.41,9.64,9.41,9.55,8.5032300972,12900,0.0000,1.0
2014-03-17,9.56,9.57,9.43,9.43,8.39638322686,9800,0.0000,1.0
2014-03-14,9.53,9.6,9.46,9.46,8.42309494445,8700,0.0000,1.0
2014-03-13,9.54,9.62,9.49,9.49,8.44980666203,1700,0.0000,1.0
2014-03-12,9.5,9.57,9.4042,9.56,8.51213400306,37400,0.0000,1.0
2014-03-11,9.53,9.59,9.465,9.59,8.53884572064,8400,0.0000,1.0
2014-03-10,9.54,9.65,9.45,9.62,8.56555743822,61400,0.0000,1.0
2014-03-07,9.45,9.6,9.45,9.6,8.5477496265,2700,0.0000,1.0
2014-03-06,9.5,9.57,9.33,9.57,8.52103790892,5200,0.0000,1.0
2014-03-05,9.36,9.49,9.33,9.49,8.44980666203,4200,0.0000,1.0
2014-03-04,9.25,9.47,9.21,9.46,8.42309494445,10900,0.0000,1.0
2014-03-03,9.3,9.44,9.06,9.29,8.27172854481,16400,0.0000,1.0
2014-02-28,9.51,9.55,9.331,9.47,8.43199885031,4800,0.0000,1.0
2014-02-27,9.35,9.499,9.35,9.49,8.44980666203,1100,0.0000,1.0
2014-02-26,9.59,9.6,9.3,9.3,8.28063245067,9500,0.0000,1.0
2014-02-25,9.4565,9.56,9.4565,9.52,8.47651837961,2300,0.0000,1.0
2014-02-24,9.86,9.86,9.5,9.68,8.61898087339,34500,0.0000,1.0
2014-02-21,9.74,9.8,9.57,9.8,8.72582774372,11700,0.0000,1.0
2014-02-20,9.7,9.79,9.6,9.79,8.71692383786,4700,0.0000,1.0
2014-02-19,9.63,9.84,9.461,9.81,8.73473164958,22300,0.0000,1.0
2014-02-18,9.65,9.65,9.55,9.65,8.5922691558,11300,0.0000,1.0
2014-02-14,9.65,9.99,9.49,9.54,8.49432619133,67400,0.0000,1.0
2014-02-13,9.55,9.67,9.55,9.64,8.58336524994,52700,0.0000,1.0
2014-02-12,9.33,9.6,9.33,9.55,8.5032300972,19500,0.0000,1.0
2014-02-11,9.28,9.4,9.2,9.31,8.28953635653,35300,0.0000,1.0
2014-02-10,9.18,9.35,9.18,9.21,8.20049729792,4300,0.0000,1.0
2014-02-07,9.11,9.3,9.11,9.22,8.20940120378,4800,0.0000,1.0
2014-02-06,9.02,9.25,9.02,9.09,8.09365042759,14900,0.0000,1.0
2014-02-05,9.36,9.39,9.07,9.07,8.07584261587,3100,0.0000,1.0
2014-02-04,9.35,9.5,9.21,9.29,8.27172854481,20900,0.0000,1.0
2014-02-03,9.52,9.59,9.4,9.45,8.41419103859,11800,0.0000,1.0
2014-01-31,9.6,9.6,9.19,9.47,8.43199885031,19500,0.0000,1.0
2014-01-30,9.55,9.72,9.54,9.72,8.65459649683,29300,0.0000,1.0
2014-01-29,9.59,9.59,9.26,9.54,8.49432619133,43900,0.0000,1.0
2014-01-28,9.23,9.76,9.23,9.76,8.69021212027,60800,0.0000,1.0
2014-01-27,9.17,9.5,9.17,9.49,8.44980666203,58700,0.0000,1.0
2014-01-24,9.22,9.2501,9.15,9.25,8.23611292137,6400,0.0000,1.0
2014-01-23,9.12,9.25,9.1001,9.25,8.23611292137,13600,0.0000,1.0
2014-01-22,9.14,9.295,9.13,9.19,8.1826894862,600,0.0000,1.0
2014-01-21,9.11,9.5,9.1,9.14,8.1381699569,10900,0.0000,1.0
2014-01-17,9.3,9.3,9.1,9.12,8.12036214517,10100,0.0000,1.0
2014-01-16,9.19,9.31,9.14,9.3,8.28063245067,7100,0.0000,1.0
2014-01-15,9.142,9.25,9.1,9.25,8.23611292137,14800,0.0000,1.0
2014-01-14,9.1,9.165,9.0601,9.11,8.11145823931,13000,0.0000,1.0
2014-01-13,9.2557,9.3,9.2,9.2,8.19159339206,6600,0.0000,1.0
2014-01-10,9.35,9.48,9.35,9.47,8.43199885031,900,0.0000,1.0
2014-01-09,9.3,9.35,9.26,9.35,8.32515197998,11800,0.0000,1.0
2014-01-08,9.08,9.32,9.05,9.3,8.28063245067,19400,0.0000,1.0
2014-01-07,9.33,9.46,9.15,9.4,8.36967150928,22800,0.0000,1.0
2014-01-06,9.25,9.4,9.25,9.31,8.28953635653,21400,0.0000,1.0
2014-01-03,9.27,9.29,9.21,9.21,8.20049729792,2900,0.0000,1.0
2014-01-02,9.16,9.3371,9.0,9.11,8.11145823931,5500,0.0000,1.0
2013-12-31,9.13,9.22,9.0,9.22,8.20940120378,5700,0.0000,1.0
2013-12-30,9.08,9.29,9.06,9.22,8.20940120378,7400,0.0000,1.0
2013-12-27,9.0,9.14,9.0,9.14,8.1381699569,4000,0.0000,1.0
2013-12-26,9.05,9.07,9.0,9.03,8.04022699243,7600,0.0000,1.0
2013-12-24,9.07,9.13,8.941,9.13,8.12926605104,1200,0.0000,1.0
2013-12-23,9.05,9.13,8.96,9.13,8.12926605104,7200,0.0000,1.0
2013-12-20,9.0,9.14,8.8,9.1,8.10255433345,37300,0.0000,1.0
2013-12-19,8.86,9.0,8.86,8.89,7.91557231037,9700,0.0000,1.0
2013-12-18,8.9,8.95,8.9,8.91,7.9333801221,3800,0.0000,1.0
2013-12-17,8.88,8.91,8.88,8.9,7.92447621623,3600,0.0000,1.0
2013-12-16,8.87,8.99,8.87,8.9,7.92447621623,6600,0.0000,1.0
2013-12-13,9.0,9.03,8.88,8.9,7.92447621623,7300,0.0000,1.0
2013-12-12,8.86,8.95,8.86,8.91,7.9333801221,4700,0.0000,1.0
2013-12-11,8.9,8.95,8.9,8.9,7.92447621623,13500,0.0000,1.0
2013-12-10,8.86,8.94,8.85,8.9,7.92447621623,50400,0.0000,1.0
2013-12-09,8.81,8.91,8.81,8.91,7.9333801221,35200,0.0000,1.0
2013-12-06,8.91,8.95,8.85,8.91,7.9333801221,111400,0.0000,1.0
2013-12-05,8.93,8.99,8.84,8.91,7.9333801221,10500,0.0000,1.0
2013-12-04,9.02,9.05,8.85,8.86,7.88886059279,18400,0.0000,1.0
2013-12-03,9.12,9.15,8.985,9.09,8.09365042759,26600,0.0000,1.0
2013-12-02,9.09,9.24,8.84,9.24,8.22720901551,26800,0.0000,1.0
2013-11-29,9.24,9.24,8.95,9.1,8.10255433345,15700,0.0000,1.0
2013-11-27,9.24,9.249,9.065,9.24,8.22720901551,10400,0.0000,1.0
2013-11-26,9.2,9.31,9.0,9.29,8.27172854481,94600,0.0000,1.0
2013-11-25,9.25,9.35,8.92,9.29,8.27172854481,187400,0.0000,1.0
2013-11-22,9.23,9.34,9.11,9.34,8.31624807412,15800,0.0000,1.0
2013-11-21,9.13,9.34,8.99,9.34,8.31624807412,40800,0.0000,1.0
2013-11-20,8.99,9.15,8.99,9.15,8.14707386276,15500,0.0000,1.0
2013-11-19,8.96,9.32,8.91,8.97,7.98680355726,14100,0.0000,1.0
2013-11-18,9.15,9.34,8.81,9.34,8.31624807412,21200,0.0000,1.0
2013-11-15,9.0,9.12,8.97,9.12,8.12036214517,1700,0.0000,1.0
2013-11-14,9.0,9.149,9.0,9.14,8.1381699569,2700,0.0000,1.0
2013-11-13,9.06,9.18,8.955,9.18,8.17378558034,4100,0.0000,1.0
2013-11-12,9.1,9.1,8.91,9.01,8.0224191807,3600,0.0000,1.0
2013-11-11,8.99,9.1,8.7941,9.01,8.0224191807,4400,0.0000,1.0
2013-11-08,8.91,9.14,8.8147,8.92,7.94228402796,6500,0.0000,1.0
2013-11-07,8.8,9.05,8.76,8.95,7.96899574554,7400,0.0000,1.0
2013-11-06,9.09,9.23,9.03,9.1,8.10255433345,13000,0.0000,1.0
2013-11-05,8.78,9.03,8.78,9.0,8.01351527484,5800,0.0000,1.0
2013-11-04,8.7,9.0,8.521,9.0,8.01351527484,4800,0.0000,1.0
2013-11-01,9.1,9.25,8.99,9.07,8.07584261587,6400,0.0000,1.0
2013-10-31,9.01,9.15,8.511,9.15,8.14707386276,21000,0.0000,1.0
2013-10-30,8.75,9.03,8.7,9.03,8.04022699243,9100,0.0000,1.0
2013-10-29,9.0,9.0,8.5,8.78,7.8176293459,43400,0.0000,1.0
2013-10-28,8.87,9.299,8.85,9.2,8.19159339206,15700,0.0000,1.0
2013-10-25,9.31,9.32,9.13,9.14,8.1381699569,4200,0.0000,1.0
2013-10-24,9.32,9.44,9.0,9.44,8.40528713272,11500,0.0000,1.0
2013-10-23,9.25,9.4,9.25,9.39,8.36076760342,6900,0.0000,1.0
2013-10-22,9.4175,9.4175,8.86,9.4,8.36967150928,4300,0.0000,1.0
2013-10-21,9.44,9.45,9.11,9.45,8.41419103859,20000,0.0000,1.0
2013-10-18,9.14,9.22,9.01,9.02,8.03132308657,5500,0.0000,1.0
2013-10-17,9.2,9.235,8.85,9.14,8.1381699569,8200,0.0000,1.0
2013-10-16,9.3,9.44,9.22,9.29,8.27172854481,2500,0.0000,1.0
2013-10-15,9.22,9.41,9.2,9.33,8.30734416825,16200,0.0000,1.0
2013-10-14,9.189,9.25,9.175,9.18,8.17378558034,4600,0.0000,1.0
2013-10-11,9.15,9.2,9.12,9.12,8.12036214517,1500,0.0000,1.0
2013-10-10,9.2,9.21,9.1,9.12,8.12036214517,7700,0.0000,1.0
2013-10-09,9.1,9.2,9.1,9.11,8.11145823931,3800,0.0000,1.0
2013-10-08,9.11,9.2,9.05,9.15,8.14707386276,6100,0.0000,1.0
2013-10-07,8.81,9.199,8.81,9.15,8.14707386276,44800,0.0000,1.0
2013-10-04,8.92,9.08,8.7501,8.79,7.82653325176,20600,0.0000,1.0
2013-10-03,8.92,9.25,8.7625,8.86,7.88886059279,17600,0.0000,1.0
2013-10-02,9.03,9.08,8.5501,9.05,8.05803480415,8600,0.0000,1.0
2013-10-01,8.84,9.1,8.84,9.02,8.03132308657,5400,0.0000,1.0
2013-09-30,8.76,8.83,8.6,8.8,7.83543715762,6300,0.0000,1.0
2013-09-27,8.8498,8.85,8.73,8.85,7.87995668693,65400,0.0000,1.0
2013-09-26,8.84,8.84,8.75,8.75,7.79091762832,1200,0.0000,1.0
2013-09-25,8.7501,8.7501,8.72,8.72,7.76420591074,1400,0.0000,1.0
2013-09-24,8.78,8.85,8.666,8.75,7.79091762832,7000,0.0000,1.0
2013-09-23,8.75,8.84,8.6599,8.75,7.79091762832,5300,0.0000,1.0
2013-09-20,8.75,8.76,8.68,8.75,7.79091762832,13000,0.0000,1.0
2013-09-19,8.81,8.84,8.78,8.78,7.8176293459,1700,0.0000,1.0
2013-09-18,8.52,8.85,8.52,8.78,7.8176293459,21600,0.0000,1.0
2013-09-17,8.57,8.63,8.3,8.54,7.60393560524,3400,0.0000,1.0
2013-09-16,8.37,8.9208,8.201,8.65,7.70187856971,4200,0.0000,1.0
2013-09-13,8.49,8.56,8.25,8.34,7.42585748802,4600,0.0000,1.0
2013-09-12,8.251,8.95,8.25,8.57,7.63064732282,3400,0.0000,1.0
2013-09-11,8.8,9.0,8.52,8.65,7.70187856971,10100,0.0000,1.0
2013-09-10,8.4,8.95,8.4,8.8,7.83543715762,18700,0.0000,1.0
2013-09-09,8.5,8.5,8.38,8.44,7.51489654663,5900,0.0000,1.0
2013-09-06,8.3901,8.6,8.3901,8.41,7.48818482905,700,0.0000,1.0
2013-09-05,8.36,8.48,8.36,8.38,7.46147311147,4800,0.0000,1.0
2013-09-04,8.36,8.54,8.25,8.39,7.47037701733,15300,0.0000,1.0
2013-09-03,8.37,8.59,8.25,8.3,7.39024186458,7700,0.0000,1.0
2013-08-30,8.31,8.49,8.22,8.25,7.34572233527,6900,0.0000,1.0
2013-08-29,8.47,8.6,8.12,8.37,7.4525692056,30000,0.0000,1.0
2013-08-28,8.5,8.5,8.45,8.45,7.52380045249,23300,0.0000,1.0
2013-08-27,8.71,8.71,8.35,8.52,7.58612779352,7900,0.0000,1.0
2013-08-26,8.39,9.06,8.35,8.71,7.75530200488,23300,0.0000,1.0
2013-08-23,8.37,8.499,8.34,8.35,7.43476139388,3800,0.0000,1.0
2013-08-22,8.22,8.4,8.22,8.34,7.42585748802,3100,0.0000,1.0
2013-08-21,8.299,8.31,8.11,8.13,7.23887546494,4900,0.0000,1.0
2013-08-20,8.1,8.499,8.1,8.2,7.30120280597,4900,0.0000,1.0
2013-08-19,8.56,8.62,8.02,8.1,7.21216374736,10500,0.0000,1.0
2013-08-16,8.44,8.6,8.21,8.44,7.51489654663,6800,0.0000,1.0
2013-08-15,8.63,8.699,8.08,8.35,7.43476139388,43600,0.0000,1.0
2013-08-14,8.0901,8.63,8.0901,8.61,7.66626294627,13700,0.0000,1.0
2013-08-13,8.19,8.31,8.08,8.09,7.2032598415,4800,0.0000,1.0
2013-08-12,8.19,8.3485,8.08,8.25,7.34572233527,17200,0.0000,1.0
2013-08-09,8.05,8.15,7.8,8.05,7.16764421805,9500,0.0000,1.0
2013-08-08,8.05,8.15,8.05,8.05,7.16764421805,1100,0.0000,1.0
2013-08-07,8.08,8.25,8.0,8.05,7.16764421805,5900,0.0000,1.0
2013-08-06,8.15,8.27,8.02,8.05,7.16764421805,8700,0.0000,1.0
2013-08-05,8.15,8.4,8.15,8.25,7.34572233527,11600,0.0000,1.0
2013-08-02,8.05,8.05,8.05,8.05,7.16764421805,600,0.0000,1.0
2013-08-01,8.04,8.09,8.0,8.09,7.2032598415,9300,0.0000,1.0
2013-07-31,8.0,8.08,7.92,7.92,7.05189344186,6000,0.0000,1.0
2013-07-30,8.05,8.05,7.92,7.92,7.05189344186,6500,0.0000,1.0
2013-07-29,7.99,8.1,7.92,7.92,7.05189344186,2500,0.0000,1.0
2013-07-26,8.05,8.05,7.91,7.95,7.07860515945,3700,0.0000,1.0
2013-07-25,7.85,8.08,7.7501,7.89,7.02518172428,10400,0.0000,1.0
2013-07-24,7.53,7.68,7.51,7.66,6.82039188948,6700,0.0000,1.0
2013-07-23,7.62,7.959,7.45,7.74,6.89162313637,10300,0.0000,1.0
2013-07-22,7.63,7.96,7.3,7.66,6.82039188948,10200,0.0000,1.0
2013-07-19,7.41,8.48,7.32,7.82,6.96285438325,13600,0.0000,1.0
2013-07-18,7.48,7.75,7.46,7.74,6.89162313637,14000,0.0000,1.0
2013-07-17,7.2501,7.64,7.25,7.4,6.58889033709,12000,0.0000,1.0
2013-07-16,7.47,7.47,7.27,7.3,6.49985127848,700,0.0000,1.0
2013-07-15,7.13,7.5,7.1001,7.5,6.6779293957,3200,0.0000,1.0
2013-07-12,7.18,7.4,7.18,7.36,6.55327471365,2000,0.0000,1.0
2013-07-11,7.34,7.38,7.1,7.33,6.52656299607,8200,0.0000,1.0
2013-07-10,7.42,7.42,7.11,7.31,6.50875518435,13400,0.0000,1.0
2013-07-09,7.59,7.59,7.32,7.48,6.66012158398,8600,0.0000,1.0
2013-07-08,7.34,7.6,7.11,7.59,6.75806454845,14300,0.0000,1.0
2013-07-05,7.33,7.35,7.2,7.33,6.52656299607,7700,0.0000,1.0
2013-07-03,7.27,7.34,7.12,7.34,6.53546690193,12100,0.0000,1.0
2013-07-02,7.44,7.4699,7.1,7.26,6.46423565504,8200,0.0000,1.0
2013-07-01,7.33,7.45,7.06,7.45,6.6334098664,7300,0.0000,1.0
2013-06-28,7.22,7.36,7.009,7.36,6.55327471365,8900,0.0000,1.0
2013-06-27,7.164,7.4,7.164,7.31,6.50875518435,1000,0.0000,1.0
2013-06-26,7.09,7.42,6.96,7.32,6.51765909021,11300,0.0000,1.0
2013-06-25,7.13,7.19,6.83,7.08,6.30396534954,3300,0.0000,1.0
2013-06-24,7.09,7.489,6.81,6.98,6.21492629093,18100,0.0000,1.0
2013-06-21,7.2001,7.23,7.07,7.07,6.29506144368,4400,0.0000,1.0
2013-06-20,7.3,7.34,7.19,7.27,6.4731395609,6900,0.0000,1.0
2013-06-19,7.39,7.4,6.93,7.4,6.58889033709,11000,0.0000,1.0
2013-06-18,7.499,7.499,7.39,7.39,6.57998643123,900,0.0000,1.0
2013-06-17,7.32,7.392,7.32,7.39,6.57998643123,3100,0.0000,1.0
2013-06-14,7.12,7.45,7.12,7.26,6.46423565504,3600,0.0000,1.0
2013-06-13,7.3,7.489,7.15,7.16,6.37519659643,4000,0.0000,1.0
2013-06-12,7.2,7.2999,7.2,7.2999,6.49976223943,300,0.0000,1.0
2013-06-11,7.09,7.419,6.89,7.01,6.24163800852,8100,0.0000,1.0
2013-06-10,7.29,7.35,7.15,7.15,6.36629269057,10300,0.0000,1.0
2013-06-07,7.32,7.33,7.28,7.29,6.49094737262,4400,0.0000,1.0
2013-06-06,7.32,7.33,7.26,7.3,6.49985127848,7100,0.0000,1.0
2013-06-05,7.43,7.43,7.3,7.31,6.50875518435,4700,0.0000,1.0
2013-06-04,7.38,7.5,7.33,7.37,6.56217861951,10500,0.0000,1.0
2013-06-03,7.44,7.495,7.26,7.37,6.56217861951,30600,0.0000,1.0
2013-05-31,7.63,7.63,7.3,7.3,6.49985127848,5000,0.0000,1.0
2013-05-30,7.47,7.74,7.3,7.74,6.89162313637,22300,0.0000,1.0
2013-05-29,7.5,7.53,7.3,7.53,6.70464111329,18600,0.0000,1.0
2013-05-28,7.6,7.6,7.3,7.53,6.70464111329,35600,0.0000,1.0
2013-05-24,7.46,7.54,7.3101,7.54,6.71354501915,8500,0.0000,1.0
2013-05-23,7.53,7.64,7.45,7.64,6.80258407776,6500,0.0000,1.0
2013-05-22,7.72,7.72,7.6,7.64,6.80258407776,11000,0.0000,1.0
2013-05-21,7.69,7.75,7.6,7.75,6.90052704223,1200,0.0000,1.0
2013-05-20,7.6,7.75,7.511,7.75,6.90052704223,10200,0.0000,1.0
2013-05-17,7.73,7.73,7.5,7.61,6.77587236017,11900,0.0000,1.0
2013-05-16,7.5,7.59,7.45,7.59,6.75806454845,1800,0.0000,1.0
2013-05-15,7.53,7.55,7.4,7.55,6.72244892501,5100,0.0000,1.0
2013-05-14,7.4199,7.5,7.36,7.5,6.6779293957,8200,0.0000,1.0
2013-05-13,7.34,7.47,7.25,7.42,6.60669814882,6700,0.0000,1.0
2013-05-10,7.4,7.486,7.25,7.34,6.53546690193,10100,0.0000,1.0
2013-05-09,7.2501,7.4384,7.25,7.37,6.56217861951,10800,0.0000,1.0
2013-05-08,7.168,7.5999,7.06,7.56,6.73135283087,3400,0.0000,1.0
2013-05-07,7.25,7.55,7.15,7.4,6.58889033709,10800,0.0000,1.0
2013-05-06,7.0,7.25,6.68,7.03,6.25944582024,14000,0.0000,1.0
2013-05-03,6.91,6.91,6.8,6.9,6.14369504405,3300,0.0000,1.0
2013-05-02,6.86,7.0,6.75,6.75,6.01013645613,1600,0.0000,1.0
2013-05-01,6.8,6.91,6.79,6.85,6.09917551474,8700,0.0000,1.0
2013-04-30,6.9199,7.08,6.9,7.0,6.23273410266,12700,0.0000,1.0
2013-04-29,6.81,6.81,6.81,6.81,6.0635598913,1700,0.0000,1.0
2013-04-26,6.9,6.9699,6.73,6.73,5.99232864441,500,0.0000,1.0
2013-04-25,6.57,6.96,6.57,6.96,6.19711847921,6600,0.0000,1.0
2013-04-24,6.46,6.68,6.36,6.58,5.8587700565,37500,0.0000,1.0
2013-04-23,6.62,6.62,6.4,6.5,5.78753880961,2200,0.0000,1.0
2013-04-22,6.43,6.56,6.43,6.56,5.84096224477,1100,0.0000,1.0
2013-04-19,6.0,6.5,5.97,6.5,5.78753880961,3500,0.0000,1.0
2013-04-18,6.4,6.48,6.35,6.48,5.76973099789,3500,0.0000,1.0
2013-04-17,6.57,6.57,6.0,6.5,5.78753880961,59400,0.0000,1.0
2013-04-16,6.64,6.64,6.64,6.64,5.91219349166,1,0.0000,1.0
2013-04-15,6.69,6.8,6.64,6.64,5.91219349166,7500,0.0000,1.0
2013-04-12,6.67,6.72,6.67,6.72,5.98342473855,1300,0.0000,1.0
2013-04-11,6.67,6.82,6.55,6.7351,5.9968696364,6800,0.0000,1.0
2013-04-10,6.6,6.67,6.56,6.57,5.84986615064,2800,0.0000,1.0
2013-04-09,7.0,7.03,6.97,7.0,6.23273410266,1300,0.0000,1.0
2013-04-08,6.61,6.61,6.61,6.61,5.88548177408,1,0.0000,1.0
2013-04-05,6.9,6.9,6.61,6.61,5.88548177408,500,0.0000,1.0
2013-04-04,6.9,7.0,6.8062,6.93,6.17040676163,19000,0.0000,1.0
2013-04-03,6.93,6.99,6.75,6.99,6.2238301968,3100,0.0000,1.0
2013-04-02,6.92,6.9337,6.91,6.91,6.15259894991,900,0.0000,1.0
2013-04-01,6.94,6.95,6.88,6.9,6.14369504405,4000,0.0000,1.0
2013-03-28,6.88,6.88,6.78,6.79,6.04575207958,1100,0.0000,1.0
2013-03-27,6.79,6.79,6.79,6.79,6.04575207958,500,0.0000,1.0
2013-03-26,6.48,6.48,6.48,6.48,5.76973099789,0,0.0000,1.0
2013-03-25,6.45,6.4794,6.45,6.4794,5.76919676354,800,0.0000,1.0
2013-03-22,6.68,6.69,6.66,6.69,5.95671302097,2800,0.0000,1.0
2013-03-21,6.82,6.82,6.74,6.74,6.00123255027,2000,0.0000,1.0
2013-03-20,6.8,6.818,6.8,6.818,6.07068301599,600,0.0000,1.0
2013-03-19,6.89,6.89,6.8,6.8,6.05465598544,900,0.0000,1.0
2013-03-18,6.84,6.8501,6.84,6.85,6.09917551474,5600,0.0000,1.0
2013-03-15,6.9,6.9,6.84,6.89,6.13479113819,9400,0.0000,1.0
2013-03-14,6.858,6.91,6.858,6.9,6.14369504405,1200,0.0000,1.0
2013-03-13,6.8,6.8999,6.8,6.8999,6.14360600499,500,0.0000,1.0
2013-03-12,6.8001,6.89,6.8,6.8,6.05465598544,2100,0.0000,1.0
2013-03-11,6.72,6.86,6.72,6.86,6.1080794206,1100,0.0000,1.0
2013-03-08,6.79,6.879,6.79,6.879,6.12499684174,1500,0.0000,1.0
2013-03-07,6.71,6.87,6.7,6.84,6.09027160888,3600,0.0000,1.0
2013-03-06,6.7,6.738,6.7,6.738,5.9994517691,700,0.0000,1.0
2013-03-05,6.85,6.85,6.704,6.72,5.98342473855,3100,0.0000,1.0
2013-03-04,6.73,6.9,6.65,6.9,6.14369504405,1200,0.0000,1.0
2013-03-01,6.65,6.78,6.65,6.7,5.96561692683,7100,0.0000,1.0
2013-02-28,6.741,6.75,6.67,6.68,5.94780911511,6100,0.0000,1.0
2013-02-27,6.65,6.7,6.53,6.7,5.96561692683,4400,0.0000,1.0
2013-02-26,6.43,6.58,6.43,6.58,5.8587700565,3500,0.0000,1.0
2013-02-25,6.42,6.46,6.4035,6.42,5.71630756272,2400,0.0000,1.0
2013-02-22,6.183,6.75,6.183,6.55,5.83205833891,14700,0.0000,1.0
2013-02-21,6.26,6.4,6.22,6.4,5.698499751,4000,0.0000,1.0
2013-02-20,6.39,6.4656,6.26,6.26,5.57384506895,4000,0.0000,1.0
2013-02-19,6.25,6.47,6.25,6.394,5.69315740748,4100,0.0000,1.0
2013-02-15,6.2499,6.2499,6.16,6.16,5.48480601034,900,0.0000,1.0
2013-02-14,6.2499,6.2499,6.07,6.08,5.41357476345,19600,0.0000,1.0
2013-02-13,6.05,6.17,6.03,6.07,5.40467085759,96400,0.0000,1.0
2013-02-12,6.07,6.16,6.0,6.07,5.40467085759,354900,0.0000,1.0
2013-02-11,5.97,6.25,5.75,6.07,5.40467085759,75200,0.0000,1.0
2013-02-08,5.948,6.25,5.8,5.92,5.27111226967,30100,0.0000,1.0
2013-02-07,5.51,5.84,5.424,5.84,5.19988102279,3900,0.0000,1.0
2013-02-06,5.48,5.9,5.48,5.76,5.1286497759,8100,0.0000,1.0
2013-02-05,5.4,5.5,5.4,5.5,4.89714822352,7200,0.0000,1.0
2013-02-04,5.31,5.45,5.23,5.4,4.80810916491,18900,0.0000,1.0
2013-02-01,5.38,5.4,5.23,5.36,4.77249354146,4400,0.0000,1.0
2013-01-31,5.32,5.32,5.248,5.27,4.69235838871,12700,0.0000,1.0
2013-01-30,5.32,5.45,5.2,5.38,4.79030135318,15800,0.0000,1.0
2013-01-29,5.4,5.45,5.3,5.45,4.85262869421,6800,0.0000,1.0
2013-01-28,5.4898,5.49,5.4898,5.49,4.88824431765,700,0.0000,1.0
2013-01-25,5.4,5.42,5.3,5.3,4.7190701063,8400,0.0000,1.0
2013-01-24,5.27,5.405,5.27,5.4,4.80810916491,7000,0.0000,1.0
2013-01-23,5.32,5.39,5.27,5.37,4.78139744732,2300,0.0000,1.0
2013-01-22,5.27,5.4,5.27,5.36,4.77249354146,5400,0.0000,1.0
2013-01-18,5.3,5.5,5.3,5.4,4.80810916491,6600,0.0000,1.0
2013-01-17,5.41,5.44,5.3,5.34,4.75468572974,6000,0.0000,1.0
2013-01-16,5.31,5.47,5.27,5.46,4.86153260007,4100,0.0000,1.0
2013-01-15,5.338,5.44,5.3,5.44,4.84372478835,1900,0.0000,1.0
2013-01-14,5.28,5.47,5.27,5.47,4.87043650593,15100,0.0000,1.0
2013-01-11,5.38,5.4,5.2001,5.4,4.80810916491,4200,0.0000,1.0
2013-01-10,5.27,5.49,5.27,5.43,4.83482088249,8600,0.0000,1.0
2013-01-09,5.26,5.41,5.26,5.41,4.81701307077,1700,0.0000,1.0
2013-01-08,5.47,5.5,5.42,5.42,4.82591697663,1300,0.0000,1.0
2013-01-07,5.36,5.5,5.36,5.49,4.88824431765,13800,0.0000,1.0
2013-01-04,5.26,5.48,5.22,5.4,4.80810916491,12900,0.0000,1.0
2013-01-03,5.35,5.35,5.3,5.3,4.7190701063,1800,0.0000,1.0
2013-01-02,5.4,5.4,5.275,5.275,4.69681034164,12600,0.0000,1.0
2012-12-31,5.17,5.4,5.17,5.39,4.79920525905,9600,0.0000,1.0
2012-12-28,5.23,5.35,5.2,5.2,4.63003104769,9500,0.0000,1.0
2012-12-27,5.25,5.25,5.2101,5.2101,4.63902399261,800,0.0000,1.0
2012-12-26,5.22,5.35,5.1017,5.25,4.67455057699,12500,0.0000,1.0
2012-12-24,5.11,5.44,5.11,5.25,4.67455057699,17800,0.0000,1.0
2012-12-21,5.29,5.38,5.11,5.32,4.73687791802,3900,0.0000,1.0
2012-12-20,5.3,5.36,5.2,5.32,4.73687791802,6500,0.0000,1.0
2012-12-19,5.22,5.45,5.2,5.3,4.7190701063,6100,0.0000,1.0
2012-12-18,5.29,5.32,5.2001,5.3,4.7190701063,12700,0.0000,1.0
2012-12-17,5.17,5.37,5.17,5.35,4.7635896356,15500,0.0000,1.0
2012-12-14,5.21,5.49,5.12,5.2,4.63003104769,13900,0.0000,1.0
2012-12-13,5.22,5.28,5.2,5.26,4.68345448285,2100,0.0000,1.0
2012-12-12,5.31,5.38,5.2,5.34,4.75468572974,15200,0.0000,1.0
2012-12-11,5.29,5.5,5.29,5.4,4.80810916491,3400,0.0000,1.0
2012-12-10,5.35,5.3685,5.2,5.3685,4.78006186144,2600,0.0000,1.0
2012-12-07,5.35,5.37,5.35,5.37,4.78139744732,900,0.0000,1.0
2012-12-06,5.26,5.33,5.2,5.33,4.74578182388,5000,0.0000,1.0
2012-12-05,5.24,5.32,5.2,5.2,4.63003104769,3100,0.0000,1.0
2012-12-04,5.25,5.35,5.2,5.2,4.63003104769,8000,0.0000,1.0
2012-12-03,5.2,5.46,5.2,5.2,4.63003104769,3800,0.0000,1.0
2012-11-30,5.3,5.3499,5.2,5.2,4.63003104769,4000,0.0000,1.0
2012-11-29,5.27,5.37,5.27,5.37,4.78139744732,500,0.0000,1.0
2012-11-28,5.2101,5.33,5.2,5.26,4.68345448285,3800,0.0000,1.0
2012-11-27,5.5,5.78,5.5,5.509,4.90516173879,3600,0.0000,1.0
2012-11-26,5.49,5.52,5.49,5.5,4.89714822352,6600,0.0000,1.0
2012-11-23,5.24,5.34,5.24,5.34,4.75468572974,400,0.0000,1.0
2012-11-21,5.21,5.22,5.0,5.2,4.63003104769,3800,0.0000,1.0
2012-11-20,5.21,5.21,5.2,5.2,4.63003104769,2000,0.0000,1.0
2012-11-19,5.2,5.2,5.2,5.2,4.63003104769,300,0.0000,1.0
2012-11-16,5.2,5.2,5.0201,5.2,4.63003104769,10400,0.0000,1.0
2012-11-15,5.14,5.23,5.1,5.2,4.63003104769,6900,0.0000,1.0
2012-11-14,5.22,5.22,5.2,5.2,4.63003104769,8800,0.0000,1.0
2012-11-13,5.23,5.4,5.02,5.19,4.62112714183,2000,0.0000,1.0
2012-11-12,5.2,5.2,5.2,5.2,4.63003104769,1000,0.0000,1.0
2012-11-09,5.2,5.2,5.2,5.2,4.63003104769,600,0.0000,1.0
2012-11-08,5.11,5.4,5.11,5.25,4.67455057699,5400,0.0000,1.0
2012-11-07,5.1,5.27,5.1,5.15,4.58551151838,4100,0.0000,1.0
2012-11-06,5.26,5.26,5.03,5.1,4.54099198908,6300,0.0000,1.0
2012-11-05,5.57,5.57,4.65,5.1,4.54099198908,19900,0.0000,1.0
2012-11-02,5.55,5.81,5.55,5.56,4.95057165868,600,0.0000,1.0
2012-11-01,5.56,5.57,5.56,5.56,4.95057165868,500,0.0000,1.0
2012-10-31,6.02,6.1,5.55,5.65,5.03070681143,5900,0.0000,1.0
2012-10-26,6.056,6.06,6.05,6.05,5.38686304587,800,0.0000,1.0
2012-10-25,6.05,6.17,6.05,6.11,5.44028648103,2200,0.0000,1.0
2012-10-24,6.2,6.42,6.0,6.11,5.44028648103,5600,0.0000,1.0
2012-10-23,6.37,6.523,6.17,6.4,5.698499751,3000,0.0000,1.0
2012-10-22,6.6,6.6314,6.6,6.621,5.89527607053,1000,0.0000,1.0
2012-10-19,6.65,6.65,6.65,6.65,5.92109739752,20,0.0000,1.0
2012-10-18,6.4,6.4,6.4,6.4,5.698499751,100,0.0000,1.0
2012-10-17,6.65,6.692,6.65,6.65,5.92109739752,5400,0.0000,1.0
2012-10-16,6.65,6.67,6.65,6.66,5.93000130338,1500,0.0000,1.0
2012-10-15,6.5,6.9399,6.5,6.73,5.99232864441,6300,0.0000,1.0
2012-10-12,6.4,6.7999,6.28,6.5,5.78753880961,2800,0.0000,1.0
2012-10-11,6.81,6.81,6.0035,6.05,5.38686304587,3500,0.0000,1.0
2012-10-10,6.61,6.9783,6.61,6.9783,6.21341262694,1100,0.0000,1.0
2012-10-09,6.55,6.55,6.55,6.55,5.83205833891,700,0.0000,1.0
2012-10-08,6.235,6.6,6.0801,6.5,5.78753880961,18000,0.0000,1.0
2012-10-05,6.48,6.55,6.06,6.2,5.52042163378,5500,0.0000,1.0
2012-10-04,6.46,6.5,6.45,6.48,5.76973099789,3700,0.0000,1.0
2012-10-03,6.2,6.55,6.09,6.48,5.76973099789,11000,0.0000,1.0
2012-10-02,6.0,6.0,6.0,6.0,5.34234351656,0,0.0000,1.0
2012-10-01,6.0101,6.02,5.86,6.0,5.34234351656,6100,0.0000,1.0
2012-09-28,5.97,6.1,5.7,6.02,5.36015132828,3900,0.0000,1.0
2012-09-27,5.98,6.04,5.88,6.04,5.37795914001,1100,0.0000,1.0
2012-09-26,5.83,6.03,5.63,6.0,5.34234351656,10400,0.0000,1.0
2012-09-25,5.64,5.75,5.64,5.75,5.11974587004,900,0.0000,1.0
2012-09-24,5.76,5.76,5.63,5.65,5.03070681143,1500,0.0000,1.0
2012-09-21,5.77,5.99,5.74,5.99,5.3334396107,7100,0.0000,1.0
2012-09-20,5.73,6.0,5.6,5.6,4.98618728212,19200,0.0000,1.0
2012-09-19,5.75,5.75,5.31,5.6501,5.03079585049,2800,0.0000,1.0
2012-09-18,5.77,6.0383,5.66,5.67,5.04851462315,2100,0.0000,1.0
2012-09-17,5.69,5.75,5.69,5.75,5.11974587004,5900,0.0000,1.0
2012-09-14,5.66,5.77,5.66,5.75,5.11974587004,13400,0.0000,1.0
2012-09-13,5.65,5.65,5.65,5.65,5.03070681143,0,0.0000,1.0
2012-09-12,6.0,6.04,5.65,5.65,5.03070681143,12700,0.0000,1.0
2012-09-11,5.4,6.09,5.4,5.84,5.19988102279,12200,0.0000,1.0
2012-09-10,6.1899,6.1899,6.1899,6.1899,5.51142868886,400,0.0000,1.0
2012-09-07,5.65,5.91,5.5,5.65,5.03070681143,19700,0.0000,1.0
2012-09-06,5.61,5.65,5.44,5.51,4.90605212938,5700,0.0000,1.0
2012-09-05,5.56,5.65,5.56,5.65,5.03070681143,6600,0.0000,1.0
2012-09-04,5.65,5.65,5.65,5.65,5.03070681143,2400,0.0000,1.0
2012-08-31,5.75,5.75,5.75,5.75,5.11974587004,200,0.0000,1.0
2012-08-30,5.67,5.75,5.5101,5.75,5.11974587004,1200,0.0000,1.0
2012-08-29,5.81,6.33,5.75,5.75,5.11974587004,3100,0.0000,1.0
2012-08-28,5.38,5.83,5.38,5.5743,4.96330424406,7500,0.0000,1.0
2012-08-27,5.26,5.58,5.26,5.39,4.79920525905,400,0.0000,1.0
2012-08-24,5.2,5.25,5.2,5.25,4.67455057699,1100,0.0000,1.0
2012-08-23,5.26,5.29,5.2,5.245,4.67009862406,2500,0.0000,1.0
2012-08-22,5.28,5.3,5.2,5.28,4.70126229457,11800,0.0000,1.0
2012-08-21,5.39,5.39,5.39,5.39,4.79920525905,100,0.0000,1.0
2012-08-20,5.22,5.26,5.2,5.25,4.67455057699,3400,0.0000,1.0
2012-08-17,5.1,5.3,5.0,5.3,4.7190701063,7800,0.0000,1.0
2012-08-16,5.1,5.175,5.1,5.175,4.60777128304,2500,0.0000,1.0
2012-08-15,5.1,5.17,5.05,5.1,4.54099198908,4200,0.0000,1.0
2012-08-14,5.2,5.2,5.02,5.1,4.54099198908,4700,0.0000,1.0
2012-08-13,5.09,5.2395,5.0,5.2395,4.66520147584,3500,0.0000,1.0
2012-08-10,5.18,5.18,5.1,5.12,4.5587998008,3400,0.0000,1.0
2012-08-09,5.2,5.4,5.1,5.3,4.7190701063,5400,0.0000,1.0
2012-08-08,4.98,5.1995,4.98,5.05,4.49647245977,9300,0.0000,1.0
2012-08-07,5.33,5.33,5.0,5.05,4.49647245977,8800,0.0000,1.0
2012-08-06,5.32,5.32,5.32,5.32,4.73687791802,500,0.0000,1.0
2012-08-03,5.47,5.47,5.25,5.32,4.73687791802,4400,0.0000,1.0
2012-08-02,5.38,5.38,5.25,5.27,4.69235838871,3900,0.0000,1.0
2012-08-01,5.313,5.45,5.3,5.3,4.7190701063,11300,0.0000,1.0
2012-07-31,5.35,5.35,5.29,5.29,4.71016620044,1700,0.0000,1.0
2012-07-30,5.3,5.35,5.3,5.35,4.7635896356,1600,0.0000,1.0
2012-07-27,5.32,5.35,5.25,5.31,4.72797401216,13600,0.0000,1.0
2012-07-26,5.44,5.48,5.26,5.335,4.75023377681,7100,0.0000,1.0
2012-07-25,5.55,5.55,5.32,5.5,4.89714822352,1900,0.0000,1.0
2012-07-24,5.56,5.56,5.4,5.48,4.87934041179,2900,0.0000,1.0
2012-07-23,5.2501,5.46,5.2501,5.44,4.84372478835,5600,0.0000,1.0
2012-07-20,5.27,5.475,5.25,5.44,4.84372478835,1200,0.0000,1.0
2012-07-19,5.29,5.4,5.28,5.4,4.80810916491,7000,0.0000,1.0
2012-07-18,5.4,5.63,5.27,5.27,4.69235838871,1700,0.0000,1.0
2012-07-17,5.4,5.4,5.4,5.4,4.80810916491,700,0.0000,1.0
2012-07-16,5.35,5.35,5.35,5.35,4.7635896356,400,0.0000,1.0
2012-07-13,5.5967,5.5967,5.35,5.37,4.78139744732,1100,0.0000,1.0
2012-07-12,5.35,5.495,5.2501,5.35,4.7635896356,2700,0.0000,1.0
2012-07-11,5.3501,5.44,5.3501,5.44,4.84372478835,200,0.0000,1.0
2012-07-10,5.36,5.46,5.36,5.46,4.86153260007,200,0.0000,1.0
2012-07-09,5.35,5.35,5.35,5.35,4.7635896356,0,0.0000,1.0
2012-07-06,5.35,5.35,5.35,5.35,4.7635896356,700,0.0000,1.0
2012-07-05,5.48,5.48,5.35,5.35,4.7635896356,700,0.0000,1.0
2012-07-03,5.45,5.55,5.45,5.53,4.9238599411,1500,0.0000,1.0
2012-07-02,5.86,5.86,5.11,5.35,4.7635896356,15500,0.0000,1.0
2012-06-29,5.76,5.99,5.7,5.98,5.32453570484,7400,0.0000,1.0
2012-06-28,5.75,5.75,5.71,5.75,5.11974587004,1100,0.0000,1.0
2012-06-27,5.83,5.83,5.83,5.83,5.19097711693,0,0.0000,1.0
2012-06-26,5.7,5.83,5.7,5.83,5.19097711693,3400,0.0000,1.0
2012-06-25,5.7,5.98,5.7,5.7,5.07522634073,4500,0.0000,1.0
2012-06-22,5.75,5.75,5.75,5.75,5.11974587004,400,0.0000,1.0
2012-06-21,5.9,5.9895,5.75,5.75,5.11974587004,1200,0.0000,1.0
2012-06-20,5.75,5.9999,5.75,5.9999,5.3422544775,1300,0.0000,1.0
2012-06-19,6.2899,6.2899,5.75,5.75,5.11974587004,3600,0.0000,1.0
2012-06-18,6.28,6.28,5.65,5.86,5.21768883451,1400,0.0000,1.0
2012-06-15,6.27,6.28,6.27,6.28,5.59165288067,400,0.0000,1.0
2012-06-14,6.27,6.27,6.27,6.27,5.58274897481,0,0.0000,1.0
2012-06-13,6.27,6.27,6.27,6.27,5.58274897481,0,0.0000,1.0
2012-06-12,5.83,6.27,5.8,6.27,5.58274897481,900,0.0000,1.0
2012-06-11,5.97,6.0,5.86,6.0,5.34234351656,600,0.0000,1.0
2012-06-08,6.23,6.25,6.23,6.24,5.55603725722,900,0.0000,1.0
2012-06-07,6.41,6.5,5.9,6.12,5.44919038689,1300,0.0000,1.0
2012-06-06,6.45,6.45,6.11,6.32,5.62726850411,1600,0.0000,1.0
2012-06-05,5.52,6.465,5.52,6.465,5.7563751391,1700,0.0000,1.0
2012-06-04,5.51,5.51,5.51,5.51,4.90605212938,9900,0.0000,1.0
2012-06-01,6.01,6.05,5.8,5.9,5.25330445795,1100,0.0000,1.0
2012-05-31,6.02,6.17,5.75,6.15,5.47590210448,11900,0.0000,1.0
2012-05-30,5.96,6.14,5.96,6.14,5.46699819862,400,0.0000,1.0
2012-05-29,6.14,6.14,6.14,6.14,5.46699819862,300,0.0000,1.0
2012-05-25,6.17,6.17,6.17,6.17,5.4937099162,400,0.0000,1.0
2012-05-24,6.17,6.17,5.92,6.05,5.38686304587,1600,0.0000,1.0
2012-05-23,6.16,6.2,5.71,6.05,5.38686304587,12000,0.0000,1.0
2012-05-22,6.22,6.35,6.01,6.24,5.55603725722,1200,0.0000,1.0
2012-05-21,6.21,6.65,6.0,6.08,5.41357476345,3000,0.0000,1.0
2012-05-18,6.5,7.0,6.02,6.21,5.52932553964,2800,0.0000,1.0
2012-05-17,6.23,6.31,6.2,6.267,5.58007780305,4700,0.0000,1.0
2012-05-16,6.3,6.3,6.3,6.3,5.60946069239,0,0.0000,1.0
2012-05-15,6.3,6.3,6.3,6.3,5.60946069239,100,0.0000,1.0
2012-05-14,6.21,6.21,6.1,6.1,5.43138257517,1700,0.0000,1.0
2012-05-11,6.13,6.4,6.05,6.25,5.56494116309,10100,0.0000,1.0
2012-05-10,5.84,6.59,5.84,6.2,5.52042163378,17000,0.0000,1.0
2012-05-09,5.67,5.73,5.67,5.73,5.10193805832,900,0.0000,1.0
2012-05-08,5.58,5.89,5.55,5.89,5.24440055209,4200,0.0000,1.0
2012-05-07,5.89,5.89,5.89,5.89,5.24440055209,200,0.0000,1.0
2012-05-04,5.66,5.976,5.55,5.68,5.05741852901,6000,0.0000,1.0
2012-05-03,6.18,6.195,5.67,5.67,5.04851462315,6200,0.0000,1.0
2012-05-02,6.37,6.38,5.85,6.29,5.60055678653,7400,0.0000,1.0
2012-05-01,6.39,6.4,6.2,6.4,5.698499751,1400,0.0000,1.0
2012-04-30,6.36,6.71,6.36,6.4,5.698499751,8000,0.0000,1.0
2012-04-27,6.31,6.55,6.31,6.55,5.83205833891,200,0.0000,1.0
2012-04-26,6.79,6.89,6.49,6.58,5.8587700565,3800,0.0000,1.0
2012-04-25,6.17,6.737,6.17,6.71,5.97452083269,3000,0.0000,1.0
2012-04-24,6.5,6.81,6.5,6.8,6.05465598544,21700,0.0000,1.0
2012-04-23,6.88,6.92,6.49,6.6,5.87657786822,18100,0.0000,1.0
2012-04-20,7.17,7.28,6.87,7.0,6.23273410266,3500,0.0000,1.0
2012-04-19,7.07,7.2366,6.85,7.19,6.40190831401,4000,0.0000,1.0
2012-04-18,7.22,7.22,6.96,7.05,6.27725363196,2300,0.0000,1.0
2012-04-17,7.18,7.447,6.91,7.2,6.41081221987,5300,0.0000,1.0
2012-04-16,7.1,7.18,6.81,7.15,6.36629269057,3300,0.0000,1.0
2012-04-13,6.821,7.1,6.82,7.1,6.32177316127,10300,0.0000,1.0
2012-04-12,7.11,7.11,6.929,7.01,6.24163800852,2500,0.0000,1.0
2012-04-11,6.97,7.16,6.84,7.16,6.37519659643,5600,0.0000,1.0
2012-04-10,7.14,7.14,7.05,7.05,6.27725363196,200,0.0000,1.0
2012-04-09,6.92,7.1692,6.92,6.93,6.17040676163,700,0.0000,1.0
2012-04-05,7.13,7.18,6.977,6.98,6.21492629093,2600,0.0000,1.0
2012-04-04,7.0,7.13,7.0,7.13,6.34848487885,2700,0.0000,1.0
2012-04-03,7.14,7.32,7.03,7.03,6.25944582024,4700,0.0000,1.0
2012-04-02,7.0,7.14,6.95,7.1,6.32177316127,3000,0.0000,1.0
2012-03-30,7.12,7.36,6.98,7.09,6.3128692554,4800,0.0000,1.0
2012-03-29,7.0,7.401,7.0,7.0601,6.28624657688,3000,0.0000,1.0
2012-03-28,7.27,7.4,6.97,7.13,6.34848487885,16100,0.0000,1.0
2012-03-27,6.94,7.36,6.92,7.35,6.54437080779,4300,0.0000,1.0
2012-03-26,6.95,7.02,6.908,6.908,6.15081816874,1900,0.0000,1.0
2012-03-23,6.85,6.92,6.81,6.81,6.0635598913,7100,0.0000,1.0
2012-03-22,6.94,6.95,6.76,6.95,6.18821457335,2600,0.0000,1.0
2012-03-21,6.75,6.98,6.75,6.95,6.18821457335,5900,0.0000,1.0
2012-03-20,6.75,6.7535,6.51,6.7535,6.01325282318,1200,0.0000,1.0
2012-03-19,6.55,6.82,6.55,6.79,6.04575207958,3000,0.0000,1.0
2012-03-16,6.57,6.6,6.55,6.56,5.84096224477,3400,0.0000,1.0
2012-03-15,6.74,6.74,6.67,6.74,6.00123255027,3800,0.0000,1.0
2012-03-14,6.6,6.78,6.49,6.57,5.84986615064,2100,0.0000,1.0
2012-03-13,6.43,6.73,6.33,6.73,5.99232864441,16200,0.0000,1.0
2012-03-12,6.63,6.63,6.3,6.41,5.70740365686,17700,0.0000,1.0
2012-03-09,6.55,6.7,6.55,6.68,5.94780911511,2200,0.0000,1.0
2012-03-08,6.56,6.7,6.5,6.59,5.86767396236,4400,0.0000,1.0
2012-03-07,6.53,6.64,6.53,6.578,5.85698927532,1400,0.0000,1.0
2012-03-06,6.55,6.68,6.2101,6.57,5.84986615064,1900,0.0000,1.0
2012-03-05,6.31,6.64,6.29,6.615,5.88993372701,7200,0.0000,1.0
2012-03-02,6.31,6.74,6.29,6.3001,5.60954973145,7700,0.0000,1.0
2012-03-01,6.2,6.415,6.05,6.28,5.59165288067,4800,0.0000,1.0
2012-02-29,6.11,6.25,5.9025,6.17,5.4937099162,10900,0.0000,1.0
2012-02-28,6.01,6.12,5.91,6.12,5.44919038689,3000,0.0000,1.0
2012-02-27,5.88,6.08,5.82,6.08,5.41357476345,4500,0.0000,1.0
2012-02-24,5.85,6.0,5.85,6.0,5.34234351656,1000,0.0000,1.0
2012-02-23,5.81,6.0,5.81,6.0,5.34234351656,1800,0.0000,1.0
2012-02-22,5.91,5.98,5.8101,5.89,5.24440055209,3900,0.0000,1.0
2012-02-21,5.97,6.0,5.8,5.97,5.31563179898,6000,0.0000,1.0
2012-02-17,5.8565,5.97,5.75,5.91,5.26220836381,4400,0.0000,1.0
2012-02-16,5.78,6.1,5.78,5.94,5.2889200814,6500,0.0000,1.0
2012-02-15,5.93,5.93,5.75,5.75,5.11974587004,10900,0.0000,1.0
2012-02-14,5.84,6.0,5.78,5.8,5.16426539934,8100,0.0000,1.0
2012-02-13,5.72,6.29,5.432,5.8,5.16426539934,5700,0.0000,1.0
2012-02-10,5.57,5.59,5.57,5.59,4.97728337626,500,0.0000,1.0
2012-02-09,5.64,5.75,5.51,5.58,4.9683794704,11200,0.0100,1.0
2012-02-08,5.54,5.73,5.54,5.59,4.9683794704,7200,0.0000,1.0
2012-02-07,5.55,5.74,5.55,5.65,5.02170733592,2300,0.0000,1.0
2012-02-06,5.9,5.9,5.66,5.74,5.10169913419,800,0.0000,1.0
2012-02-03,5.55,5.9,5.53,5.9,5.24390677556,3100,0.0000,1.0
2012-02-02,5.48,5.59,5.3,5.54,4.92393958247,6700,0.0000,1.0
2012-02-01,5.47,5.54,5.4,5.5,4.88838767213,4400,0.0000,1.0
2012-01-31,5.43,5.54,5.3,5.46,4.85283576179,7500,0.0000,1.0
2012-01-30,5.39,5.49,5.38,5.49,4.87949969455,1900,0.0000,1.0
2012-01-27,5.36,5.36,5.36,5.36,4.76395598593,500,0.0000,1.0
2012-01-26,5.35,5.35,5.35,5.35,4.75506800835,100,0.0000,1.0
2012-01-25,5.49,5.55,5.3,5.45,4.8439477842,9600,0.0000,1.0
2012-01-24,5.3001,5.49,5.3,5.49,4.87949969455,3400,0.0000,1.0
2012-01-23,5.53,5.6,5.38,5.39,4.79061991869,3400,0.0000,1.0
2012-01-20,5.35,5.6,5.35,5.5,4.88838767213,6000,0.0000,1.0
2012-01-19,5.35,5.35,5.35,5.35,4.75506800835,200,0.0000,1.0
2012-01-18,5.33,5.39,5.25,5.35,4.75506800835,11100,0.0000,1.0
2012-01-17,5.31,5.38,5.31,5.38,4.7817319411,200,0.0000,1.0
2012-01-13,5.3,5.38,5.22,5.36,4.76395598593,5700,0.0000,1.0
2012-01-12,5.3,5.35,5.228,5.3027,4.71302787437,3400,0.0000,1.0
2012-01-11,5.25,5.37,5.22,5.22,4.63952429973,1700,0.0000,1.0
2012-01-10,5.26,5.26,5.22,5.22,4.63952429973,2900,0.0000,1.0
2012-01-09,5.24,5.3,5.1892,5.23,4.64841227732,3700,0.0000,1.0
2012-01-06,5.29,5.3,5.2,5.2,4.62174834456,900,0.0000,1.0
2012-01-05,5.15,5.3,5.1,5.3,4.71062812042,11200,0.0000,1.0
2012-01-04,5.2,5.25,5.12,5.17,4.5950844118,1800,0.0000,1.0
2012-01-03,5.23,5.36,4.91,5.08,4.51509261353,13300,0.0000,1.0
2011-12-30,5.13,5.25,5.0,5.15,4.57730845663,16600,0.0000,1.0
2011-12-29,5.02,5.25,5.0,5.1,4.5328685687,15700,0.0000,1.0
2011-12-28,5.04,5.1,5.0,5.01,4.45287677043,13000,0.0000,1.0
2011-12-27,4.9501,5.05,4.95,5.0,4.44398879285,7400,0.0000,1.0
2011-12-23,5.06,5.21,5.05,5.1,4.5328685687,2500,0.0000,1.0
2011-12-22,5.01,5.09,5.0,5.053,4.49109507405,8100,0.0000,1.0
2011-12-21,5.14,5.16,4.98,5.06,4.49731665836,23000,0.0000,1.0
2011-12-20,5.2,5.25,5.01,5.138,4.56664288353,20500,0.0000,1.0
2011-12-19,5.05,5.22,5.0,5.1,4.5328685687,21200,0.0000,1.0
2011-12-16,5.12,5.149,4.99,5.01,4.45287677043,11200,0.0000,1.0
2011-12-15,5.01,5.31,5.01,5.15,4.57730845663,5400,0.0000,1.0
2011-12-14,5.19,5.45,5.0601,5.1,4.5328685687,15500,0.0000,1.0
2011-12-13,5.84,5.85,5.3501,5.3501,4.75515688812,17200,0.0000,1.0
2011-12-12,5.55,5.93,5.5,5.7501,5.11067599155,16800,0.0000,1.0
2011-12-09,5.48,5.66,5.35,5.66,5.0305953135,11400,0.0000,1.0
2011-12-08,5.51,5.81,5.35,5.43,4.82617182903,20500,0.0000,1.0
2011-12-07,5.2,5.85,5.2,5.81,5.16391497729,25600,0.0000,1.0
2011-12-06,5.51,5.67,5.1,5.1301,4.55962138124,10600,0.0000,1.0
2011-12-05,5.61,5.78,5.305,5.5,4.88838767213,26700,0.0000,1.0
2011-12-02,5.59,5.8,5.59,5.61,4.98615542557,7700,0.0000,1.0
2011-12-01,5.9,5.9,5.43,5.7,5.06614722385,4600,0.0000,1.0
2011-11-30,5.71,6.1278,5.12,5.85,5.19946688763,16100,0.0000,1.0
2011-11-29,5.34,5.55,5.34,5.5,4.88838767213,6200,0.0000,1.0
2011-11-28,5.25,5.39,5.22,5.35,4.75506800835,2000,0.0000,1.0
2011-11-25,5.23,5.25,5.0799,5.25,4.66618823249,500,0.0000,1.0
2011-11-23,5.22,5.25,5.14,5.23,4.64841227732,4600,0.0000,1.0
2011-11-22,5.04,5.25,5.04,5.15,4.57730845663,3100,0.0000,1.0
2011-11-21,5.06,5.36,4.95,4.95,4.39954890492,7400,0.0000,1.0
2011-11-18,5.2889,5.34,4.76,5.3,4.71062812042,26000,0.0000,1.0
2011-11-17,5.29,5.29,4.92,4.93,4.38177294975,9000,0.0000,1.0
2011-11-16,5.06,5.31,5.06,5.29,4.70174014283,9000,0.0000,1.0
2011-11-15,5.09,5.22,5.05,5.05,4.48842868078,7000,0.0000,1.0
2011-11-14,5.1,5.18,5.1,5.16,4.58619643422,500,0.0000,1.0
2011-11-11,5.27,5.3,5.05,5.2,4.62174834456,2100,0.0000,1.0
2011-11-10,5.14,5.22,5.03,5.03,4.4706527256,500,0.0000,1.0
2011-11-09,5.18,5.18,5.07,5.07,4.50620463595,1054,0.0100,1.0
2011-11-08,5.13,5.3099,5.13,5.23,4.63926185945,2200,0.0000,1.0
2011-11-07,5.3399,5.34,4.92,5.0,4.43524078341,9900,0.0000,1.0
2011-11-04,5.34,5.34,5.14,5.23,4.63926185945,5200,0.0000,1.0
2011-11-03,5.19,5.3336,5.15,5.29,4.69248474885,5700,0.0000,1.0
2011-11-02,5.13,5.23,5.05,5.18,4.59490945162,7800,0.0000,1.0
2011-11-01,5.03,5.11,4.97,4.97,4.40862933871,2200,0.0000,1.0
2011-10-31,5.05,5.2099,5.0,5.1,4.52394559908,8300,0.0000,1.0
2011-10-28,5.15,5.17,5.05,5.09,4.51507511751,2500,0.0000,1.0
2011-10-27,5.1,5.25,4.8,5.059,4.48757662466,23300,0.0000,1.0
2011-10-26,4.996,5.05,4.77,5.01,4.44411126498,3200,0.0000,1.0
2011-10-25,4.91,5.03,4.75,5.03,4.46185222811,5400,0.0000,1.0
2011-10-24,5.05,5.05,5.05,5.05,4.47959319125,200,0.0000,1.0
2011-10-21,4.9,5.02,4.9,4.95,4.39088837558,4800,0.0000,1.0
2011-10-20,4.92,5.09,4.9,5.0,4.43524078341,2500,0.0000,1.0
2011-10-19,5.1,5.1,4.9,5.04,4.47072270968,2800,0.0000,1.0
2011-10-18,4.97,5.14,4.76,5.09,4.51507511751,7500,0.0000,1.0
2011-10-17,4.9,5.18,4.73,4.99,4.42637030185,4600,0.0000,1.0
2011-10-14,4.95,5.02,4.82,5.01,4.44411126498,1900,0.0000,1.0
2011-10-13,4.74,4.93,4.5,4.93,4.37314741244,5000,0.0000,1.0
2011-10-12,4.48,4.71,4.48,4.71,4.17799681797,2600,0.0000,1.0
2011-10-11,4.43,4.59,4.43,4.54,4.02719863134,400,0.0000,1.0
2011-10-10,4.4,4.66,4.4,4.49,3.9828462235,1000,0.0000,1.0
2011-10-07,4.55,4.68,4.31,4.31,3.8231775553,5800,0.0000,1.0
2011-10-06,4.58,4.64,4.55,4.55,4.03606911291,2000,0.0000,1.0
2011-10-05,4.56,4.63,4.338,4.59,4.07155103917,1600,0.0000,1.0
2011-10-04,4.26,4.54,4.2,4.54,4.02719863134,12000,0.0000,1.0
2011-10-03,4.25,4.38,4.25,4.26,3.77882514747,7900,0.0000,1.0
2011-09-30,4.29,4.37,4.28,4.36,3.86752996314,500,0.0000,1.0
2011-09-29,4.38,4.38,4.25,4.3148,3.82743538645,5500,0.0000,1.0
2011-09-28,4.26,4.48,4.25,4.25,3.7699546659,4900,0.0000,1.0
2011-09-27,4.21,4.62,4.2,4.29,3.80543659217,5100,0.0000,1.0
2011-09-26,4.15,4.23,4.05,4.18,3.70786129493,12100,0.0000,1.0
2011-09-23,4.24,4.43,4.07,4.112,3.64754202028,1200,0.0000,1.0
2011-09-22,4.18,4.41,4.0,4.2,3.72560225807,3500,0.0000,1.0
2011-09-21,4.08,4.22,3.96,4.19,3.7167317765,30700,0.0000,1.0
2011-09-20,4.55,4.6,3.95,3.95,3.5038402189,22800,0.0000,1.0
2011-09-19,4.95,4.985,4.24,4.47,3.96510526037,30300,0.0000,1.0
2011-09-16,5.08,5.08,4.96,5.02,4.45298174655,18600,0.0000,1.0
2011-09-15,5.38,5.38,5.01,5.13,4.55055704378,4200,0.0000,1.0
2011-09-14,5.1,5.47,5.1,5.33,4.72796667512,7000,0.0000,1.0
2011-09-13,5.04,5.04,5.04,5.04,4.47072270968,0,0.0000,1.0
2011-09-12,5.018,5.243,4.91,5.04,4.47072270968,10400,0.0000,1.0
2011-09-09,5.07,5.31,5.06,5.06,4.48846367281,2800,0.0000,1.0
2011-09-08,5.43,5.66,4.87,5.37,4.76344860138,6300,0.0000,1.0
2011-09-07,5.47,5.7,5.3,5.4,4.79006004609,5900,0.0000,1.0
2011-09-06,5.53,5.53,5.39,5.48,4.86102389862,2000,0.0000,1.0
2011-09-02,5.63,5.71,5.46,5.56,4.93198775115,800,0.0000,1.0
2011-09-01,5.58,5.81,5.58,5.68,5.03843352996,6200,0.0000,1.0
2011-08-31,5.75,5.75,5.41,5.57,4.94085823272,11400,0.0000,1.0
2011-08-30,5.81,5.92,5.7,5.7,5.05617449309,1300,0.0000,1.0
2011-08-29,5.56,5.89,5.56,5.78,5.12713834562,2500,0.0000,1.0
2011-08-26,5.64,5.78,5.64,5.78,5.12713834562,300,0.0000,1.0
2011-08-25,5.68,5.82,5.56,5.65,5.01182208526,9200,0.0000,1.0
2011-08-24,5.61,6.08,5.55,5.61,4.97634015899,4000,0.0000,1.0
2011-08-23,5.69,5.69,5.1,5.55,4.92311726959,11100,0.0000,1.0
2011-08-22,5.4501,5.71,5.4501,5.71,5.06504497466,700,0.0000,1.0
2011-08-19,5.73,6.04,5.56,5.74,5.09165641936,1100,0.0000,1.0
2011-08-18,5.64,5.907,5.4,5.85,5.18923171659,5400,0.0000,1.0
2011-08-17,5.61,5.74,5.49,5.74,5.09165641936,5700,0.0000,1.0
2011-08-16,5.49,5.58,5.49,5.54,4.91424678802,1900,0.0000,1.0
2011-08-15,5.36,5.786,5.3,5.55,4.92311726959,12800,0.0000,1.0
2011-08-12,5.35,5.48,5.25,5.25,4.65700282258,2200,0.0000,1.0
2011-08-11,5.93,5.93,5.37,5.4,4.79006004609,6000,0.0100,1.0
2011-08-10,6.37,6.37,5.28,5.28,4.67495693962,7700,0.0000,1.0
2011-08-09,6.13,6.13,5.38,5.38,4.76349779075,19400,0.0000,1.0
2011-08-08,6.36,6.36,6.0,6.0,5.31245106775,11200,0.0000,1.0
2011-08-05,6.27,6.474,6.22,6.44,5.70203081272,6200,0.0000,1.0
2011-08-04,6.27,6.56,6.25,6.26,5.54265728068,2200,0.0000,1.0
2011-08-03,6.35,6.57,6.35,6.38,5.64890630204,400,0.0000,1.0
2011-08-02,6.24,6.45,6.24,6.24,5.52494911046,3000,0.0000,1.0
2011-08-01,6.23,6.61,6.23,6.26,5.54265728068,10200,0.0000,1.0
2011-07-29,6.11,6.38,6.05,6.16,5.45411642955,15500,0.0000,1.0
2011-07-28,6.34,6.45,6.05,6.11,5.40984600399,25200,0.0000,1.0
2011-07-27,6.6,6.62,6.26,6.35,5.6223440467,36300,0.0000,1.0
2011-07-26,6.58,6.75,6.5,6.5,5.75515532339,4400,0.0000,1.0
2011-07-25,6.56,6.65,6.55,6.61,5.85255025963,3400,0.0000,1.0
2011-07-22,6.8201,6.8201,6.72,6.72,5.94994519588,11800,0.0000,1.0
2011-07-21,6.82,6.88,6.75,6.75,5.97650745122,16700,0.0000,1.0
2011-07-20,6.83,6.9,6.75,6.76,5.98536153633,12200,0.0000,1.0
2011-07-19,6.96,6.96,6.8,6.88,6.09161055768,7400,0.0000,1.0
2011-07-18,6.8108,6.87,6.8,6.81,6.02963196189,6800,0.0000,1.0
2011-07-15,6.85,6.87,6.84,6.87,6.08275647257,500,0.0000,1.0
2011-07-14,6.86,6.975,6.85,6.89,6.1004646428,3700,0.0000,1.0
2011-07-13,6.89,7.0,6.85,6.87,6.08275647257,8100,0.0000,1.0
2011-07-12,6.8499,6.95,6.8255,6.85,6.06504830234,11100,0.0000,1.0
2011-07-11,6.9,6.95,6.83,6.84,6.05619421723,5800,0.0000,1.0
2011-07-08,6.984,7.0,6.87,6.97,6.1712973237,6200,0.0000,1.0
2011-07-07,6.91,7.0501,6.9,7.0,6.19785957904,17900,0.0000,1.0
2011-07-06,7.04,7.06,6.93,6.93,6.13588098325,600,0.0000,1.0
2011-07-05,6.99,6.99,6.85,6.95,6.15358915347,2250,0.0000,1.0
2011-07-01,7.04,7.0401,6.9295,7.0,6.19785957904,6000,0.0000,1.0
2011-06-30,6.85,7.04,6.84,6.98,6.18015140881,12000,0.0000,1.0
2011-06-29,6.9,6.99,6.81,6.81,6.02963196189,6800,0.0000,1.0
2011-06-28,7.04,7.04,6.8,6.93,6.13588098325,7200,0.0000,1.0
2011-06-27,7.01,7.08,6.966,7.0,6.19785957904,10600,0.0000,1.0
2011-06-24,7.12,7.216,6.916,7.07,6.25983817483,2300,0.0000,1.0
2011-06-23,6.8,7.11,6.8,7.07,6.25983817483,5100,0.0000,1.0
2011-06-22,6.92,6.96,6.72,6.96,6.16244323859,3200,0.0000,1.0
2011-06-21,6.828,6.87,6.81,6.82,6.03848604701,900,0.0000,1.0
2011-06-20,6.55,6.95,6.53,6.9,6.10931872791,6200,0.0000,1.0
2011-06-17,6.83,6.85,6.51,6.85,6.06504830234,8800,0.0000,1.0
2011-06-16,7.33,7.33,6.65,6.68,5.91452885543,14700,0.0000,1.0
2011-06-15,6.71,6.84,6.7,6.75,5.97650745122,7800,0.0000,1.0
2011-06-14,7.15,7.15,6.52,6.655,5.89239364264,49200,0.0000,1.0
2011-06-13,7.59,7.59,7.01,7.01,6.20671366415,15400,0.0000,1.0
2011-06-10,7.49,7.86,7.333,7.55,6.68483426025,7100,0.0000,1.0
2011-06-09,7.43,7.6,7.275,7.49,6.63170974957,3200,0.0000,1.0
2011-06-08,7.43,7.43,7.372,7.39,6.54316889844,1500,0.0000,1.0
2011-06-07,7.57,7.57,7.299,7.39,6.54316889844,5300,0.0000,1.0
2011-06-06,7.51,7.66,7.51,7.55,6.68483426025,4200,0.0000,1.0
2011-06-03,7.72,7.9,7.59,7.668,6.78931246458,4900,0.0000,1.0
2011-06-02,7.7,7.8,7.641,7.65,6.77337511138,7900,0.0000,1.0
2011-06-01,7.83,8.02,7.7,7.7,6.81764553694,8200,0.0000,1.0
2011-05-31,8.04,8.07,7.75,7.75,6.86191596251,11300,0.0000,1.0
2011-05-27,8.07,8.11,7.995,8.0099,7.09203363459,5600,0.0000,1.0
2011-05-26,7.97,8.07,7.97,7.98,7.0655599201,1800,0.0000,1.0
2011-05-25,7.88,7.95,7.85,7.95,7.03899766476,5600,0.0000,1.0
2011-05-24,8.0,8.0,7.9,7.93,7.02128949454,2400,0.0000,1.0
2011-05-23,8.02,8.02,7.85,8.0,7.08326809033,12900,0.0000,1.0
2011-05-20,8.13,8.16,8.03,8.03,7.10983034567,13900,0.0000,1.0
2011-05-19,8.16,8.16,8.02,8.14,7.20722528191,4600,0.0000,1.0
2011-05-18,8.08,8.27,8.04,8.15,7.21607936702,10100,0.0000,1.0
2011-05-17,7.5,8.17,7.41,8.0001,7.08335663118,34000,0.0100,1.0
2011-05-16,7.9,8.0,7.5899,7.62,6.73838997386,12000,0.0000,1.0
2011-05-13,8.23,8.28,7.92,7.99,7.06558213794,31000,0.0000,1.0
2011-05-12,8.58,8.58,8.25,8.25,7.29550095595,22400,0.0000,1.0
2011-05-11,9.28,9.309,8.61,8.61,7.61385008857,14500,0.0000,1.0
2011-05-10,9.07,9.33,9.07,9.26,8.18864713359,6600,0.0000,1.0
2011-05-09,9.3,9.44,9.3,9.42,8.33013563697,4000,0.0000,1.0
2011-05-06,9.54,9.54,9.29,9.3,8.22401925943,3500,0.0000,1.0
2011-05-05,9.38,9.54,9.35,9.45,8.35666473136,3400,0.0000,1.0
2011-05-04,9.3975,9.42,9.3,9.39,8.30360654259,4100,0.0000,1.0
2011-05-03,9.52,9.67,9.32,9.38,8.29476351113,14000,0.0000,1.0
2011-05-02,9.45,9.69,9.43,9.58,8.47162414036,3000,0.0000,1.0
2011-04-29,9.51,9.7,9.51,9.68,8.56005445498,4600,0.0000,1.0
2011-04-28,9.63,9.74,9.56,9.6,8.48931020329,12000,0.0000,1.0
2011-04-27,9.7,9.75,9.5,9.74,8.61311264375,23000,0.0000,1.0
2011-04-26,10.14,10.14,9.75,9.75,8.62195567521,9500,0.0000,1.0
2011-04-25,10.1,10.19,9.9058,10.01,8.85187449322,5300,0.0000,1.0
2011-04-21,10.11,10.19,10.1,10.18,9.00220602807,5000,0.0000,1.0
2011-04-20,10.07,10.18,10.0,10.11,8.94030480783,10600,0.0000,1.0
2011-04-19,9.81,9.98,9.78,9.91,8.7634441786,2100,0.0000,1.0
2011-04-18,9.76,9.85,9.7,9.78,8.6484847696,8900,0.0000,1.0
2011-04-15,9.96,10.21,9.96,10.07,8.90493268199,13300,0.0000,1.0
2011-04-14,9.92,10.02,9.82,9.91,8.7634441786,4700,0.0000,1.0
2011-04-13,9.77,10.02,9.77,9.88,8.73691508421,5000,0.0000,1.0
2011-04-12,9.75,10.04,9.75,9.99,8.83418843029,25900,0.0000,1.0
2011-04-11,9.71,9.84,9.7,9.75,8.62195567521,38700,0.0000,1.0
2011-04-08,9.81,9.81,9.731,9.75,8.62195567521,26600,0.0000,1.0
2011-04-07,9.9,9.9,9.81,9.86,8.71922902129,3600,0.0000,1.0
2011-04-06,9.69,9.85,9.69,9.75,8.62195567521,26000,0.0000,1.0
2011-04-05,9.69,9.83,9.69,9.75,8.62195567521,14100,0.0000,1.0
2011-04-04,9.67,9.89,9.67,9.75,8.62195567521,7700,0.0000,1.0
2011-04-01,9.8,9.88,9.71,9.75,8.62195567521,22500,0.0000,1.0
2011-03-31,9.93,10.03,9.75,9.75,8.62195567521,32100,0.0000,1.0
2011-03-30,10.1,10.14,10.0,10.09,8.92261874491,3400,0.0000,1.0
2011-03-29,9.92,10.15,9.88,10.06,8.89608965053,4900,0.0000,1.0
2011-03-28,9.88,9.9281,9.65,9.87,8.72807205275,6800,0.0000,1.0
2011-03-25,9.96,9.96,9.75,9.91,8.7634441786,1600,0.0000,1.0
2011-03-24,10.01,10.01,9.42,9.9,8.75460114714,22300,0.0000,1.0
2011-03-23,10.0001,10.1,9.9,10.09,8.92261874491,3200,0.0000,1.0
2011-03-22,9.8,10.05,9.8,10.0,8.84303146176,7300,0.0000,1.0
2011-03-21,9.87,9.96,9.7901,9.96,8.80765933591,4800,0.0000,1.0
2011-03-18,9.64,9.89,9.6084,9.87,8.72807205275,23600,0.0000,1.0
2011-03-17,9.6,9.65,9.56,9.625,8.51141778194,7300,0.0000,1.0
2011-03-16,9.59,9.67,9.53,9.575,8.46720262463,3400,0.0000,1.0
2011-03-15,9.65,9.71,9.551,9.59,8.48046717182,5300,0.0000,1.0
2011-03-14,9.7,9.87,9.65,9.71,8.58658354936,3200,0.0000,1.0
2011-03-11,9.7701,9.9,9.7701,9.88,8.73691508421,700,0.0000,1.0
2011-03-10,9.77,9.9,9.75,9.9,8.75460114714,14100,0.0000,1.0
2011-03-09,9.81,9.9,9.761,9.801,8.66705513567,1900,0.0000,1.0
2011-03-08,9.73,9.88,9.7015,9.87,8.72807205275,2800,0.0000,1.0
2011-03-07,9.84,9.86,9.74,9.757,8.62814579723,19200,0.0000,1.0
2011-03-04,9.9,9.96,9.81,9.81,8.67501386398,2600,0.0000,1.0
2011-03-03,9.765,9.96,9.76,9.86,8.71922902129,5600,0.0000,1.0
2011-03-02,9.66,9.9356,9.66,9.93,8.78113024152,4300,0.0000,1.0
2011-03-01,9.99,9.995,9.61,9.7,8.5777405179,11200,0.0000,1.0
2011-02-28,9.97,9.98,9.85,9.98,8.82534539883,1500,0.0000,1.0
2011-02-25,9.76,9.95,9.76,9.9,8.75460114714,6800,0.0000,1.0
2011-02-24,10.01,10.01,9.7703,9.79,8.65732780106,3600,0.0000,1.0
2011-02-23,9.8199,9.89,9.7,9.89,8.74575811568,6100,0.0000,1.0
2011-02-22,9.81,9.8399,9.69,9.774,8.64317895072,2000,0.0000,1.0
2011-02-18,9.984,9.984,9.73,9.8,8.66617083252,10500,0.0000,1.0
2011-02-17,9.85,9.96,9.85,9.96,8.80765933591,800,0.0000,1.0
2011-02-16,9.87,9.87,9.78,9.85,8.71038598983,4900,0.0000,1.0
2011-02-15,9.83,9.86,9.744,9.86,8.71922902129,2500,0.0600,1.0
2011-02-14,9.92,10.05,9.82,9.9001,8.70173782598,11300,0.0000,1.0
2011-02-11,9.93,9.97,9.86,9.97,8.76317674821,6400,0.0000,1.0
2011-02-10,9.96,10.095,9.95,10.0,8.78954538437,3600,0.0000,1.0
2011-02-09,9.96,10.14,9.953,10.14,8.91259901975,1800,0.0000,1.0
2011-02-08,10.11,10.11,9.96,9.96,8.75438720283,800,0.0000,1.0
2011-02-07,10.08,10.08,9.981,10.02,8.80712447513,800,0.0000,1.0
2011-02-04,10.21,10.21,9.92,10.16,8.93017811052,3300,0.0000,1.0
2011-02-03,10.28,10.29,10.1,10.1,8.87744083821,5700,0.0000,1.0
2011-02-02,10.19,10.285,10.17,10.285,9.04004742782,6300,0.0000,1.0
2011-02-01,9.62,10.23,9.62,10.15,8.92138856513,12700,0.0000,1.0
2011-01-31,9.86,9.86,9.53,9.65,8.48191129591,7500,0.0000,1.0
2011-01-28,9.99,10.096,9.9,9.92,8.71922902129,6300,0.0000,1.0
2011-01-27,10.2,10.24,9.86,9.9,8.70164993052,14800,0.0000,1.0
2011-01-26,10.06,10.18,10.06,10.18,8.94775720128,6600,0.0000,1.0
2011-01-25,10.37,10.37,10.26,10.36,9.1059690182,300,0.0000,1.0
2011-01-24,10.18,10.3999,10.07,10.29,9.04444220051,5700,0.0000,1.0
2011-01-21,10.13,10.26,10.06,10.14,8.91259901975,5300,0.0000,1.0
2011-01-20,10.07,10.31,10.07,10.12,8.89501992898,9900,0.0000,1.0
2011-01-19,10.34,10.41,10.21,10.21,8.97412583744,6600,0.0000,1.0
2011-01-18,10.79,10.79,10.41,10.49,9.2202331082,6800,0.0000,1.0
2011-01-14,10.44,10.84,10.44,10.75,9.44876128819,9000,0.0000,1.0
2011-01-13,10.64,10.75,10.45,10.58,9.29933901666,3400,0.0000,1.0
2011-01-12,10.7,10.755,10.68,10.7,9.40481356127,3500,0.0000,1.0
2011-01-11,10.66,10.84,10.66,10.79,9.48391946973,7200,0.0000,1.0
2011-01-10,10.87,10.87,10.26,10.74,9.43997174281,2400,0.0000,1.0
2011-01-07,11.11,11.11,10.48,10.89,9.57181492357,5600,0.0000,1.0
2011-01-06,10.82,10.999,10.8,10.94,9.6157626505,6200,0.0000,1.0
2011-01-05,10.75,10.91,10.6,10.91,9.58939401434,14600,0.0000,1.0
2011-01-04,10.75,10.87,10.69,10.7,9.40481356127,14400,0.0000,1.0
2011-01-03,10.71,10.82,10.54,10.73,9.43118219742,8700,0.0000,1.0
2010-12-31,10.42,10.7348,10.42,10.54,9.26418083512,10500,0.0000,1.0
2010-12-30,10.14,10.53,10.0401,10.35,9.09717947282,17800,0.0000,1.0
2010-12-29,9.95,10.26,9.95,10.19,8.95654674667,11800,0.0000,1.0
2010-12-28,10.33,10.4975,10.06,10.1999,8.9652483966,16600,0.0000,1.0
2010-12-27,10.01,10.33,10.01,10.27,9.02686310974,11100,0.0000,1.0
2010-12-23,10.09,10.2,10.01,10.09,8.86865129282,8100,0.0000,1.0
2010-12-22,10.0,10.26,9.94,10.1,8.87744083821,21300,0.0000,1.0
2010-12-21,9.65,9.91,9.56,9.91,8.71043947591,17400,0.0000,1.0
2010-12-20,9.73,9.87,9.45,9.65,8.48191129591,10100,0.0000,1.0
2010-12-17,9.89,10.1,9.61,9.61,8.44675311438,19200,0.0000,1.0
2010-12-16,9.51,10.04,9.45,9.95,8.74559765744,32700,0.0000,1.0
2010-12-15,9.65,9.65,9.4001,9.45,8.30612038823,2100,0.0000,1.0
2010-12-14,9.571,9.76,9.54,9.75,8.56980674976,3300,0.0000,1.0
2010-12-13,9.82,9.84,9.505,9.6,8.43796356899,11800,0.0000,1.0
2010-12-10,9.62,9.78,9.461,9.66,8.4907008413,11600,0.0000,1.0
2010-12-09,9.47,9.63,9.47,9.54,8.38522629668,13700,0.0000,1.0
2010-12-08,9.48,9.64,9.4,9.54,8.38522629668,13300,0.0000,1.0
2010-12-07,9.53,9.63,9.41,9.53,8.3764367513,11700,0.0000,1.0
2010-12-06,9.61,9.62,9.44,9.52,8.36764720592,3500,0.0000,1.0
2010-12-03,9.68,9.68,9.3,9.55,8.39401584207,17600,0.0000,1.0
2010-12-02,9.5,9.84,9.31,9.55,8.39401584207,10300,0.0000,1.0
2010-12-01,9.85,9.85,9.35,9.51,8.35885766053,15600,0.0000,1.0
2010-11-30,9.92,9.98,9.6,9.76,8.57859629514,6100,0.0000,1.0
2010-11-29,9.86,9.95,9.7,9.92,8.71922902129,4700,0.0000,1.0
2010-11-26,9.95,9.95,9.95,9.95,8.74559765744,100,0.0000,1.0
2010-11-24,9.99,9.99,9.8,9.96,8.75438720283,3000,0.0000,1.0
2010-11-23,9.904,9.95,9.84,9.94,8.73680811206,1600,0.0000,1.0
2010-11-22,10.1,10.1,9.83,10.0,8.78954538437,1400,0.0000,1.0
2010-11-19,10.05,10.17,10.01,10.13,8.90380947436,4400,0.0000,1.0
2010-11-18,10.21,10.24,9.94,10.05,8.83349311129,7800,0.0000,1.0
2010-11-17,10.25,10.25,9.73,10.1,8.87744083821,6500,0.0000,1.0
2010-11-16,10.25,10.33,10.1,10.27,9.02686310974,4900,0.0000,1.0
2010-11-15,10.32,10.39,10.3,10.33,9.07960038205,2100,0.0000,1.0
2010-11-12,10.07,10.4,10.07,10.32,9.07081083667,3500,0.0000,1.0
2010-11-11,10.41,10.41,10.41,10.41,9.14991674512,200,0.0000,1.0
2010-11-10,10.19,10.55,10.0,10.5,9.22902265358,10500,0.0600,1.0
2010-11-09,10.42,10.5,10.17,10.32,9.01927213873,7700,0.0000,1.0
2010-11-08,10.3,10.46,10.1,10.46,9.14162660573,12800,0.0000,1.0
2010-11-05,9.75,10.61,9.75,10.4599,9.14153920968,24800,0.0000,1.0
2010-11-04,9.75,9.8099,9.3848,9.75,8.52111466595,14700,0.0000,1.0
2010-11-03,9.82,9.82,9.36,9.6,8.39002059417,4200,0.0000,1.0
2010-11-02,9.86,10.01,9.58,9.77,8.53859387552,6100,0.0000,1.0
2010-11-01,9.5,9.86,9.5,9.86,8.61725031859,12800,0.0000,1.0
2010-10-29,9.61,9.65,9.355,9.52,8.32010375588,18000,0.0000,1.0
2010-10-28,9.55,9.6,9.5,9.59,8.38128098938,5900,0.0000,1.0
2010-10-27,9.36,9.55,9.35,9.54,8.33758296545,11500,0.0000,1.0
2010-10-26,9.35,9.42,9.27,9.35,8.17153047453,5400,0.0000,1.0
2010-10-25,9.38,9.46,9.25,9.46,8.26766612717,5700,0.0000,1.0
2010-10-22,9.4,9.52,9.27,9.37,8.1890096841,3500,0.0000,1.0
2010-10-21,9.38,9.505,9.38,9.47,8.27640573195,3700,0.0000,1.0
2010-10-20,9.83,9.83,9.2801,9.43,8.24144731281,16700,0.0000,1.0
2010-10-19,9.5,9.51,9.42,9.4776,8.28304783159,31800,0.0000,1.0
2010-10-18,9.74,9.74,9.301,9.54,8.33758296545,4900,0.0000,1.0
2010-10-15,9.8001,9.8001,9.6,9.64,8.42497901331,4000,0.0000,1.0
2010-10-14,9.74,9.85,9.66,9.77,8.53859387552,3700,0.0000,1.0
2010-10-13,9.87,9.88,9.58,9.83,8.59103150424,6600,0.0000,1.0
2010-10-12,9.65,9.8,9.65,9.8,8.56481268988,3400,0.0000,1.0
2010-10-11,9.74,9.74,9.7,9.74,8.51237506117,1600,0.0000,1.0
2010-10-08,9.8,9.88,9.54,9.72,8.49489585159,31200,0.0000,1.0
2010-10-07,9.7,9.804,9.65,9.7,8.47741664202,6100,0.0000,1.0
2010-10-06,9.83,9.83,9.49,9.75,8.52111466595,6700,0.0000,1.0
2010-10-05,9.75,9.88,9.6,9.82,8.58229189945,16900,0.0000,1.0
2010-10-04,9.66,9.74,9.551,9.7,8.47741664202,8500,0.0000,1.0
2010-10-01,9.5,9.75,9.37,9.75,8.52111466595,7500,0.0000,1.0
2010-09-30,9.5,9.5,9.35,9.48,8.28514533674,12600,0.0000,1.0
2010-09-29,9.35,9.45,9.31,9.45,8.25892652238,4000,0.0000,1.0
2010-09-28,9.4,9.4,9.25,9.4,8.21522849846,8300,0.0000,1.0
2010-09-27,9.46,9.5,9.26,9.4,8.21522849846,13200,0.0000,1.0
2010-09-24,9.5,9.68,9.47,9.68,8.45993743245,4400,0.0000,1.0
2010-09-23,9.43,9.5599,9.43,9.43,8.24144731281,11300,0.0000,1.0
2010-09-22,9.57,9.68,9.4,9.44,8.2501869176,7700,0.0000,1.0
2010-09-21,9.77,9.77,9.65,9.65,8.4337186181,3800,0.0000,1.0
2010-09-20,9.72,9.81,9.6,9.7,8.47741664202,7100,0.0000,1.0
2010-09-17,9.7,9.725,9.55,9.72,8.49489585159,6600,0.0000,1.0
2010-09-16,9.6,9.67,9.45,9.5995,8.38958361393,8600,0.0000,1.0
2010-09-15,9.49,9.69,9.42,9.6,8.39002059417,18300,0.0000,1.0
2010-09-14,9.74,9.74,9.42,9.48,8.28514533674,12000,0.0000,1.0
2010-09-13,9.84,9.84,9.4,9.65,8.4337186181,7000,0.0000,1.0
2010-09-10,9.8,9.8899,9.5,9.6,8.39002059417,2400,0.0000,1.0
2010-09-09,9.63,9.8,9.5,9.5,8.30262454631,10100,0.0000,1.0
2010-09-08,9.75,10.0,9.63,9.63,8.41623940852,2500,0.0000,1.0
2010-09-07,9.95,10.19,9.6,9.6,8.39002059417,10700,0.0000,1.0
2010-09-03,10.04,10.04,9.51,9.91,8.66094834252,5700,0.0000,1.0
2010-09-02,10.1,10.3399,9.8615,10.01,8.74834439038,7900,0.0000,1.0
2010-09-01,9.95,10.46,9.7,10.39,9.08044937223,31700,0.0000,1.0
2010-08-31,9.46,9.66,9.2,9.66,8.44245822288,12400,0.0000,1.0
2010-08-30,9.48,9.5,9.23,9.39,8.20648889367,22900,0.0000,1.0
2010-08-27,9.68,9.68,9.39,9.4,8.21522849846,4300,0.0000,1.0
2010-08-26,9.77,9.77,9.3,9.39,8.20648889367,14200,0.0000,1.0
2010-08-25,9.83,9.83,9.45,9.72,8.49489585159,4200,0.0000,1.0
2010-08-24,10.1,10.12,9.74,9.78,8.54733348031,10400,0.0000,1.0
2010-08-23,10.35,10.79,10.08,10.21,8.92313648609,10300,0.0000,1.0
2010-08-20,10.41,10.44,10.41,10.42,9.10666818659,2700,0.0000,1.0
2010-08-19,10.88,10.88,9.79,10.23,8.94061569566,6000,0.0000,1.0
2010-08-18,10.41,10.79,10.21,10.54,9.21154344401,5000,0.0000,1.0
2010-08-17,10.61,10.61,10.31,10.55,9.2202830488,5900,0.0000,1.0
2010-08-16,10.46,11.2,10.44,10.47,9.15036621051,25800,0.0000,1.0
2010-08-13,10.8,10.85,10.56,10.62,9.2814602823,8000,0.0000,1.0
2010-08-12,10.86,11.05,10.29,10.57,9.23776225837,28300,0.0600,1.0
2010-08-11,11.14,11.1501,10.96,11.03,9.58537325586,5900,0.0000,1.0
2010-08-10,11.14,11.549,11.11,11.31,9.82870095411,3200,0.0000,1.0
2010-08-09,11.8,11.8,11.52,11.52,10.0111967278,900,0.0000,1.0
2010-08-06,11.27,11.45,11.22,11.45,9.95036480323,4100,0.0000,1.0
2010-08-05,10.98,11.59,10.98,11.18,9.71572737992,13600,0.0000,1.0
2010-08-04,11.3,11.53,10.99,11.44,9.94167452829,4800,0.0000,1.0
2010-08-03,11.25,11.49,11.04,11.16,9.69834683005,19400,0.0000,1.0
2010-08-02,11.16,11.759,10.7,11.03,9.58537325586,15300,0.0000,1.0
2010-07-30,11.31,11.71,10.74,11.02,9.57668298092,32500,0.0000,1.0
2010-07-29,11.5,11.5,10.91,11.0,9.55930243105,8300,0.0000,1.0
2010-07-28,11.3,11.3,10.92,11.0,9.55930243105,6700,0.0000,1.0
2010-07-27,11.29,11.47,10.95,10.96,9.5245413313,12600,0.0000,1.0
2010-07-26,11.08,11.35,11.08,11.26,9.78524957942,9400,0.0000,1.0
2010-07-23,11.06,11.1999,11.05,11.08,9.62882463055,4300,0.0000,1.0
2010-07-22,11.34,11.63,11.05,11.22,9.75048847967,17800,0.0000,1.0
2010-07-21,11.36,11.38,11.02,11.06,9.61144408067,10100,0.0000,1.0
2010-07-20,11.05,11.405,11.05,11.255,9.78090444195,7400,0.0000,1.0
2010-07-19,11.16,11.42,11.16,11.34,9.85477177892,11300,0.0000,1.0
2010-07-16,11.19,11.9,11.19,11.28,9.8026301293,7200,0.0000,1.0
2010-07-15,11.89,11.979,11.48,11.53,10.0198870027,15700,0.0000,1.0
2010-07-14,11.8,12.05,11.58,11.95,10.3848785501,12600,0.0000,1.0
2010-07-13,11.25,11.91,11.25,11.88,10.3240466255,23400,0.0000,1.0
2010-07-12,11.21,11.53,11.02,11.16,9.69834683005,29000,0.0000,1.0
2010-07-09,11.47,11.47,11.11,11.4,9.90691342854,17700,0.0000,1.0
2010-07-08,11.2,11.4101,11.02,11.36,9.87215232879,9600,0.0000,1.0
2010-07-07,11.83,11.83,11.06,11.23,9.75917875461,74000,0.0000,1.0
2010-07-06,11.75,11.84,11.75,11.84,10.2892855258,10300,0.0000,1.0
2010-07-02,11.77,11.84,11.7,11.76,10.2197633263,8400,0.0000,1.0
2010-07-01,11.81,12.1,11.7,11.75,10.2110730513,11900,0.0000,1.0
2010-06-30,12.0,12.0,11.8,11.91,10.3501174503,24900,0.0000,1.0
2010-06-29,12.01,12.02,11.75,11.92,10.3588077253,28100,0.0000,1.0
2010-06-28,12.2,12.3,11.97,12.06,10.4804715744,68600,0.0000,1.0
2010-06-25,13.18,13.5,12.13,12.26,10.6542770732,1354000,0.0000,1.0
2010-06-24,12.85,13.56,12.84,12.97,11.2712865937,43800,0.0000,1.0
2010-06-23,13.5,13.73,13.41,13.59,11.8100836398,11600,0.0000,1.0
2010-06-22,13.54,13.85,13.42,13.45,11.6884197907,12600,0.0000,1.0
2010-06-21,13.76,13.76,13.4,13.45,11.6884197907,11000,0.0000,1.0
2010-06-18,13.53,13.68,13.48,13.64,11.8535350145,37900,0.0000,1.0
2010-06-17,13.39,13.52,13.15,13.43,11.6710392408,14700,0.0000,1.0
2010-06-16,13.2,13.3,13.12,13.29,11.5493753917,6600,0.0000,1.0
2010-06-15,13.0,13.29,12.75,13.2,11.4711629173,20600,0.0000,1.0
2010-06-14,13.19,13.75,12.26,12.83,11.1496227446,21900,0.0000,1.0
2010-06-11,13.0,13.1,12.67,13.06,11.3494990681,11500,0.0000,1.0
2010-06-10,12.9,12.92,12.5,12.89,11.2017643942,20300,0.0000,1.0
2010-06-09,12.69,12.7,12.44,12.69,11.0279588955,8200,0.0000,1.0
2010-06-08,12.8,12.8,12.35,12.54,10.8976047714,37600,0.0000,1.0
2010-06-07,12.73,12.87,12.45,12.61,10.958436696,24600,0.0000,1.0
2010-06-04,13.12,13.12,12.7,12.7,11.0366491704,18600,0.0000,1.0
2010-06-03,13.3,13.67,13.22,13.34,11.5928267664,13100,0.0000,1.0
2010-06-02,12.75,13.5,12.57,13.41,11.6536586909,9100,0.0000,1.0
2010-06-01,12.85,12.87,12.65,12.7,11.0366491704,21200,0.0000,1.0
2010-05-28,13.0,13.37,12.75,12.81,11.1322421947,22600,0.0000,1.0
2010-05-27,12.73,13.1,12.54,13.08,11.366879618,12600,0.0000,1.0
2010-05-26,12.42,12.58,12.42,12.5,10.8628436716,13000,0.0000,1.0
2010-05-25,12.44,12.5,12.14,12.39,10.7672506473,24500,0.0000,1.0
2010-05-24,12.85,12.95,12.65,12.7,11.0366491704,15900,0.0000,1.0
2010-05-21,12.6,12.92,12.6,12.79,11.1148616448,23200,0.0000,1.0
2010-05-20,13.0,13.0,12.75,12.8,11.1235519198,22000,0.0000,1.0
2010-05-19,13.08,13.64,12.75,12.95,11.2539060438,18900,0.0000,1.0
2010-05-18,13.79,13.81,13.26,13.26,11.5233045669,12100,0.0000,1.0
2010-05-17,13.49,13.72,13.36,13.56,11.784012815,13500,0.0000,1.0
2010-05-14,13.61,13.75,13.35,13.51,11.7405614403,12000,0.0000,1.0
2010-05-13,13.73,13.78,13.49,13.78,11.9751988636,13200,0.0600,1.0
2010-05-12,12.77,13.97,12.591,13.97,12.087682668,20600,0.0000,1.0
2010-05-11,12.83,13.19,12.75,13.18,11.4041272415,14900,0.0000,1.0
2010-05-10,13.02,13.06,12.7001,13.01,11.2570330358,28400,0.0000,1.0
2010-05-07,12.79,12.94,12.55,12.8,11.0753284288,23000,0.0000,1.0
2010-05-06,12.79,12.81,12.6,12.7,10.9888024254,25100,0.0000,1.0
2010-05-05,12.8,12.88,12.5,12.75,11.0320654271,20000,0.0000,1.0
2010-05-04,13.38,13.38,12.3,12.88,11.1445492315,32100,0.0000,1.0
2010-05-03,14.15,14.15,13.25,13.63,11.7934942566,15500,0.0000,1.0
2010-04-30,14.46,14.79,13.98,14.09,12.191513872,39200,0.0000,1.0
2010-04-29,14.19,14.55,14.0,14.5,12.5462704857,16400,0.0000,1.0
2010-04-28,14.02,14.41,14.0,14.15,12.243429474,15500,0.0000,1.0
2010-04-27,14.64,14.75,14.15,14.22,12.3039976764,9000,0.0000,1.0
2010-04-26,14.75,14.8,14.48,14.76,12.7712380944,10600,0.0000,1.0
2010-04-23,14.63,14.78,14.4801,14.73,12.7452802934,8000,0.0000,1.0
2010-04-22,14.5,14.66,14.5,14.65,12.6760594908,4300,0.0000,1.0
2010-04-21,14.417,14.63,14.41,14.55,12.5895334874,27000,0.0000,1.0
2010-04-20,14.62,14.66,14.53,14.66,12.6847120911,3400,0.0000,1.0
2010-04-19,14.5,14.56,14.45,14.5,12.5462704857,5500,0.0000,1.0
2010-04-16,14.7,14.73,14.5,14.6,12.6327964891,16100,0.0000,1.0
2010-04-15,14.522,14.72,14.4,14.72,12.7366276931,11300,0.0000,1.0
2010-04-14,14.44,14.71,14.37,14.69,12.7106698921,9500,0.0000,1.0
2010-04-13,14.25,14.45,14.12,14.39,12.451091882,15100,0.0000,1.0
2010-04-12,14.26,14.41,14.16,14.25,12.3299554774,21200,0.0000,1.0
2010-04-09,14.35,14.35,14.2,14.3,12.373218479,19400,0.0000,1.0
2010-04-08,14.25,14.39,14.25,14.35,12.4164814807,14600,0.0000,1.0
2010-04-07,14.0,14.41,13.76,14.26,12.3386080777,17600,0.0000,1.0
2010-04-06,14.07,14.27,13.901,14.06,12.165556071,10000,0.0000,1.0
2010-04-05,13.86,14.32,13.32,14.2,12.2866924757,21300,0.0000,1.0
2010-04-01,14.28,14.39,13.55,13.61,11.7761890559,10600,0.0000,1.0
2010-03-31,13.56,14.39,13.56,14.25,12.3299554774,43000,0.0000,1.0
2010-03-30,13.3,13.8,13.27,13.73,11.8800202599,10400,0.0000,1.0
2010-03-29,13.41,13.6,13.31,13.5,11.6810104522,3200,0.0000,1.0
2010-03-26,14.0,14.0,13.3,13.31,11.5166110459,10700,0.0000,1.0
2010-03-25,14.29,14.57,13.85,13.88,12.009809265,13300,0.0000,1.0
2010-03-24,14.45,14.45,14.07,14.18,12.269387275,9900,0.0000,1.0
2010-03-23,14.09,14.74,13.51,14.56,12.5981860877,14900,0.0000,1.0
2010-03-22,13.73,14.12,13.0275,14.1,12.2001664723,17100,0.0000,1.0
2010-03-19,13.16,13.91,12.94,13.91,12.035767066,66700,0.0000,1.0
2010-03-18,13.06,13.305,13.01,13.02,11.2656856362,6500,0.0000,1.0
2010-03-17,13.28,13.28,13.0,13.11,11.3435590392,3200,0.0000,1.0
2010-03-16,13.21,13.21,12.72,13.0,11.2483804355,11400,0.0000,1.0
2010-03-15,13.32,13.32,12.635,12.83,11.1012862298,14700,0.0000,1.0
2010-03-12,13.6,13.61,13.25,13.35,11.5512214472,8300,0.0000,1.0
2010-03-11,13.65,13.82,13.07,13.61,11.7761890559,44800,0.0000,1.0
2010-03-10,13.45,13.8,13.27,13.79,11.9319358619,14400,0.0000,1.0
2010-03-09,13.02,13.57,12.845,13.49,11.6723578519,5500,0.0000,1.0
2010-03-08,13.18,13.36,12.84,13.29,11.4993058452,9200,0.0000,1.0
2010-03-05,13.0,13.25,12.75,13.23,11.4473902432,28800,0.0000,1.0
2010-03-04,12.73,12.96,12.654,12.96,11.2137700341,22800,0.0000,1.0
2010-03-03,12.08,12.75,12.08,12.65,10.9455394238,58800,0.0000,1.0
2010-03-02,11.7,12.05,11.7,12.05,10.4263834037,9400,0.0000,1.0
2010-03-01,11.47,11.74,11.47,11.7,10.1235423919,13100,0.0000,1.0
2010-02-26,11.84,11.87,11.3,11.32,9.79474357921,39000,0.0000,1.0
2010-02-25,11.61,11.82,11.6,11.79,10.201415795,3700,0.0000,1.0
2010-02-24,11.99,11.99,11.65,11.82,10.227373596,7000,0.0000,1.0
2010-02-23,12.21,12.21,11.8003,11.97,10.357162601,9500,0.0000,1.0
2010-02-22,11.65,12.31,11.58,12.21,10.564825009,17400,0.0000,1.0
2010-02-19,11.93,12.16,11.7,11.89,10.2879417983,12700,0.0000,1.0
2010-02-18,11.86,11.95,11.79,11.94,10.3312048,10400,0.0000,1.0
2010-02-17,12.29,12.29,11.82,11.97,10.357162601,50300,0.0000,1.0
2010-02-16,11.97,12.5,11.46,12.19,10.5475198084,50400,0.0000,1.0
2010-02-12,11.43,11.92,11.35,11.9,10.2965943986,18700,0.0000,1.0
2010-02-11,11.34,11.71,11.34,11.56,10.0024059872,30500,0.0000,1.0
2010-02-10,11.18,11.61,11.18,11.42,9.88126958256,10000,0.0600,1.0
2010-02-09,11.55,11.74,11.14,11.34,9.76076629497,35900,0.0000,1.0
2010-02-08,11.01,11.5001,11.01,11.31,9.73494416191,24000,0.0000,1.0
2010-02-05,11.16,11.16,10.21,10.99,9.45950807598,73100,0.0000,1.0
2010-02-04,12.05,12.06,11.06,11.15,9.59722611895,48500,0.0000,1.0
2010-02-03,13.21,13.44,12.02,12.05,10.3718901106,78500,0.0000,1.0
2010-02-02,13.21,13.4,13.15,13.26,11.4133828105,20900,0.0000,1.0
2010-02-01,13.34,13.41,13.11,13.24,11.3961680551,16300,0.0000,1.0
2010-01-29,13.5,13.5,13.19,13.3,11.4478123213,15900,0.0000,1.0
2010-01-28,13.64,13.64,13.17,13.18,11.344523789,20300,0.0000,1.0
2010-01-27,13.31,13.55,13.31,13.55,11.6629967634,11600,0.0000,1.0
2010-01-26,13.45,13.79,13.32,13.32,11.4650270766,15400,0.0000,1.0
2010-01-25,13.78,13.78,13.41,13.55,11.6629967634,13600,0.0000,1.0
2010-01-22,13.65,13.83,13.43,13.65,11.7490705402,20800,0.0000,1.0
2010-01-21,13.64,13.7,13.4,13.49,11.6113524973,23300,0.0000,1.0
2010-01-20,13.55,13.8,13.41,13.59,11.6974262741,18900,0.0000,1.0
2010-01-19,13.13,13.7299,13.1,13.65,11.7490705402,27300,0.0000,1.0
2010-01-15,13.49,13.5,13.0206,13.05,11.2326278791,33000,0.0000,1.0
2010-01-14,13.52,13.8,13.34,13.34,11.482241832,90600,0.0000,1.0
2010-01-13,13.59,13.59,13.44,13.48,11.6027451196,157200,0.0000,1.0
2010-01-12,13.5,13.74,13.38,13.47,11.5941377419,22500,0.0000,1.0
2010-01-11,13.79,13.79,13.51,13.56,11.6716041411,5300,0.0000,1.0
2010-01-08,13.75,13.83,13.6,13.71,11.8007148063,12800,0.0000,1.0
2010-01-07,13.92,13.94,13.63,13.79,11.8695738278,10800,0.0000,1.0
2010-01-06,13.87,14.17,13.75,13.75,11.8351443171,18500,0.0000,1.0
2010-01-05,14.54,14.54,13.96,14.0,12.0503287592,12000,0.0000,1.0
2010-01-04,14.68,14.75,14.22,14.55,12.5237345319,6800,0.0000,1.0
2009-12-31,14.52,14.684,14.42,14.5,12.4806976435,12200,0.0000,1.0
2009-12-30,14.27,14.59,13.98,14.49,12.4720902658,24600,0.0000,1.0
2009-12-29,14.34,14.36,14.22,14.33,12.3343722228,6500,0.0000,1.0
2009-12-28,14.155,14.34,14.155,14.24,12.2569058237,8900,0.0000,1.0
2009-12-24,14.19,14.3,14.14,14.14,12.1708320468,600,0.0000,1.0
2009-12-23,14.15,14.34,13.92,14.22,12.2396910683,12800,0.0000,1.0
2009-12-22,14.08,14.4,13.98,13.98,12.0331140038,17000,0.0000,1.0
2009-12-21,14.4,14.91,14.22,14.39,12.3860164889,11600,0.0000,1.0
2009-12-18,14.73,14.73,13.7,14.32,12.3257648451,80400,0.0000,1.0
2009-12-17,15.03,15.53,14.51,14.58,12.549556665,10900,0.0000,1.0
2009-12-16,15.69,16.455,15.1,15.11,13.0057476823,14800,0.0000,1.0
2009-12-15,16.08,16.4888,15.4,15.4,13.2553616351,32000,0.0000,1.0
2009-12-14,15.45,16.61,15.35,16.18,13.9267370946,14400,0.0000,1.0
2009-12-11,15.98,16.105,15.242,15.8,13.5996567425,5600,0.0000,1.0
2009-12-10,16.01,16.27,15.57,15.9,13.6857305194,9600,0.0000,1.0
2009-12-09,15.63,16.02,15.23,15.81,13.6082641202,10600,0.0000,1.0
2009-12-08,16.07,16.215,15.6,15.73,13.5394050987,20900,0.0000,1.0
2009-12-07,16.52,16.56,16.19,16.28,14.0128108714,29100,0.0000,1.0
2009-12-04,16.28,16.53,15.88,16.53,14.2279953136,22200,0.0000,1.0
2009-12-03,15.99,16.25,15.59,15.93,13.7115526525,18000,0.0000,1.0
2009-12-02,14.94,15.9,14.94,15.86,13.6513010087,17800,0.0000,1.0
2009-12-01,14.83,15.08,14.83,14.99,12.90245915,16900,0.0000,1.0
2009-11-30,14.24,14.755,13.8,14.54,12.5151271542,21000,0.0000,1.0
2009-11-27,14.52,14.52,14.06,14.28,12.2913353344,8200,0.0000,1.0
2009-11-25,15.13,15.24,14.89,14.9,12.8249927509,4200,0.0000,1.0
2009-11-24,15.05,15.12,14.53,15.06,12.9627107938,12300,0.0000,1.0
2009-11-23,14.76,15.0,14.68,14.97,12.8852443947,13800,0.0000,1.0
2009-11-20,14.11,14.6399,14.06,14.35,12.3515869782,9800,0.0000,1.0
2009-11-19,14.18,14.35,13.99,14.07,12.110580403,11700,0.0000,1.0
2009-11-18,14.55,14.55,13.5188,14.41,12.4032312443,14700,0.0000,1.0
2009-11-17,15.17,15.4,14.5,14.5,12.4806976435,40300,0.0000,1.0
2009-11-16,15.27,16.31,14.85,15.23,13.1090362145,14900,0.0000,1.0
2009-11-13,15.54,15.84,14.89,15.03,12.9368886608,11700,0.0000,1.0
2009-11-12,15.8,15.81,15.12,15.15,13.040177193,20900,0.1600,1.0
2009-11-11,16.02,16.02,15.57,15.82,13.474565852,7100,0.0000,1.0
2009-11-10,15.52,16.28,15.52,15.81,13.4660484273,19700,0.0000,1.0
2009-11-09,16.05,16.05,15.54,15.67,13.3468044817,16300,0.0000,1.0
2009-11-06,15.63,16.3,15.6,15.81,13.4660484273,16600,0.0000,1.0
2009-11-05,15.58,16.24,15.58,15.87,13.5171529754,20600,0.0000,1.0
2009-11-04,16.12,16.46,15.32,15.37,13.0912817411,25200,0.0000,1.0
2009-11-03,16.21,16.72,15.5,16.03,13.6534317703,17100,0.0000,1.0
2009-11-02,16.39,16.71,15.91,16.36,13.934506785,25800,0.0000,1.0
2009-10-30,16.23,16.93,15.76,16.31,13.8919196615,36200,0.0000,1.0
2009-10-29,16.25,16.7,16.09,16.43,13.9941287577,18800,0.0000,1.0
2009-10-28,15.84,16.26,15.84,15.95,13.5852923729,6500,0.0000,1.0
2009-10-27,15.86,16.11,15.71,15.93,13.5682575235,8000,0.0000,1.0
2009-10-26,16.05,16.2501,15.73,15.73,13.3979090298,14300,0.0000,1.0
2009-10-23,16.34,16.34,15.99,16.04,13.661949195,10200,0.0000,1.0
2009-10-22,16.75,16.82,16.02,16.26,13.8493325381,21100,0.0000,1.0
2009-10-21,17.1,17.13,16.17,16.38,13.9515416343,26900,0.0000,1.0
2009-10-20,17.59,17.61,16.8,16.91,14.4029651426,39500,0.0000,1.0
2009-10-19,16.72,17.71,16.27,17.56,14.9565977472,27500,0.0000,1.0
2009-10-16,16.32,16.91,16.21,16.72,14.2411340736,35800,0.0000,1.0
2009-10-15,16.38,16.6,16.2,16.47,14.0281984565,29800,0.0000,1.0
2009-10-14,16.43,16.52,16.02,16.52,14.0707855799,28500,0.0000,1.0
2009-10-13,16.12,16.15,16.05,16.15,13.7556408666,1700,0.0000,1.0
2009-10-12,16.28,16.47,16.1,16.1,13.7130537431,1800,0.0000,1.0
2009-10-09,16.0,16.26,16.0,16.26,13.8493325381,15300,0.0000,1.0
2009-10-08,16.15,16.3,16.0,16.03,13.6534317703,20400,0.0000,1.0
2009-10-07,15.8556,15.99,15.83,15.97,13.6023272222,2900,0.0000,1.0
2009-10-06,16.07,16.5,16.03,16.23,13.823780264,11500,0.0000,1.0
2009-10-05,16.26,16.26,15.87,15.99,13.6193620716,14500,0.0000,1.0
2009-10-02,16.6,16.75,16.17,16.27,13.8578499628,12700,0.0000,1.0
2009-10-01,16.73,17.32,16.59,16.61,14.1474424021,20000,0.0000,1.0
2009-09-30,17.67,17.67,16.64,16.73,14.2496514983,16500,0.0000,1.0
2009-09-29,17.79,17.89,17.58,17.8,15.1610159396,3900,0.0000,1.0
2009-09-28,17.59,17.85,17.59,17.71,15.0843591175,9300,0.0000,1.0
2009-09-25,17.15,17.53,17.13,17.4,14.8203189522,15100,0.0000,1.0
2009-09-24,17.73,17.73,17.05,17.17,14.6244181845,11100,0.0000,1.0
2009-09-23,17.7,17.85,17.2801,17.43,14.8458712263,3600,0.0000,1.0
2009-09-22,17.25,17.86,17.07,17.71,15.0843591175,14300,0.0000,1.0
2009-09-21,16.89,17.23,16.77,17.09,14.556278787,8500,0.0000,1.0
2009-09-18,17.06,17.14,16.7,17.1,14.5647962117,25200,0.0000,1.0
2009-09-17,16.94,17.195,16.75,16.96,14.4455522661,6000,0.0000,1.0
2009-09-16,17.24,17.3,17.0,17.2,14.6499704585,6600,0.0000,1.0
2009-09-15,16.99,17.25,16.86,17.21,14.6584878832,6800,0.0000,1.0
2009-09-14,17.06,17.63,16.801,16.99,14.4711045401,14000,0.0000,1.0
2009-09-11,17.51,17.57,16.8571,17.24,14.6840401572,42400,0.0000,1.0
2009-09-10,17.42,17.42,17.0,17.18,14.6329356091,20200,0.0000,1.0
2009-09-09,17.91,17.91,17.31,17.5,14.9054931991,10100,0.0000,1.0
2009-09-08,17.83,18.29,17.01,17.47,14.879940925,17200,0.0000,1.0
2009-09-04,17.42,18.1,16.72,17.92,15.2632250358,33800,0.0000,1.0
2009-09-03,17.24,17.63,17.0,17.51,14.9140106237,6000,0.0000,1.0
2009-09-02,17.7,17.7,16.955,17.07,14.5392439376,11200,0.0000,1.0
2009-09-01,17.59,18.9,17.59,17.65,15.0332545693,9500,0.0000,1.0
2009-08-31,18.47,18.8812,17.58,17.61,14.9991848706,17500,0.0000,1.0
2009-08-28,18.96,18.99,18.375,18.68,15.9105493119,7900,0.0000,1.0
2009-08-27,18.14,18.88,18.14,18.77,15.9872061341,4700,0.0000,1.0
2009-08-26,18.78,18.88,18.46,18.88,16.0808978056,8000,0.0000,1.0
2009-08-25,18.19,18.93,17.77,18.5,15.7572356676,6700,0.0000,1.0
2009-08-24,19.6,19.6,17.91,18.1,15.4165386802,15200,0.0000,1.0
2009-08-21,18.78,19.75,18.55,19.59,16.6856349583,38400,0.0000,1.0
2009-08-20,17.5,18.69,17.39,18.24,15.5357826258,11000,0.0000,1.0
2009-08-19,17.35,17.61,16.76,17.61,14.9991848706,25900,0.0000,1.0
2009-08-18,17.85,18.05,17.25,17.71,15.0843591175,13300,0.0000,1.0
2009-08-17,18.23,18.37,17.33,17.64,15.0247371447,14900,0.0000,1.0
2009-08-14,19.04,19.2,18.14,18.77,15.9872061341,24000,0.0000,1.0
2009-08-13,19.32,19.32,18.41,19.02,16.2001417512,7100,0.1600,1.0
2009-08-12,19.2,19.31,18.65,19.21,16.2254808676,15200,0.0000,1.0
2009-08-11,18.3,19.27,18.2,18.89,15.9551969594,52000,0.0000,1.0
2009-08-10,18.55,18.65,18.2,18.45,15.5835565855,25700,0.0000,1.0
2009-08-07,18.67,18.88,18.17,18.79,15.870733238,50300,0.0000,1.0
2009-08-06,18.57,19.02,18.08,18.08,15.2710408166,16000,0.0000,1.0
2009-08-05,19.16,19.16,18.0,18.45,15.5835565855,53900,0.0000,1.0
2009-08-04,18.95,19.38,18.84,19.21,16.2254808676,11000,0.0000,1.0
2009-08-03,19.74,20.15,19.25,19.54,16.504211148,40500,0.0000,1.0
2009-07-31,19.83,19.88,18.9,19.54,16.504211148,16800,0.0000,1.0
2009-07-30,20.3,20.325,19.83,20.02,16.9096370104,17700,0.0000,1.0
2009-07-29,19.5,20.3875,19.5,19.92,16.8251732891,7400,0.0000,1.0
2009-07-28,20.0,20.24,19.49,20.21,17.0701180809,18800,0.0000,1.0
2009-07-27,19.49,20.16,19.13,20.16,17.0278862203,5500,0.0000,1.0
2009-07-24,19.92,20.5,19.0,20.32,17.1630281744,17600,0.0000,1.0
2009-07-23,18.87,20.46,18.66,20.23,17.0870108252,33800,0.0000,1.0
2009-07-22,18.24,19.25,18.04,18.98,16.0312143085,4300,0.0000,1.0
2009-07-21,19.26,19.26,17.72,18.43,15.5666638412,19300,0.0000,1.0
2009-07-20,19.98,19.98,18.52,19.04,16.0818925413,10400,0.0000,1.0
2009-07-17,20.29,20.49,19.04,19.88,16.7913878005,28700,0.0000,1.0
2009-07-16,19.96,20.41,19.27,20.24,17.0954571973,12400,0.0000,1.0
2009-07-15,19.51,20.72,19.4,20.07,16.9518688711,46000,0.0000,1.0
2009-07-14,18.77,19.29,18.5,19.04,16.0818925413,15000,0.0000,1.0
2009-07-13,18.16,19.59,17.3,18.84,15.9129650987,27400,0.0000,1.0
2009-07-10,18.01,18.75,17.4,18.1,15.2879335608,12400,0.0000,1.0
2009-07-09,19.19,19.41,18.39,18.45,15.5835565855,8700,0.0000,1.0
2009-07-08,18.69,19.51,18.2,18.97,16.0227679364,17800,0.0000,1.0
2009-07-07,18.08,19.3599,18.08,18.32,15.4737537478,11400,0.0000,1.0
2009-07-06,19.31,19.31,17.77,18.01,15.2119162116,23100,0.0000,1.0
2009-07-02,19.44,19.64,18.49,19.38,16.3690691939,27100,0.0000,1.0
2009-07-01,18.24,20.25,18.07,19.93,16.8336196612,24600,0.0000,1.0
2009-06-30,19.88,19.88,16.66,17.94,15.1527916067,23000,0.0000,1.0
2009-06-29,20.5,20.5,19.64,19.8,16.7238168235,24500,0.0000,1.0
2009-06-26,18.23,21.46,18.225,21.0,17.7373814794,156200,0.0000,1.0
2009-06-25,17.49,18.45,17.49,18.45,15.5835565855,8600,0.0000,1.0
2009-06-24,18.52,18.52,17.26,17.46,14.7473657443,18000,0.0000,1.0
2009-06-23,17.97,18.65,17.74,18.22,15.3892900264,12100,0.0000,1.0
2009-06-22,18.52,18.52,17.31,17.72,14.9669714198,12900,0.0000,1.0
2009-06-19,18.43,18.83,18.04,18.68,15.7778231446,45000,0.0000,1.0
2009-06-18,17.5,18.44,17.5,18.09,15.2794871887,21800,0.0000,1.0
2009-06-17,18.09,18.09,17.29,17.59,14.8571685821,12300,0.0000,1.0
2009-06-16,19.05,19.48,18.19,18.24,15.4061827707,19100,0.0000,1.0
2009-06-15,18.15,19.18,18.15,18.75,15.8369477495,17400,0.0000,1.0
2009-06-12,18.16,18.62,17.74,18.62,15.7271449118,24800,0.0000,1.0
2009-06-11,18.2,18.79,18.0,18.02,15.2203625838,10700,0.0000,1.0
2009-06-10,19.8,19.8,17.97,18.08,15.2710408166,31200,0.0000,1.0
2009-06-09,19.92,20.0,19.53,19.6,16.5548893808,9600,0.0000,1.0
2009-06-08,19.875,19.98,19.65,19.82,16.7407095677,7700,0.0000,1.0
2009-06-05,20.35,20.35,19.51,19.81,16.7322631956,6000,0.0000,1.0
2009-06-04,19.68,20.5,19.5,20.36,17.1968136629,29000,0.0000,1.0
2009-06-03,19.84,19.98,19.15,19.59,16.5464430087,21300,0.0000,1.0
2009-06-02,19.9,20.18,18.99,20.16,17.0278862203,26400,0.0000,1.0
2009-06-01,18.75,19.99,18.34,19.99,16.884297894,36100,0.0000,1.0
2009-05-29,17.75,18.5,17.61,18.5,15.6257884462,19100,0.0000,1.0
2009-05-28,18.2,18.51,17.16,17.7,14.9500786755,14300,0.0000,1.0
2009-05-27,18.35,19.0,18.01,18.03,15.2288089559,13100,0.0000,1.0
2009-05-26,18.61,19.49,18.52,19.2,16.2170344955,22000,0.0000,1.0
2009-05-22,18.75,18.75,18.25,18.25,15.4146291428,5900,0.0000,1.0
2009-05-21,18.3,18.95,18.3,18.64,15.744037656,12300,0.0000,1.0
2009-05-20,18.65,18.9,18.25,18.72,15.8116086331,31300,0.0000,1.0
2009-05-19,18.75,18.75,18.19,18.37,15.5159856084,8800,0.0000,1.0
2009-05-18,17.56,18.96,16.8039,18.8,15.8791796102,53100,0.0000,1.0
2009-05-15,17.75,17.75,16.92,17.17,14.5024209525,13700,0.0000,1.0
2009-05-14,17.35,18.14,16.59,17.66,14.916293187,14400,0.1600,1.0
2009-05-13,17.43,18.2,17.04,17.18,14.3805789536,15800,0.0000,1.0
2009-05-12,18.0,18.06,17.67,17.82,14.916293187,7200,0.0000,1.0
2009-05-11,17.97,18.79,17.08,18.35,15.3599315365,14900,0.0000,1.0
2009-05-08,17.83,18.45,17.55,18.38,15.3850431412,19100,0.0000,1.0
2009-05-07,17.93,18.11,17.25,17.41,14.5731012562,27300,0.0000,1.0
2009-05-06,18.15,18.83,17.41,17.51,14.6568066052,15200,0.0000,1.0
2009-05-05,18.85,19.195,17.52,17.93,15.0083690709,20300,0.0000,1.0
2009-05-04,18.91,19.05,18.1,19.05,15.9458689794,10600,0.0000,1.0
2009-05-01,19.32,19.67,18.31,18.64,15.6026770486,43900,0.0000,1.0
2009-04-30,19.46,19.9,19.39,19.39,16.2304671659,20400,0.0000,1.0
2009-04-29,17.96,19.4547,17.92,19.31,16.1635028867,27700,0.0000,1.0
2009-04-28,16.84,17.83,16.72,17.82,14.916293187,12700,0.0000,1.0
2009-04-27,16.9,17.93,16.5228,17.0,14.2299093254,24000,0.0000,1.0
2009-04-24,16.19,17.7,15.95,17.27,14.4559137676,19400,0.0000,1.0
2009-04-23,17.91,17.91,15.18,15.81,13.2338156726,20400,0.0000,1.0
2009-04-22,17.75,18.778,17.4,17.91,14.9916280011,9000,0.0000,1.0
2009-04-21,17.56,18.862,17.31,18.08,15.1339270943,21700,0.0000,1.0
2009-04-20,18.68,19.13,17.39,17.59,14.7237708843,9900,0.0000,1.0
2009-04-17,20.0,20.0,19.0495,19.26,16.1216502122,19200,0.0000,1.0
2009-04-16,19.8,19.99,18.97,19.98,16.7243287248,10900,0.0000,1.0
2009-04-15,19.7,19.77,18.84,19.77,16.548547492,4200,0.0000,1.0
2009-04-14,19.29,19.72,18.93,18.93,15.8454225606,8300,0.0000,1.0
2009-04-13,19.44,19.73,18.8,19.73,16.5150653524,6300,0.0000,1.0
2009-04-09,19.18,19.98,18.13,19.8,16.5736590967,24700,0.0000,1.0
2009-04-08,18.23,19.18,18.2,19.18,16.054685933,5700,0.0000,1.0
2009-04-07,18.31,19.93,17.98,18.05,15.1088154896,19400,0.0000,1.0
2009-04-06,19.67,20.0,18.4,19.06,15.9542395143,15700,0.0000,1.0
2009-04-03,19.21,20.78,19.21,20.05,16.7829224691,16900,0.0000,1.0
2009-04-02,18.03,19.95,18.0,19.92,16.6741055154,26500,0.0000,1.0
2009-04-01,17.3,18.21,17.04,17.82,14.916293187,11200,0.0000,1.0
2009-03-31,16.92,17.4,16.33,16.75,14.020645953,10000,0.0000,1.0
2009-03-30,16.47,17.05,16.32,16.61,13.9034584644,15300,0.0000,1.0
2009-03-27,20.63,20.9934,16.12,16.26,13.610489743,51500,0.0000,1.0
2009-03-26,19.51,21.4465,19.19,21.17,17.7204223776,30800,0.0000,1.0
2009-03-25,18.83,19.1725,17.19,19.12,16.0044627236,16800,0.0000,1.0
2009-03-24,20.37,20.44,18.68,18.68,15.6361591882,18200,0.0000,1.0
2009-03-23,18.59,20.94,18.435,20.93,17.51952954,27700,0.0000,1.0
2009-03-20,18.84,19.68,17.57,17.93,15.0083690709,28900,0.0000,1.0
2009-03-19,18.83,18.9,17.81,18.36,15.3683020714,5500,0.0000,1.0
2009-03-18,16.9,18.72,16.9,18.72,15.6696413277,16300,0.0000,1.0
2009-03-17,15.9,16.94,15.198,16.94,14.179686116,6500,0.0000,1.0
2009-03-16,16.0,16.995,15.91,16.28,13.6272308128,11400,0.0000,1.0
2009-03-13,16.84,16.84,14.88,15.89,13.3007799518,11700,0.0000,1.0
2009-03-12,12.84,16.78,12.84,16.78,14.0457575577,14400,0.0000,1.0
2009-03-11,15.2,15.2,12.87,12.88,10.7812489477,5200,0.0000,1.0
2009-03-10,12.04,14.78,11.52,14.76,12.3549095084,11700,0.0000,1.0
2009-03-09,11.562,13.07,11.51,11.53,9.65122673658,11800,0.0000,1.0
2009-03-06,11.8,12.33,11.19,11.86,9.9274543882,9900,0.0000,1.0
2009-03-05,13.44,13.5988,11.7,11.7,9.79352582984,11500,0.0000,1.0
2009-03-04,12.0,13.18,11.87,13.04,10.9151775061,7700,0.0000,1.0
2009-03-03,12.28,12.74,11.85,11.85,9.9190838533,7200,0.0000,1.0
2009-03-02,11.98,12.97,11.83,12.06,10.0948650861,16300,0.0000,1.0
2009-02-27,11.05,12.92,11.0,11.63,9.73493208556,19200,0.0000,1.0
2009-02-26,12.39,12.47,11.3,11.36,9.50892764333,31700,0.0000,1.0
2009-02-25,13.31,13.49,12.11,12.29,10.2873873888,15100,0.0000,1.0
2009-02-24,12.87,13.6,11.15,13.37,11.1914051577,32700,0.0000,1.0
2009-02-23,14.9,14.9,12.15,12.15,10.1701999002,15600,0.0000,1.0
2009-02-20,15.69,15.69,14.57,14.7,12.304686299,24800,0.0000,1.0
2009-02-19,16.75,16.99,15.98,15.98,13.3761147659,6600,0.0000,1.0
2009-02-18,17.07,17.71,16.35,16.35,13.6858245571,5300,0.0000,1.0
2009-02-17,16.52,17.72,16.52,16.95,14.1880566509,7400,0.0000,1.0
2009-02-13,16.9,17.26,16.45,17.26,14.4475432327,7600,0.0000,1.0
2009-02-12,16.05,17.46,16.05,16.83,14.0876102322,15300,0.1600,1.0
2009-02-11,18.39,18.39,17.09,17.12,14.1954024235,7200,0.0000,1.0
2009-02-10,21.77,21.77,18.22,18.22,15.107490196,12300,0.0000,1.0
2009-02-09,21.78,21.9999,21.37,21.55,17.8686286347,1700,0.0000,1.0
2009-02-06,21.62,22.24,21.55,22.0,18.2417554507,11700,0.0000,1.0
2009-02-05,21.45,21.69,20.94,21.58,17.8935037557,12700,0.0000,1.0
2009-02-04,19.11,22.0,19.11,21.64,17.9432539979,17600,0.0000,1.0
2009-02-03,18.48,19.54,17.895,19.16,15.8869106562,8300,0.0000,1.0
2009-02-02,17.4,18.48,17.355,18.48,15.3230745786,6200,0.0000,1.0
2009-01-30,17.98,18.58,17.05,17.22,14.2783194937,6100,0.0000,1.0
2009-01-29,18.73,19.02,17.72,17.72,14.6929048448,4000,0.0000,1.0
2009-01-28,17.62,19.06,16.75,19.06,15.8039935859,11200,0.0000,1.0
2009-01-27,16.85,17.43,16.12,17.33,14.3695282709,14700,0.0000,1.0
2009-01-26,17.0,17.32,16.09,16.84,13.9632346268,15800,0.0000,1.0
2009-01-23,17.65,18.02,16.79,16.99,14.0876102322,9700,0.0000,1.0
2009-01-22,17.23,18.12,17.23,17.74,14.7094882589,4700,0.0000,1.0
2009-01-21,16.62,17.74,16.5001,17.74,14.7094882589,15900,0.0000,1.0
2009-01-20,19.67,19.67,16.15,16.16,13.3993985492,20400,0.0000,1.0
2009-01-16,20.93,20.93,19.72,20.06,16.6331642882,11500,0.0000,1.0
2009-01-15,20.41,20.97,20.0,20.94,17.3628345063,9200,0.0000,1.0
2009-01-14,20.83,21.55,20.41,20.41,16.923374034,20200,0.0000,1.0
2009-01-13,21.06,21.46,20.76,21.45,17.7857115644,3600,0.0000,1.0
2009-01-12,20.71,21.89,20.71,21.02,17.4291681624,5700,0.0000,1.0
2009-01-09,23.53,23.53,20.4,20.75,17.2052920728,26400,0.0000,1.0
2009-01-08,23.16,23.71,23.12,23.6,19.5684285744,9400,0.0000,1.0
2009-01-07,23.59,23.89,22.56,22.96,19.0377593249,9700,0.0000,1.0
2009-01-06,23.98,24.19,23.52,24.06,19.9498470974,11300,0.0000,1.0
2009-01-05,24.27,24.34,23.57,24.1,19.9830139255,8900,0.0000,1.0
2009-01-02,24.04,24.43,23.65,24.17,20.0410558747,11100,0.0000,1.0
2008-12-31,23.22,24.15,22.9,23.99,19.8918051483,15600,0.0000,1.0
2008-12-30,22.94,23.05,22.5,22.91,18.9963007898,4700,0.0000,1.0
2008-12-29,22.65,23.07,22.54,22.67,18.7972998212,3400,0.0000,1.0
2008-12-26,23.4,23.4,22.86,23.25,19.2782188286,2300,0.0000,1.0
2008-12-24,22.9,23.21,22.9,23.2,19.2367602935,700,0.0000,1.0
2008-12-23,23.71,23.73,22.9,23.21,19.2450520005,8700,0.0000,1.0
2008-12-22,23.61,23.75,22.73,23.52,19.5020949182,9500,0.0000,1.0
2008-12-19,24.12,24.25,21.94,23.6,19.5684285744,51200,0.0000,1.0
2008-12-18,23.46,23.49,22.0,22.76,18.8719251844,17100,0.0000,1.0
2008-12-17,23.21,23.66,23.13,23.36,19.3694276058,14100,0.0000,1.0
2008-12-16,22.54,23.57,22.25,23.48,19.4689280901,21800,0.0000,1.0
2008-12-15,22.89,22.89,21.65,22.1,18.3246725209,5800,0.0000,1.0
2008-12-12,20.85,22.95,20.5,22.95,19.0294676179,15100,0.0000,1.0
2008-12-11,23.18,23.23,21.04,21.04,17.4457515765,6000,0.0000,1.0
2008-12-10,23.42,23.45,22.36,23.45,19.444052969,2400,0.0000,1.0
2008-12-09,22.74,23.5,22.515,23.15,19.1953017583,24400,0.0000,1.0
2008-12-08,22.91,23.45,21.49,23.0,19.070926153,19400,0.0000,1.0
2008-12-05,20.26,22.57,19.82,22.2,18.4075895912,6500,0.0000,1.0
2008-12-04,21.62,22.5,20.46,20.51,17.0062911043,6100,0.0000,1.0
2008-12-03,20.39,22.89,20.39,21.92,18.1754217945,7900,0.0000,1.0
2008-12-02,20.26,21.84,19.9,21.1,17.4955018186,17200,0.0000,1.0
2008-12-01,24.4,24.4,19.45,19.6,16.2517457652,16100,0.0000,1.0
2008-11-28,24.8,25.09,23.51,25.09,20.8038929208,28100,0.0000,1.0
2008-11-26,20.02,24.78,20.02,24.5,20.3146822065,16500,0.0000,1.0
2008-11-25,21.99,22.12,19.58,20.46,16.9648325691,11700,0.0000,1.0
2008-11-24,20.7,21.99,20.25,21.99,18.2334637437,24000,0.0000,1.0
2008-11-21,18.75,20.0,18.06,19.82,16.4341633197,12300,0.0000,1.0
2008-11-20,19.27,20.72,18.62,18.62,15.4391584769,7200,0.0000,1.0
2008-11-19,21.49,23.58,19.42,19.42,16.1024950388,6300,0.0000,1.0
2008-11-18,21.77,21.78,20.5,21.78,18.0593378962,6500,0.0000,1.0
2008-11-17,20.51,23.25,20.5,22.22,18.4241730052,11600,0.0000,1.0
2008-11-14,22.77,22.89,20.62,20.72,17.1804169517,6600,0.0000,1.0
2008-11-13,20.68,23.38,20.37,23.28,19.3030939496,10500,0.1600,1.0
2008-11-12,22.05,22.05,20.01,20.45,16.8407965559,6200,0.0000,1.0
2008-11-11,22.47,23.7,22.24,22.26,18.3313511655,12500,0.0000,1.0
2008-11-10,22.58,23.0,22.38,22.58,18.5948746324,4900,0.0000,1.0
2008-11-07,22.63,22.8,20.78,22.17,18.2572351904,4800,0.0000,1.0
2008-11-06,22.26,22.87,22.03,22.4,18.4466426823,2300,0.0000,1.0
2008-11-05,23.07,23.74,22.3,22.55,18.5701693074,9800,0.0000,1.0
2008-11-04,23.5,23.87,22.81,23.49,19.3442694913,6600,0.0000,1.0
2008-11-03,24.12,24.48,23.29,23.5,19.3525045997,17800,0.0000,1.0
2008-10-31,22.31,24.29,22.31,24.28,19.9948430502,15600,0.0000,1.0
2008-10-30,20.0,23.07,19.35,22.77,18.7513416908,6600,0.0000,1.0
2008-10-29,19.55,20.93,18.95,19.58,16.1243421303,11900,0.0000,1.0
2008-10-28,19.43,20.17,18.75,19.74,16.2561038637,20700,0.0000,1.0
2008-10-27,19.56,19.56,18.75,18.76,15.4490632464,11200,0.0000,1.0
2008-10-24,18.915,22.0,18.915,19.55,16.0996368053,13700,0.0000,1.0
2008-10-23,20.34,21.28,19.35,20.28,16.7007997141,10200,0.0000,1.0
2008-10-22,22.8,23.38,19.49,20.31,16.7255050391,26700,0.0000,1.0
2008-10-21,22.45,24.45,20.31,22.81,18.7842821242,8300,0.0000,1.0
2008-10-20,23.86,23.86,21.4,22.95,18.899573641,5100,0.0000,1.0
2008-10-17,22.04,24.99,19.585,23.07,18.9983949411,33000,0.0000,1.0
2008-10-16,20.21,23.28,18.535,22.37,18.4219373572,34000,0.0000,1.0
2008-10-15,23.985,23.985,20.01,20.69,17.0384391561,11700,0.0000,1.0
2008-10-14,24.0,24.97,23.05,24.03,19.7889653417,9800,0.0000,1.0
2008-10-13,19.0,23.95,18.802,23.95,19.723084475,36700,0.0000,1.0
2008-10-10,18.11,20.99,17.5,20.26,16.6843294974,30300,0.0000,1.0
2008-10-09,22.2,22.2,18.19,18.19,14.979662071,19200,0.0000,1.0
2008-10-08,22.3,24.0,21.23,21.92,18.0513574819,25100,0.0000,1.0
2008-10-07,25.0,25.0,21.86,23.38,19.2536832996,13900,0.0000,1.0
2008-10-06,25.49,25.97,22.84,24.91,20.5136548757,30100,0.0000,1.0
2008-10-03,25.27,25.94,24.83,24.83,20.4477740089,12600,0.0000,1.0
2008-10-02,25.37,25.37,24.66,24.66,20.3077771672,1900,0.0000,1.0
2008-10-01,25.08,25.39,24.23,25.39,20.908940076,2900,0.0000,1.0
2008-09-30,24.82,25.99,23.88,25.7,21.1642284346,21400,0.0000,1.0
2008-09-29,26.48,26.49,25.44,25.5,20.9995262677,39400,0.0000,1.0
2008-09-26,25.88,26.44,25.8,26.09,21.4853976598,22800,0.0000,1.0
2008-09-25,26.44,26.84,25.23,25.99,21.4030465764,19400,0.0000,1.0
2008-09-24,24.77,26.5,24.69,25.76,21.2136390846,19300,0.0000,1.0
2008-09-23,25.97,26.99,25.03,26.0,21.4112816848,21900,0.0000,1.0
2008-09-22,27.25,27.25,24.58,26.18,21.5595136349,29700,0.0000,1.0
2008-09-19,26.78,27.13,25.49,27.13,22.3418489272,120800,0.0000,1.0
2008-09-18,24.48,25.5,22.08,25.5,20.9995262677,34700,0.0000,1.0
2008-09-17,24.79,24.82,22.41,22.5,18.5289937657,5400,0.0000,1.0
2008-09-16,24.35,25.0,23.42,25.0,20.5877708507,26000,0.0000,1.0
2008-09-15,24.23,24.79,23.02,24.23,19.9536675085,8100,0.0000,1.0
2008-09-12,22.43,24.28,22.43,24.04,19.7972004501,4200,0.0000,1.0
2008-09-11,22.91,23.5,22.91,23.41,19.2783886246,7100,0.0000,1.0
2008-09-10,23.45,23.5,22.0,23.5,19.3525045997,17400,0.0000,1.0
2008-09-09,23.46,23.46,22.19,22.19,18.2737054071,4500,0.0000,1.0
2008-09-08,23.99,23.99,22.25,23.27,19.1630971079,14800,0.0000,1.0
2008-09-05,22.87,23.91,22.33,23.58,19.4183854664,1000,0.0000,1.0
2008-09-04,22.85,23.42,22.85,23.14,19.0560406994,8100,0.0000,1.0
2008-09-03,22.54,23.92,22.54,23.12,19.0395704828,3700,0.0000,1.0
2008-09-02,23.37,23.79,22.32,22.61,18.6195799574,3200,0.0000,1.0
2008-08-29,22.85,23.37,22.75,22.91,18.8666332076,9700,0.0000,1.0
2008-08-28,21.46,22.66,21.44,22.66,18.6607554991,5200,0.0000,1.0
2008-08-27,20.96,21.12,20.67,21.04,17.326667948,4900,0.0000,1.0
2008-08-26,23.15,23.15,20.77,21.02,17.3101977313,9000,0.0000,1.0
2008-08-25,22.88,23.16,22.52,22.52,18.5454639823,6700,0.0000,1.0
2008-08-22,22.55,23.07,22.5,23.07,18.9983949411,5600,0.0000,1.0
2008-08-21,22.5,22.94,22.5,22.72,18.7101661491,2600,0.0000,1.0
2008-08-20,23.64,23.87,22.55,22.56,18.5784044157,5000,0.0000,1.0
2008-08-19,23.05,23.65,23.05,23.65,19.4760312248,3300,0.0000,1.0
2008-08-18,23.9899,23.99,23.4,23.99,19.7560249084,7600,0.0000,1.0
2008-08-15,24.0,24.0,22.86,23.61,19.4430907914,14400,0.0000,1.0
2008-08-14,23.11,23.94,23.11,23.88,19.6654387166,5300,0.1600,1.0
2008-08-13,23.45,23.77,22.76,23.57,19.2809646652,19000,0.0000,1.0
2008-08-12,23.47,23.62,23.33,23.62,19.32186616,15200,0.0000,1.0
2008-08-11,23.05,23.73,22.5,23.6,19.3055055621,18000,0.0000,1.0
2008-08-08,21.36,23.0,21.22,23.0,18.8146876241,25700,0.0000,1.0
2008-08-07,22.38,22.74,20.58,20.74,16.9659400575,13600,0.0000,1.0
2008-08-06,21.97,22.88,21.97,22.23,18.1848046036,14600,0.0000,1.0
2008-08-05,22.24,22.25,21.93,22.22,18.1766243046,8200,0.0000,1.0
2008-08-04,21.67,22.23,21.67,21.86,17.8821335418,6700,0.0000,1.0
2008-08-01,22.25,22.25,21.72,22.23,18.1848046036,7400,0.0000,1.0
2008-07-31,21.91,22.5625,21.65,22.23,18.1848046036,11500,0.0000,1.0
2008-07-30,23.95,24.31,22.0,22.25,18.2011652015,19500,0.0000,1.0
2008-07-29,23.41,23.99,21.56,23.47,19.1991616755,24700,0.0000,1.0
2008-07-28,24.62,24.62,23.75,23.83,19.4936524383,5500,0.0000,1.0
2008-07-25,22.63,24.75,22.63,24.7,20.2053384484,12300,0.0000,1.0
2008-07-24,21.98,23.45,21.16,22.45,18.3647711809,8700,0.0000,1.0
2008-07-23,22.39,22.39,20.97,21.52,17.6040033769,6100,0.0000,1.0
2008-07-22,21.73,22.34,20.97,21.92,17.9312153356,13200,0.0000,1.0
2008-07-21,21.54,21.75,21.54,21.75,17.7921502532,3800,0.0000,1.0
2008-07-18,22.99,22.99,19.81,21.12,17.2767914183,10600,0.0000,1.0
2008-07-17,20.69,22.48,20.69,21.59,17.6612654697,11400,0.0000,1.0
2008-07-16,19.75,21.5,18.53,20.32,16.6223675009,10200,0.0000,1.0
2008-07-15,19.27,20.58,18.75,19.75,16.1560904598,17800,0.0000,1.0
2008-07-14,19.2,20.41,19.19,19.6,16.0333859753,10100,0.0000,1.0
2008-07-11,18.94,20.43,18.16,19.39,15.861599697,17500,0.0000,1.0
2008-07-10,18.73,19.25,18.73,19.14,15.6570922228,11400,0.0000,1.0
2008-07-09,18.76,19.5,18.5,18.79,15.370781759,15800,0.0000,1.0
2008-07-08,18.77,19.49,18.5,18.99,15.5343877383,19600,0.0000,1.0
2008-07-07,19.59,20.25,18.55,18.7,15.2971590683,16100,0.0000,1.0
2008-07-03,19.58,19.58,18.82,19.34,15.8206982021,11900,0.0000,1.0
2008-07-02,18.03,19.35,18.03,18.57,15.1908151817,21800,0.0000,1.0
2008-07-01,18.72,19.01,18.0,18.12,14.8227017282,30700,0.0000,1.0
2008-06-30,19.63,20.45,18.52,18.72,15.3135196662,48200,0.0000,1.0
2008-06-27,21.6,22.47,19.35,19.54,15.9843041815,835300,0.0000,1.0
2008-06-26,22.94,22.94,20.84,21.5,17.587642779,7100,0.0000,1.0
2008-06-25,23.5,24.16,22.47,22.5,18.4056726757,10000,0.0000,1.0
2008-06-24,23.26,23.38,22.47,23.38,19.1255389848,4500,0.0000,1.0
2008-06-23,25.25,25.25,22.08,23.07,18.8719497168,11500,0.0000,1.0
2008-06-20,24.61,25.4,24.5,25.03,20.4752883144,5700,0.0000,1.0
2008-06-19,25.34,25.49,24.52,25.02,20.4671080154,5400,0.0000,1.0
2008-06-18,25.23,25.5,25.0,25.0,20.4507474175,2500,0.0000,1.0
2008-06-17,25.75,25.75,24.7,25.22,20.6307139947,5500,0.0000,1.0
2008-06-16,25.91,26.0,25.22,25.94,21.2196955203,4600,0.0000,1.0
2008-06-13,24.76,25.92,24.75,25.87,21.1624334276,27200,0.0000,1.0
2008-06-12,25.01,25.07,24.91,24.91,20.3771247267,2400,0.0000,1.0
2008-06-11,25.23,25.23,25.0,25.07,20.5080095102,1800,0.0000,1.0
2008-06-10,25.05,25.88,24.66,25.23,20.6388942937,14200,0.0000,1.0
2008-06-09,26.4,26.4,25.06,25.49,20.8515820668,4800,0.0000,1.0
2008-06-06,26.4,26.47,25.35,26.29,21.5060059842,1200,0.0000,1.0
2008-06-05,25.82,26.45,25.22,26.23,21.4569241904,5300,0.0000,1.0
2008-06-04,24.95,25.99,24.52,25.99,21.2605970152,17000,0.0000,1.0
2008-06-03,23.58,25.0,23.58,25.0,20.4507474175,21100,0.0000,1.0
2008-06-02,24.0,24.0,23.5,23.96,19.5999963249,14100,0.0000,1.0
2008-05-30,23.89,23.98,23.55,23.88,19.5345539331,6300,0.0000,1.0
2008-05-29,23.9,23.92,23.5,23.56,19.2727843662,6500,0.0000,1.0
2008-05-28,23.5,23.9,23.26,23.9,19.5509145311,2400,0.0000,1.0
2008-05-27,23.93,23.93,23.3,23.44,19.1746207786,6700,0.0000,1.0
2008-05-23,23.04,23.5,23.01,23.48,19.2073419745,8700,0.0000,1.0
2008-05-22,23.0,23.09,23.0,23.0,18.8146876241,3200,0.0000,1.0
2008-05-21,23.45,23.45,22.81,22.81,18.6592619437,4700,0.0000,1.0
2008-05-20,22.87,23.17,22.87,23.17,18.9537527065,300,0.0000,1.0
2008-05-19,23.15,23.4899,22.65,23.4899,19.2154404704,2400,0.0000,1.0
2008-05-16,22.85,22.85,22.85,22.85,18.6919831396,300,0.0000,1.0
2008-05-15,23.47,23.47,22.53,23.33,19.08463749,7800,0.1600,1.0
2008-05-14,22.98,23.1,22.6,22.98,18.6702839302,4100,0.0000,1.0
2008-05-13,23.0,23.0,22.54,22.66,18.4102973828,3100,0.0000,1.0
2008-05-12,22.58,23.0,22.58,23.0,18.6865330894,900,0.0000,1.0
2008-05-09,22.95,23.0,22.57,22.57,18.3371761664,900,0.0000,1.0
2008-05-08,23.0,23.0,23.0,23.0,18.6865330894,300,0.0000,1.0
2008-05-07,22.94,23.5,22.59,23.0,18.6865330894,7500,0.0000,1.0
2008-05-06,22.18,22.5,22.18,22.5,18.2803041092,600,0.0000,1.0
2008-05-05,23.04,23.24,22.75,23.2,18.8490246814,5600,0.0000,1.0
2008-05-02,23.13,23.13,22.0,23.04,18.7190314078,2000,0.0000,1.0
2008-05-01,23.0,23.0,22.26,22.394,18.1941835654,1300,0.0000,1.0
2008-04-30,23.01,23.25,22.51,22.75,18.4834185993,5800,0.0000,1.0
2008-04-29,23.469999,23.47,23.11,23.25,18.8896475795,2600,0.0000,1.0
2008-04-28,23.25,23.44,23.1,23.13,18.7921526242,600,0.0000,1.0
2008-04-25,23.06,23.125,23.0,23.125,18.7880903344,1400,0.0000,1.0
2008-04-24,23.23,23.23,23.0,23.23,18.8733984203,200,0.0000,1.0
2008-04-23,22.04,23.0,22.0,22.5,18.2803041092,2700,0.0000,1.0
2008-04-22,22.0,22.63,22.0,22.63,18.385923644,1900,0.0000,1.0
2008-04-21,21.72,22.5,21.72,22.0,17.874075129,1100,0.0000,1.0
2008-04-18,22.25,22.25,21.51,21.51,17.4759707284,900,0.0000,1.0
2008-04-17,22.05,22.42,22.05,22.42,18.2153074723,1200,0.0000,1.0
2008-04-16,22.01,22.5,21.59,21.94,17.8253276513,4700,0.0000,1.0
2008-04-15,22.05,22.05,22.05,22.05,17.914698027,100,0.0000,1.0
2008-04-14,20.65,22.1001,20.65,22.1001,17.9554021708,1100,0.0000,1.0
2008-04-11,21.1,21.1,21.0,21.0,17.0616171686,3000,0.0000,1.0
2008-04-10,21.85,21.85,21.15,21.15,17.1834858626,1200,0.0000,1.0
2008-04-09,21.75,21.89,21.0201,21.73,17.6547114796,800,0.0000,1.0
2008-04-08,21.0,21.69,21.0,21.69,17.6222131612,800,0.0000,1.0
2008-04-07,21.49,21.95,20.77,21.0,17.0616171686,2800,0.0000,1.0
2008-04-04,22.05,22.05,22.05,22.05,17.914698027,0,0.0000,1.0
2008-04-03,21.99,22.046,21.99,22.046,17.9114481951,700,0.0000,1.0
2008-04-02,22.0,22.0,22.0,22.0,17.874075129,1100,0.0000,1.0
2008-04-01,21.98,21.98,21.45,21.98,17.8578259698,1000,0.0000,1.0
2008-03-31,21.52,21.52,21.45,21.45,17.4272232507,600,0.0000,1.0
2008-03-28,20.66,21.79,20.65,21.45,17.4272232507,2300,0.0000,1.0
2008-03-27,21.25,21.25,20.66,20.91,16.9884959521,8500,0.0000,1.0
2008-03-26,21.57,22.0,21.52,21.52,17.484095308,2500,0.0000,1.0
2008-03-25,21.0,21.49,21.0,21.49,17.4597215692,600,0.0000,1.0
2008-03-24,20.62,21.01,20.61,21.01,17.0697417482,1100,0.0000,1.0
2008-03-20,21.5,21.5,20.6101,21.5,17.4678461488,3300,0.0000,1.0
2008-03-19,22.5,22.5,21.25,21.25,17.2647316587,1700,0.0000,1.0
2008-03-18,20.62,22.0,20.62,22.0,17.874075129,6000,0.0000,1.0
2008-03-17,20.53,21.35,20.45,21.35,17.3459774547,3200,0.0000,1.0
2008-03-14,21.8999,21.8999,20.76,21.045,17.0981777768,600,0.0000,1.0
2008-03-13,21.07,21.84,21.07,21.84,17.7440818553,800,0.0000,1.0
2008-03-12,21.24,21.24,21.24,21.24,17.256607079,0,0.0000,1.0
2008-03-11,21.18,21.25,21.14,21.24,17.256607079,2500,0.0000,1.0
2008-03-10,21.38,21.38,21.0,21.0,17.0616171686,1500,0.0000,1.0
2008-03-07,20.5,20.5,20.5,20.5,16.6553881883,1400,0.0000,1.0
2008-03-06,21.73,21.73,21.73,21.73,17.6547114796,0,0.0000,1.0
2008-03-05,20.48,22.0,20.48,21.73,17.6547114796,1400,0.0000,1.0
2008-03-04,20.78,20.78,20.78,20.78,16.8828764173,7,0.0000,1.0
2008-03-03,20.86,21.02,20.78,20.78,16.8828764173,1100,0.0000,1.0
2008-02-29,20.98,21.49,20.58,20.65,16.7772568824,2200,0.0000,1.0
2008-02-28,20.84,20.88,20.58,20.58,16.7203848252,1300,0.0000,1.0
2008-02-27,20.95,21.39,20.95,20.962,17.0307437661,1800,0.0000,1.0
2008-02-26,21.4,21.4,20.85,20.85,16.9397484745,500,0.0000,1.0
2008-02-25,21.2,21.37,20.9,21.37,17.3622266139,1300,0.0000,1.0
2008-02-22,21.34,21.93,21.1,21.4,17.3866003527,2800,0.0000,1.0
2008-02-21,21.11,21.6,21.11,21.6,17.5490919448,2900,0.0000,1.0
2008-02-20,21.44,21.5899,21.275,21.5899,17.5408861194,1600,0.0000,1.0
2008-02-19,21.76,21.99,21.05,21.6,17.5490919448,8100,0.0000,1.0
2008-02-15,21.98,21.98,21.98,21.98,17.8578259698,200,0.0000,1.0
2008-02-14,21.79,21.79,21.79,21.79,17.7034589573,200,0.1600,1.0
2008-02-13,22.34,22.34,22.34,22.34,18.0180078864,300,0.0000,1.0
2008-02-12,21.1,21.5,21.1,21.5,17.3405178853,300,0.0000,1.0
2008-02-11,21.52,21.52,21.52,21.52,17.3566485996,1,0.0000,1.0
2008-02-08,21.3,21.3,21.3,21.3,17.1792107421,1,0.0000,1.0
2008-02-07,22.33,22.39,21.52,21.52,17.3566485996,800,0.0000,1.0
2008-02-06,21.94,21.94,21.94,21.94,17.6953936001,200,0.0000,1.0
2008-02-05,22.36,22.36,21.6,21.6,17.4211714568,1200,0.0000,1.0
2008-02-04,22.0001,22.97,21.85,21.85,17.6228053857,3000,0.0000,1.0
2008-02-01,22.05,22.5,22.05,22.5,18.1470536008,3000,0.0000,1.0
2008-01-31,22.03,22.95,22.03,22.95,18.5099946729,2800,0.0000,1.0
2008-01-30,22.4499,22.4499,22.31,22.31,17.9938118149,700,0.0000,1.0
2008-01-29,21.3001,22.56,21.3001,22.5,18.1470536008,1700,0.0000,1.0
2008-01-28,22.3,22.84,22.3,22.84,18.4212757442,1400,0.0000,1.0
2008-01-25,22.1001,22.17,21.25,21.48,17.3243871709,1100,0.0000,1.0
2008-01-24,22.14,22.14,22.14,22.14,17.8567007432,300,0.0000,1.0
2008-01-23,22.01,23.4,22.0,23.4,18.8729357449,8100,0.0000,1.0
2008-01-22,20.94,21.7378,20.0,21.7378,17.5323120784,5500,0.0000,1.0
2008-01-18,21.06,22.1099,21.06,21.93,17.687328243,1500,0.0000,1.0
2008-01-17,21.96,22.0,21.96,21.99,17.7357203859,1500,0.0000,1.0
2008-01-16,20.5,22.0,20.5,22.0,17.7437857431,5900,0.0000,1.0
2008-01-15,20.77,20.9,20.62,20.9,16.8565964559,1600,0.0000,1.0
2008-01-14,20.9401,22.0,20.86,21.79,17.5744132428,2700,0.0000,1.0
2008-01-11,21.0,21.69,20.5,21.69,17.4937596712,1600,0.0000,1.0
2008-01-10,21.25,21.97,21.25,21.26,17.1469493135,1400,0.0000,1.0
2008-01-09,20.5101,22.17,20.5101,21.33,17.2034068136,5100,0.0000,1.0
2008-01-08,22.35,22.37,21.04,21.58,17.4050407425,6900,0.0000,1.0
2008-01-07,21.02,21.62,21.02,21.62,17.4373021711,200,0.0000,1.0
2008-01-04,21.86,22.24,21.37,21.53,17.3647139567,3800,0.0000,1.0
2008-01-03,22.42,22.42,21.84,22.07,17.8002432431,2600,0.0000,1.0
2008-01-02,21.5,22.42,21.5,22.42,18.0825307436,3700,0.0000,1.0
2007-12-31,21.56,21.99,21.5,21.95,17.7034589573,1200,0.0000,1.0
2007-12-28,20.3,21.89,20.0,21.85,17.6228053857,11300,0.0000,1.0
2007-12-27,21.27,22.36,21.0,21.14,17.0501650276,3500,0.0000,1.0
2007-12-26,22.0,22.0,21.26,21.26,17.1469493135,4200,0.0000,1.0
2007-12-24,21.85,22.49,21.6,22.0,17.7437857431,1400,0.0000,1.0
2007-12-21,20.95,21.96,20.21,21.5,17.3405178853,11800,0.0000,1.0
2007-12-20,21.57,21.62,20.44,20.51,16.5420475268,12600,0.0000,1.0
2007-12-19,21.58,21.942,21.58,21.74,17.534086457,1500,0.0000,1.0
2007-12-18,21.99,21.99,21.99,21.99,17.7357203859,1200,0.0000,1.0
2007-12-17,21.79,22.36,21.5,21.5,17.3405178853,9800,0.0000,1.0
2007-12-14,21.34,21.57,21.25,21.57,17.3969753853,4900,0.0000,1.0
2007-12-13,22.0,22.0,21.27,21.27,17.1550146707,3600,0.0000,1.0
2007-12-12,21.85,22.0,21.85,22.0,17.7437857431,2600,0.0000,1.0
2007-12-11,22.03,22.03,21.85,22.0,17.7437857431,6000,0.0000,1.0
2007-12-10,22.06,22.56,22.0,22.0,17.7437857431,6000,0.0000,1.0
2007-12-07,22.01,22.01,22.01,22.01,17.7518511002,700,0.0000,1.0
2007-12-06,22.59,23.43,22.59,22.9,18.4696678871,400,0.0000,1.0
2007-12-05,22.46,23.48,22.41,22.75,18.3486875297,2200,0.0000,1.0
2007-12-04,23.71,23.72,22.95,22.95,18.5099946729,1000,0.0000,1.0
2007-12-03,23.6,23.7,22.4301,23.07,18.6067789587,3900,0.0000,1.0
2007-11-30,23.05,23.75,23.0,23.75,19.1552232453,7900,0.0000,1.0
2007-11-29,23.45,23.75,22.45,22.65,18.2680339582,12100,0.0000,1.0
2007-11-28,22.21,22.21,22.0,22.0,17.7437857431,5600,0.0000,1.0
2007-11-27,22.81,22.81,22.0,22.0,17.7437857431,4900,0.0000,1.0
2007-11-26,22.4,22.99,22.13,22.31,17.9938118149,7200,0.0000,1.0
2007-11-23,21.85,23.53,21.85,23.0,18.5503214586,5900,0.0000,1.0
2007-11-21,22.0,22.67,21.9,21.92,17.6792628858,6800,0.0000,1.0
2007-11-20,21.85,21.85,21.85,21.85,17.6228053857,8700,0.0000,1.0
2007-11-19,23.0,23.24,21.85,21.85,17.6228053857,5900,0.0000,1.0
2007-11-16,22.54,23.295,22.5,22.5,18.1470536008,2900,0.0000,1.0
2007-11-15,22.99,22.99,22.99,22.99,18.5422561015,300,0.1600,1.0
2007-11-14,22.96,22.96,22.76,22.76,18.2298811607,600,0.0000,1.0
2007-11-13,22.58,22.58,22.54,22.54,18.0536696556,400,0.0000,1.0
2007-11-12,22.91,22.91,22.91,22.91,18.3500253687,0,0.0000,1.0
2007-11-09,22.96,22.96,22.5,22.914,18.3532292142,2300,0.0000,1.0
2007-11-08,22.54,22.91,22.5,22.5,18.0216312002,5000,0.0000,1.0
2007-11-07,22.51,22.58,22.51,22.54,18.0536696556,2700,0.0000,1.0
2007-11-06,22.51,22.57,22.51,22.57,18.0776984972,1300,0.0000,1.0
2007-11-05,22.27,22.52,22.25,22.52,18.0376504279,2600,0.0000,1.0
2007-11-02,23.37,23.37,22.27,22.27,17.8374100812,4200,0.0000,1.0
2007-11-01,23.7,23.7,23.51,23.52,18.8386118146,900,0.0000,1.0
2007-10-31,23.29,24.55,22.78,24.0,19.2230732802,29600,0.0000,1.0
2007-10-30,23.462,23.5,23.43,23.43,18.7665252898,2000,0.0000,1.0
2007-10-29,23.5,23.5,23.5,23.5,18.8225925868,100,0.0000,1.0
2007-10-26,23.67,23.67,23.33,23.5,18.8225925868,10900,0.0000,1.0
2007-10-25,23.67,23.67,23.67,23.67,18.9587560226,0,0.0000,1.0
2007-10-24,23.71,23.71,23.67,23.67,18.9587560226,1100,0.0000,1.0
2007-10-23,23.86,23.96,23.61,23.867,19.1165454157,900,0.0000,1.0
2007-10-22,24.72,24.72,24.51,24.51,19.6315635874,700,0.0000,1.0
2007-10-19,24.488,24.488,23.8725,24.3,19.4633616962,700,0.0000,1.0
2007-10-18,23.75,23.75,23.61,23.71,18.990794478,1600,0.0000,1.0
2007-10-17,23.76,24.16,23.76,24.14,19.3352078743,4400,0.0000,1.0
2007-10-16,23.84,24.0,23.81,24.0,19.2230732802,2700,0.0000,1.0
2007-10-15,23.76,23.98,23.76,23.98,19.2070540524,4700,0.0000,1.0
2007-10-12,24.0,24.0,23.72,23.73,19.0068137058,300,0.0000,1.0
2007-10-11,23.92,24.0,23.91,23.91,19.1509867554,1800,0.0000,1.0
2007-10-10,24.0,24.0,23.81,23.96,19.1910348247,3700,0.0000,1.0
2007-10-09,24.0,24.1,23.95,24.0,19.2230732802,2100,0.0000,1.0
2007-10-08,23.93,24.02,23.93,23.97,19.1990444386,800,0.0000,1.0
2007-10-05,24.0,24.48,23.81,24.01,19.231082894,3500,0.0000,1.0
2007-10-04,24.11,24.11,24.11,24.11,19.3111790327,700,0.0000,1.0
2007-10-03,24.26,24.26,24.26,24.26,19.4313232407,0,0.0000,1.0
2007-10-02,24.51,24.52,24.1,24.26,19.4313232407,2900,0.0000,1.0
2007-10-01,23.78,24.19,23.78,24.19,19.3752559436,1200,0.0000,1.0
2007-09-28,24.66,24.66,23.83,24.14,19.3352078743,1400,0.0000,1.0
2007-09-27,25.0,25.0,25.0,25.0,20.0240346668,1000,0.0000,1.0
2007-09-26,25.05,25.05,25.0,25.0,20.0240346668,2413,0.0000,1.0
2007-09-25,25.02,25.1,25.01,25.01,20.0320442807,2600,0.0000,1.0
2007-09-24,24.8,24.8,24.51,24.8,19.8638423895,800,0.0000,1.0
2007-09-21,24.8,25.25,24.8,25.13,20.1281596471,1700,0.0000,1.0
2007-09-20,25.5101,25.86,25.51,25.86,20.7128614594,1300,0.0000,1.0
2007-09-19,25.8,25.8,25.8,25.8,20.6648037762,100,0.0000,1.0
2007-09-18,25.05,26.0,24.71,25.87,20.7208710732,3100,0.0000,1.0
2007-09-17,25.0401,25.68,25.0401,25.26,20.2322846274,1500,0.0000,1.0
2007-09-14,25.05,25.06,25.05,25.05,20.0640827362,700,0.0000,1.0
2007-09-13,25.12,25.71,25.12,25.71,20.5927172514,2100,0.0000,1.0
2007-09-12,25.61,25.99,25.48,25.67,20.5606787959,3700,0.0000,1.0
2007-09-11,25.62,25.7,25.52,25.7,20.5847076375,1200,0.0000,1.0
2007-09-10,26.0,26.09,25.61,25.62,20.5206307266,5000,0.0000,1.0
2007-09-07,25.89,25.89,25.5025,25.63,20.5286403404,900,0.0000,1.0
2007-09-06,25.84,25.96,25.83,25.83,20.6888326178,7300,0.0000,1.0
2007-09-05,25.82,25.935,25.57,25.57,20.4805826572,9400,0.0000,1.0
2007-09-04,26.4,26.5,25.85,25.85,20.7048518455,2700,0.0000,1.0
2007-08-31,26.0,26.22,25.38,26.0,20.8249960535,5700,0.0000,1.0
2007-08-30,25.7,25.95,25.7,25.87,20.7208710732,1500,0.0000,1.0
2007-08-29,25.74,25.8,25.38,25.74,20.616746093,5500,0.0000,1.0
2007-08-28,25.95,25.95,25.61,25.65,20.5446595682,6000,0.0000,1.0
2007-08-27,25.53,25.84,25.32,25.84,20.6968422316,2700,0.0000,1.0
2007-08-24,25.72,25.72,25.7,25.7,20.5847076375,400,0.0000,1.0
2007-08-23,24.71,25.51,24.61,25.51,20.432524974,4000,0.0000,1.0
2007-08-22,24.79,24.83,24.75,24.83,19.8878712311,2100,0.0000,1.0
2007-08-21,24.87,25.69,24.87,25.63,20.5286403404,600,0.0000,1.0
2007-08-20,25.12,25.32,24.76,25.22,20.2002461719,2300,0.0000,1.0
2007-08-17,26.11,26.95,25.26,25.26,20.2322846274,10800,0.0000,1.0
2007-08-16,24.21,25.96,24.12,25.89,20.736890301,4200,0.1600,1.0
2007-08-15,23.17,23.41,23.14,23.27,18.5238939464,1100,0.0000,1.0
2007-08-14,23.25,23.78,23.02,23.13,18.4124480868,8400,0.0000,1.0
2007-08-13,24.35,24.47,23.24,23.3,18.547775202,10000,0.0000,1.0
2007-08-10,26.54,26.92,23.95,24.16,19.2323711966,16500,0.0000,1.0
2007-08-09,24.5,26.67,24.5,26.67,21.2304362506,7900,0.0000,1.0
2007-08-08,23.06,25.65,23.06,25.06,19.9488088654,15800,0.0000,1.0
2007-08-07,20.95,22.93,20.85,22.93,18.253239716,13600,0.0000,1.0
2007-08-06,22.24,22.45,20.52,20.73,16.5019476368,8600,0.0000,1.0
2007-08-03,22.39,22.54,21.81,21.81,17.3616728393,5800,0.0000,1.0
2007-08-02,22.4,22.73,21.88,22.47,17.8870604631,6200,0.0000,1.0
2007-08-01,22.6,22.6,22.01,22.24,17.7039708366,7800,0.0000,1.0
2007-07-31,22.5,22.67,22.33,22.55,17.9507438114,12200,0.0000,1.0
2007-07-30,22.99,22.99,22.47,22.52,17.9268625558,6500,0.0000,1.0
2007-07-27,24.03,24.06,22.95,22.99,18.3010022272,11100,0.0000,1.0
2007-07-26,25.16,25.16,24.04,24.1,19.1846086854,14800,0.0000,1.0
2007-07-25,25.07,25.33,24.95,25.25,20.1000568176,1700,0.0000,1.0
2007-07-24,25.26,25.31,24.95,24.95,19.8612442614,6000,0.0000,1.0
2007-07-23,25.22,25.46,25.0301,25.27,20.1159776547,3000,0.0000,1.0
2007-07-20,24.81,25.37,24.34,24.95,19.8612442614,12100,0.0000,1.0
2007-07-19,25.2,25.31,24.81,24.81,19.7497984018,10200,0.0000,1.0
2007-07-18,24.89,25.14,24.81,24.99,19.8930859356,6600,0.0000,1.0
2007-07-17,24.94,24.94,24.63,24.91,19.8294025872,7300,0.0000,1.0
2007-07-16,24.83,24.92,24.62,24.62,19.5985504495,7100,0.0000,1.0
2007-07-13,25.0,25.09,24.75,24.75,19.7020358906,15100,0.0000,1.0
2007-07-12,24.74,25.36,24.74,24.93,19.8453234243,20700,0.0000,1.0
2007-07-11,25.06,25.19,24.54,24.79,19.7338775647,14000,0.0000,1.0
2007-07-10,26.02,26.03,25.17,25.29,20.1318984918,6800,0.0000,1.0
2007-07-09,26.44,26.46,25.7,26.05,20.736890301,14000,0.0000,1.0
2007-07-06,26.66,26.84,26.01,26.22,20.8722174162,7000,0.0000,1.0
2007-07-05,26.39,27.05,26.39,26.47,21.0712278797,9700,0.0000,1.0
2007-07-03,26.15,26.35,26.07,26.35,20.9757028572,1000,0.0000,1.0
2007-07-02,26.48,26.51,26.04,26.04,20.7289298824,3500,0.0000,1.0
2007-06-29,26.72,26.79,25.67,25.85,20.5776819301,36500,0.0000,1.0
2007-06-28,26.56,26.95,26.16,26.29,20.927940346,53900,0.0000,1.0
2007-06-27,27.56,27.68,26.66,26.97,21.4692488068,14700,0.0000,1.0
2007-06-26,27.49,27.97,27.17,27.53,21.9150322451,20300,0.0000,1.0
2007-06-25,27.85,28.19,27.29,27.49,21.883190571,32300,0.0000,1.0
2007-06-22,28.96,29.15,28.02,28.3,22.5279844728,733300,0.0000,1.0
2007-06-21,28.03,28.89,27.79,28.78,22.9100845628,19700,0.0000,1.0
2007-06-20,28.0,28.88,27.66,28.2,22.4483802874,27600,0.0000,1.0
2007-06-19,26.55,28.0,26.38,28.0,22.2891719166,15000,0.0000,1.0
2007-06-18,26.8,26.96,26.25,26.56,21.1428716466,7300,0.0000,1.0
2007-06-15,26.99,27.34,26.48,27.02,21.5090508995,50500,0.0000,1.0
2007-06-14,25.0,26.38,24.99,25.96,20.6652465341,22600,0.0000,1.0
2007-06-13,24.3,25.17,23.98,25.03,19.9249276097,19600,0.0000,1.0
2007-06-12,24.76,24.93,24.24,24.44,19.4552629158,12600,0.0000,1.0
2007-06-11,24.88,24.96,24.66,24.95,19.8612442614,12000,0.0000,1.0
2007-06-08,24.64,25.0,24.49,25.0,19.9010463541,20700,0.0000,1.0
2007-06-07,25.18,25.5,24.44,24.48,19.4871045899,22200,0.0000,1.0
2007-06-06,25.45,25.45,24.9,25.35,20.1796610031,32400,0.0000,1.0
2007-06-05,25.48,25.67,25.14,25.44,20.2513047699,14900,0.0000,1.0
2007-06-04,25.71,25.88,25.44,25.66,20.4264339779,14900,0.0000,1.0
2007-06-01,26.26,26.82,25.79,25.81,20.545840256,3309,0.0000,1.0
2007-05-31,25.96,26.56,25.96,26.04,20.7289298824,4169,0.0000,1.0
2007-05-30,25.2,26.25,25.1699,26.25,20.8960986718,14700,0.0000,1.0
2007-05-29,25.25,25.55,25.25,25.45,20.2592651885,7800,0.0000,1.0
2007-05-25,24.86,25.35,24.86,25.32,20.1557797474,11500,0.0000,1.0
2007-05-24,25.05,25.2,24.89,25.13,20.0045317951,16200,0.0000,1.0
2007-05-23,24.95,25.41,24.94,25.12,19.9965713766,17400,0.0000,1.0
2007-05-22,25.29,25.47,25.13,25.25,20.1000568176,14900,0.0000,1.0
2007-05-21,25.13,25.65,24.94,25.45,20.2592651885,15200,0.0000,1.0
2007-05-18,25.08,25.29,24.75,25.29,20.1318984918,17000,0.0000,1.0
2007-05-17,24.53,25.28,24.53,24.97,19.8771650985,19500,0.1600,1.0
2007-05-16,24.75,25.35,24.75,25.35,20.0511792776,16400,0.0000,1.0
2007-05-15,25.7,25.7,24.7,24.71,19.544956211,23000,0.0000,1.0
2007-05-14,25.66,25.87,25.48,25.56,20.2172837213,13100,0.0000,1.0
2007-05-11,25.3,25.75,25.3,25.74,20.3596589588,17600,0.0000,1.0
2007-05-10,26.07,26.23,25.21,25.3,20.0116306005,31300,0.0000,1.0
2007-05-09,26.08,26.48,25.74,26.29,20.7946944066,6400,0.0000,1.0
2007-05-08,25.97,26.2,25.34,26.14,20.6760483754,16100,0.0000,1.0
2007-05-07,25.97,26.4,25.56,25.65,20.2884713401,7300,0.0000,1.0
2007-05-04,25.83,25.84,24.0,25.7,20.3280200171,16700,0.0000,1.0
2007-05-03,25.92,26.46,25.82,25.82,20.4229368421,8900,0.0000,1.0
2007-05-02,24.8,25.95,24.79,25.95,20.5257634025,9400,0.0000,1.0
2007-05-01,24.51,25.03,24.47,25.03,19.7980677443,22400,0.0000,1.0
2007-04-30,24.61,25.03,24.4899,24.51,19.3867615027,31500,0.0000,1.0
2007-04-27,24.53,24.99,24.52,24.52,19.3946712381,16800,0.0000,1.0
2007-04-26,24.73,25.0,24.61,24.81,19.6240535652,28500,0.0000,1.0
2007-04-25,24.8,25.19,24.67,24.86,19.6636022423,8900,0.0000,1.0
2007-04-24,24.64,24.94,24.5799,24.64,19.4895880631,10000,0.0000,1.0
2007-04-23,24.97,24.97,24.44,24.53,19.4025809736,6800,0.0000,1.0
2007-04-20,25.3,25.3,24.75,25.0,19.7743385381,13200,0.0000,1.0
2007-04-19,25.79,25.79,24.55,24.79,19.6082340944,9200,0.0000,1.0
2007-04-18,26.08,26.08,25.82,25.82,20.4229368421,2100,0.0000,1.0
2007-04-17,26.21,26.3,26.12,26.3,20.8026041421,1900,0.0000,1.0
2007-04-16,25.2,26.26,25.2,26.24,20.7551457296,3100,0.0000,1.0
2007-04-13,25.03,25.25,24.85,25.17,19.9088040401,9200,0.0000,1.0
2007-04-12,25.01,25.23,24.88,25.21,19.9404429818,6100,0.0000,1.0
2007-04-11,25.67,25.67,24.85,25.074,19.8328705802,22500,0.0000,1.0
2007-04-10,25.47,25.67,25.35,25.53,20.1935545151,3300,0.0000,1.0
2007-04-09,25.92,25.92,25.31,25.31,20.019540336,9800,0.0000,1.0
2007-04-05,27.09,27.09,25.98,26.13,20.66813864,9200,0.0000,1.0
2007-04-04,27.34,27.36,27.02,27.05,21.3958342982,5700,0.0000,1.0
2007-04-03,26.81,27.46,26.64,27.46,21.7201334502,12700,0.0000,1.0
2007-04-02,26.46,26.82,26.42,26.75,21.1585422357,7700,0.0000,1.0
2007-03-30,26.03,26.51,25.75,26.45,20.9212501733,15800,0.0000,1.0
2007-03-29,26.52,26.52,25.79,25.83,20.4308465775,3900,0.0000,1.0
2007-03-28,26.02,26.47,25.98,26.42,20.897520967,4000,0.0000,1.0
2007-03-27,26.58,26.58,26.01,26.01,20.573221815,5000,0.0000,1.0
2007-03-26,26.2,26.74,26.13,26.74,21.1506325003,3300,0.0000,1.0
2007-03-23,26.54,26.68,26.01,26.13,20.66813864,9600,0.0000,1.0
2007-03-22,26.64,26.9,26.19,26.64,21.0715351462,6100,0.0000,1.0
2007-03-21,26.0,26.63,25.84,26.5,20.9607988504,12600,0.0000,1.0
2007-03-20,25.69,25.95,25.69,25.95,20.5257634025,10400,0.0000,1.0
2007-03-19,25.05,25.95,24.92,25.65,20.2884713401,22400,0.0000,1.0
2007-03-16,24.71,24.71,24.07,24.21,19.1494694403,48600,0.0000,1.0
2007-03-15,23.99,24.65,23.99,24.65,19.4974977985,8400,0.0000,1.0
2007-03-14,23.73,23.928,23.54,23.91,18.9121773778,11900,0.0000,1.0
2007-03-13,24.96,24.96,23.78,23.78,18.8093508174,24400,0.0000,1.0
2007-03-12,24.83,25.48,24.65,25.16,19.9008943047,11500,0.0000,1.0
2007-03-09,25.0,25.01,24.5,24.86,19.6636022423,21600,0.0000,1.0
2007-03-08,24.75,25.11,24.6,24.75,19.5765951527,19200,0.0000,1.0
2007-03-07,25.19,25.5,24.52,24.8,19.6161438298,23900,0.0000,1.0
2007-03-06,24.36,25.38,24.36,25.38,20.0749084839,16200,0.0000,1.0
2007-03-05,24.5,24.82,23.83,24.58,19.4421296506,29000,0.0000,1.0
2007-03-02,25.5,26.0,24.18,24.38,19.2839349423,49800,0.0000,1.0
2007-03-01,25.91,26.14,25.55,25.75,20.3675686942,14000,0.0000,1.0
2007-02-28,25.52,26.51,25.17,26.16,20.6918678462,46600,0.0000,1.0
2007-02-27,26.51,26.75,25.56,25.56,20.2172837213,19100,0.0000,1.0
2007-02-26,26.76,26.9,26.5,26.9,21.277188267,21200,0.0000,1.0
2007-02-23,26.67,26.78,26.35,26.44,20.9133404379,13800,0.0000,1.0
2007-02-22,26.6,26.69,26.31,26.67,21.0952643524,8200,0.0000,1.0
2007-02-21,26.5,26.5,26.25,26.41,20.8896112316,5000,0.0000,1.0
2007-02-20,26.43,26.67,26.09,26.67,21.0952643524,3600,0.0000,1.0
2007-02-16,26.01,26.46,25.9899,26.45,20.9212501733,9700,0.0000,1.0
2007-02-15,26.89,26.89,26.01,26.01,20.573221815,8600,0.0000,1.0
2007-02-14,27.95,28.06,26.7,26.7,21.1189935587,7600,0.0000,1.0
2007-02-13,27.51,27.96,27.51,27.88,22.0523423377,2000,0.1600,1.0
2007-02-12,27.5,27.72,27.0,27.46,21.5961954562,6700,0.0000,1.0
2007-02-09,27.84,28.21,27.01,27.43,21.572601652,9900,0.0000,1.0
2007-02-08,27.68,28.0,27.47,27.99,22.0130193306,2600,0.0000,1.0
2007-02-07,27.48,28.23,27.3,27.68,21.7692166871,20500,0.0000,1.0
2007-02-06,27.8,27.85,27.25,27.42,21.5647370506,3700,0.0000,1.0
2007-02-05,28.58,28.81,27.38,27.8,21.863591904,15200,0.0000,1.0
2007-02-02,28.78,28.81,28.28,28.38,22.3197387854,2800,0.0000,1.0
2007-02-01,28.76,28.89,28.18,28.5,22.4141140023,4600,0.0000,1.0
2007-01-31,28.0,28.75,28.0,28.66,22.5399476247,5100,0.0000,1.0
2007-01-30,27.68,28.57,27.65,28.01,22.0287485335,18600,0.0000,1.0
2007-01-29,26.91,27.72,26.7,27.48,21.611924659,10100,0.0000,1.0
2007-01-26,26.02,27.01,26.02,26.91,21.163642379,9600,0.0000,1.0
2007-01-25,27.08,27.59,25.97,26.23,20.6288494835,8900,0.0000,1.0
2007-01-24,27.01,27.23,26.89,27.23,21.4153096239,6300,0.0000,1.0
2007-01-23,25.94,26.95,25.94,26.95,21.1951007846,9900,0.0000,1.0
2007-01-22,26.63,26.63,25.9,25.9,20.3693176371,9200,0.0000,1.0
2007-01-19,26.2,27.07,26.2,27.02,21.2501529944,12800,0.0000,1.0
2007-01-18,27.29,27.55,26.23,26.23,20.6288494835,21700,0.0000,1.0
2007-01-17,27.95,28.11,27.5,27.63,21.7298936801,6200,0.0000,1.0
2007-01-16,29.6,29.68,27.95,27.95,21.981560925,12100,0.0000,1.0
2007-01-12,29.26,29.68,29.26,29.4,23.1219281287,1400,0.0000,1.0
2007-01-11,29.695,29.94,29.23,29.33,23.0668759188,3800,0.0000,1.0
2007-01-10,29.9,30.08,29.49,29.69,23.3500015694,22200,0.0000,1.0
2007-01-09,30.0,30.16,29.9,29.91,23.5230228003,21400,0.0000,1.0
2007-01-08,29.34,30.04,29.34,30.0,23.5938042129,5400,0.0000,1.0
2007-01-05,30.14,30.14,29.13,29.74,23.3893245764,8100,0.0000,1.0
2007-01-04,30.01,30.46,29.86,30.34,23.8612006607,5300,0.0000,1.0
2007-01-03,30.44,30.76,29.92,30.14,23.7039086326,10100,0.0000,1.0
2006-12-29,30.69,30.88,30.07,30.16,23.7196378354,13800,0.0000,1.0
2006-12-28,30.8,31.2,30.64,30.64,24.0971387028,5100,0.0000,1.0
2006-12-27,30.9,30.92,30.69,30.8,24.2229723253,7300,0.0000,1.0
2006-12-26,29.77,30.9,29.77,30.9,24.3016183393,5000,0.0000,1.0
2006-12-22,29.83,30.0,29.55,30.0,23.5938042129,7600,0.0000,1.0
2006-12-21,29.95,29.95,29.68,29.74,23.3893245764,4400,0.0000,1.0
2006-12-20,29.26,29.98,29.26,29.8,23.4365121848,7100,0.0000,1.0
2006-12-19,29.46,29.51,29.24,29.28,23.0275529118,2100,0.0000,1.0
2006-12-18,29.55,29.93,29.458,29.54,23.2320325483,2400,0.0000,1.0
2006-12-15,29.95,30.0,29.62,29.98,23.5780750101,20500,0.0000,1.0
2006-12-14,28.95,29.75,28.25,29.74,23.3893245764,6000,0.0000,1.0
2006-12-13,29.01,29.01,28.26,28.26,22.2253635686,5400,0.0000,1.0
2006-12-12,28.91,29.0,28.65,28.68,22.5556768275,1800,0.0000,1.0
2006-12-11,28.81,28.81,28.68,28.78,22.6343228416,1100,0.0000,1.0
2006-12-08,29.44,29.44,28.95,29.05,22.8466670795,1500,0.0000,1.0
2006-12-07,29.78,29.78,29.44,29.44,23.1533865343,3200,0.0000,1.0
2006-12-06,29.97,29.98,29.52,29.69,23.3500015694,7700,0.0000,1.0
2006-12-05,29.65,30.0,29.46,29.96,23.5623458073,7700,0.0000,1.0
2006-12-04,28.06,29.55,28.06,29.55,23.2398971497,6100,0.0000,1.0
2006-12-01,28.92,28.92,27.43,27.96,21.9894255264,10600,0.0000,1.0
2006-11-30,28.78,29.19,28.5,28.89,22.720833457,3400,0.0000,1.0
2006-11-29,28.88,28.91,28.46,28.78,22.6343228416,3900,0.0000,1.0
2006-11-28,28.6,28.75,28.1,28.6,22.4927600163,9900,0.0000,1.0
2006-11-27,28.96,28.96,28.25,28.4,22.3354679882,12000,0.0000,1.0
2006-11-24,29.18,29.27,28.96,28.96,22.7758856669,700,0.0000,1.0
2006-11-22,29.9999,29.9999,29.15,29.31,23.051146716,5200,0.0000,1.0
2006-11-21,29.9,29.98,29.66,29.8,23.4365121848,2400,0.0000,1.0
2006-11-20,30.53,30.53,29.84,30.0,23.5938042129,3000,0.0000,1.0
2006-11-17,30.82,30.83,30.12,30.42,23.9241174719,11300,0.0000,1.0
2006-11-16,30.19,30.95,30.19,30.65,24.1050033042,7400,0.1500,1.0
2006-11-15,30.96,31.27,30.58,30.75,24.0658718053,15200,0.0000,1.0
2006-11-14,29.5,31.0,29.07,31.0,24.2615292997,7400,0.0000,1.0
2006-11-13,29.16,29.45,28.96,29.45,23.0484528347,5800,0.0000,1.0
2006-11-10,28.55,29.15,28.55,29.15,22.8136638415,4300,0.0000,1.0
2006-11-09,28.77,29.54,28.74,29.15,22.8136638415,3600,0.0000,1.0
2006-11-08,28.3,29.47,28.3,29.43,23.0328002351,11800,0.0000,1.0
2006-11-07,29.51,29.84,28.5,28.54,22.3362595552,6300,0.0000,1.0
2006-11-06,28.46,29.78,28.46,29.57,23.142368432,6600,0.0000,1.0
2006-11-03,28.39,28.39,27.95,28.15,22.0310338641,4600,0.0000,1.0
2006-11-02,28.04,28.57,27.84,28.33,22.17190726,16200,0.0000,1.0
2006-11-01,29.39,29.41,28.1,28.32,22.1640809602,6600,0.0000,1.0
2006-10-31,30.1,30.1,29.5,29.8,23.3223733268,11800,0.0000,1.0
2006-10-30,29.81,30.18,29.41,30.15,23.5962938189,6900,0.0000,1.0
2006-10-27,30.1,30.28,29.93,29.93,23.4241152238,13100,0.0000,1.0
2006-10-26,30.0,30.18,29.5,30.15,23.5962938189,8200,0.0000,1.0
2006-10-25,29.79,30.05,29.79,30.0,23.4788993223,4000,0.0000,1.0
2006-10-24,30.25,30.25,29.75,29.9,23.4006363245,6000,0.0000,1.0
2006-10-23,30.54,30.64,29.71,30.6,23.9484773087,7600,0.0000,1.0
2006-10-20,31.04,31.04,30.28,30.8,24.1050033042,10000,0.0000,1.0
2006-10-19,30.59,31.14,30.59,30.8,24.1050033042,10700,0.0000,1.0
2006-10-18,30.13,31.25,30.13,30.75,24.0658718053,13300,0.0000,1.0
2006-10-17,29.32,30.25,29.32,30.25,23.6745568166,11300,0.0000,1.0
2006-10-16,29.48,30.0,29.48,29.7,23.244110329,14300,0.0000,1.0
2006-10-13,29.93,29.93,29.08,29.32,22.9467109376,8000,0.0000,1.0
2006-10-12,28.95,29.7,28.7,29.59,23.1580210315,7800,0.0000,1.0
2006-10-11,28.9,29.25,28.7,28.7,22.4614803516,22800,0.0000,1.0
2006-10-10,29.06,29.2,28.615,28.9,22.6180063471,7600,0.0000,1.0
2006-10-09,28.46,29.1775,28.25,28.9,22.6180063471,11800,0.0000,1.0
2006-10-06,28.24,28.67,28.23,28.65,22.4223488528,1600,0.0000,1.0
2006-10-05,28.36,29.0,28.1901,28.4,22.2266913584,10600,0.0000,1.0
2006-10-04,27.33,28.584,27.32,28.54,22.3362595552,8800,0.0000,1.0
2006-10-03,28.57,28.57,27.7,27.7,21.6788503742,5200,0.0000,1.0
2006-10-02,28.5,28.61,27.82,27.88,21.8197237702,9200,0.0000,1.0
2006-09-29,28.62,29.18,28.5,28.75,22.5006118505,16600,0.0000,1.0
2006-09-28,28.82,29.2,28.55,29.2,22.8527953403,2600,0.0000,1.0
2006-09-27,28.01,28.91,28.01,28.82,22.5553959489,8200,0.0000,1.0
2006-09-26,28.68,28.77,27.99,27.99,21.9058130677,5500,0.0000,1.0
2006-09-25,27.89,28.83,27.89,28.72,22.4771329512,6100,0.0000,1.0
2006-09-22,28.49,28.66,27.25,27.62,21.616239976,4600,0.0000,1.0
2006-09-21,28.55,29.03,28.43,28.71,22.4693066514,4000,0.0000,1.0
2006-09-20,27.61,28.55,27.61,28.55,22.344085855,4400,0.0000,1.0
2006-09-19,27.71,27.8,26.49,27.3,21.3657983833,7300,0.0000,1.0
2006-09-18,28.24,28.58,27.36,27.46,21.4910191796,5800,0.0000,1.0
2006-09-15,28.89,29.0,28.46,28.46,22.2736491571,39800,0.0000,1.0
2006-09-14,28.36,28.75,28.3,28.75,22.5006118505,9600,0.0000,1.0
2006-09-13,28.63,28.76,28.36,28.75,22.5006118505,7700,0.0000,1.0
2006-09-12,27.01,28.55,26.94,28.5,22.3049543561,5500,0.0000,1.0
2006-09-11,26.17,26.65,26.17,26.65,20.8570888979,3100,0.0000,1.0
2006-09-08,26.3,26.62,26.1,26.31,20.5909947056,7300,0.0000,1.0
2006-09-07,27.22,27.22,26.1199,26.53,20.7631733007,6200,0.0000,1.0
2006-09-06,28.71,28.71,27.11,27.32,21.3814509828,2700,0.0000,1.0
2006-09-05,28.86,29.03,27.96,28.99,22.6884430451,3600,0.0000,1.0
2006-09-01,28.71,28.71,28.1,28.41,22.2345176582,6400,0.0000,1.0
2006-08-31,28.94,29.02,28.38,28.39,22.2188650586,17400,0.0000,1.0
2006-08-30,28.69,29.03,28.34,28.55,22.344085855,13100,0.0000,1.0
2006-08-29,28.52,28.89,27.91,28.8,22.5397433494,16400,0.0000,1.0
2006-08-28,27.57,28.38,27.57,28.3,22.1484283607,3200,0.0000,1.0
2006-08-25,26.75,27.64,26.75,27.35,21.4049298821,2600,0.0000,1.0
2006-08-24,26.37,26.51,26.2,26.41,20.6692577034,6000,0.0000,1.0
2006-08-23,28.43,28.5,26.07,26.12,20.4422950099,17300,0.0000,1.0
2006-08-22,28.27,28.49,28.27,28.47,22.2814754568,900,0.0000,1.0
2006-08-21,27.25,28.5,27.25,28.04,21.9449445665,1700,0.0000,1.0
2006-08-18,27.85,27.85,26.58,27.26,21.3344931842,7300,0.0000,1.0
2006-08-17,28.5,28.5,27.61,27.64,21.6318925756,5700,0.0000,1.0
2006-08-16,28.96,29.02,28.68,28.68,22.4458277521,8300,0.0000,1.0
2006-08-15,27.0,28.72,27.0,28.72,22.4771329512,8000,0.0000,1.0
2006-08-14,27.09,27.8,26.5,26.71,20.9040466966,4000,0.0000,1.0
2006-08-11,27.08,27.59,26.72,26.72,20.9118729964,4000,0.0000,1.0
2006-08-10,26.23,27.99,26.07,27.31,21.373624683,10000,0.1500,1.0
2006-08-09,27.91,28.38,26.25,26.25,20.4318152924,13100,0.0000,1.0
2006-08-08,28.5,29.0,27.5,27.5,21.4047588778,8800,0.0000,1.0
2006-08-07,28.44,28.44,27.65,28.01,21.8017198606,8200,0.0000,1.0
2006-08-04,28.88,28.99,27.85,28.73,22.3621353658,9400,0.0000,1.0
2006-08-03,28.13,29.0,27.93,28.48,22.1675466487,9100,0.0000,1.0
2006-08-02,27.4,28.9,27.4,28.49,22.1753301974,8900,0.0000,1.0
2006-08-01,28.42,28.99,26.89,27.15,21.1323346739,15400,0.0000,1.0
2006-07-31,28.3,29.1,28.3,28.68,22.3232176223,15000,0.0000,1.0
2006-07-28,28.96,29.5,28.32,29.12,22.6656937644,8500,0.0000,1.0
2006-07-27,28.98,28.98,28.1,28.67,22.3154340737,12400,0.0000,1.0
2006-07-26,27.62,28.96,27.07,28.84,22.4477544013,18300,0.0000,1.0
2006-07-25,26.94,28.32,25.85,27.89,21.7083172764,19300,0.0000,1.0
2006-07-24,26.94,27.88,26.17,27.03,21.0389320897,16900,0.0000,1.0
2006-07-21,25.59,26.82,25.59,26.49,20.6186204608,11500,0.0000,1.0
2006-07-20,27.42,27.85,25.21,25.81,20.0893391504,7800,0.0000,1.0
2006-07-19,25.99,27.49,25.97,27.24,21.202386612,13400,0.0000,1.0
2006-07-18,25.93,26.45,25.14,25.87,20.1360404425,11400,0.0000,1.0
2006-07-17,25.44,25.94,25.08,25.51,19.8558326899,7400,0.0000,1.0
2006-07-14,25.74,27.12,25.35,25.7,20.0037201149,5800,0.0000,1.0
2006-07-13,25.74,26.85,25.56,26.44,20.5797027174,20200,0.0000,1.0
2006-07-12,26.89,27.41,25.76,25.77,20.0582049556,7100,0.0000,1.0
2006-07-11,27.09,27.37,26.06,27.0,21.0155814436,9700,0.0000,1.0
2006-07-10,27.0,27.62,26.62,27.2,21.1712524173,16100,0.0000,1.0
2006-07-07,28.93,29.39,26.67,26.89,20.9299624081,20400,0.0000,1.0
2006-07-06,27.17,28.5,27.17,28.46,22.1519795513,32400,0.0000,1.0
2006-07-05,27.19,27.9,27.18,27.53,21.4281095238,16500,0.0000,1.0
2006-07-03,27.31,28.0,27.25,27.54,21.4358930725,22400,0.0000,1.0
2006-06-30,29.96,29.96,27.01,27.13,21.1167675765,856800,0.0000,1.0
2006-06-29,29.25,29.96,29.22,29.96,23.3195118537,73900,0.0000,1.0
2006-06-28,29.25,29.25,28.7,29.25,22.7668798973,29100,0.0000,1.0
2006-06-27,28.95,29.29,28.9,29.25,22.7668798973,12700,0.0000,1.0
2006-06-26,29.5,29.6,28.44,29.38,22.8680660301,14900,0.0000,1.0
2006-06-23,29.53,29.53,28.78,29.22,22.7435292512,20400,0.0000,1.0
2006-06-22,29.6,29.6,29.13,29.38,22.8680660301,25700,0.0000,1.0
2006-06-21,29.28,29.66,29.02,29.64,23.0704382959,29700,0.0000,1.0
2006-06-20,29.36,29.65,29.26,29.5,22.9614686143,27700,0.0000,1.0
2006-06-19,29.24,29.73,28.97,29.47,22.9381179683,38500,0.0000,1.0
2006-06-16,28.48,29.24,28.23,28.88,22.478888596,8600,0.0000,1.0
2006-06-15,29.49,29.49,28.5,29.0,22.5722911802,11900,0.0000,1.0
2006-06-14,28.2,28.89,27.13,28.89,22.4866721447,6000,0.0000,1.0
2006-06-13,28.56,28.8,26.8,27.95,21.7550185685,10600,0.0000,1.0
2006-06-12,29.1699,29.96,28.76,29.05,22.6112089236,12500,0.0000,1.0
2006-06-09,29.5,29.8,29.2,29.8,23.1949750748,28600,0.0000,1.0
2006-06-08,29.13,29.5,28.68,29.5,22.9614686143,5300,0.0000,1.0
2006-06-07,28.65,29.4299,28.02,28.99,22.5645076315,22700,0.0000,1.0
2006-06-06,27.04,28.63,27.04,28.61,22.2687327816,9733,0.0000,1.5
2006-06-05,42.95,42.95,42.01,42.58,22.0949001943,9267,0.0000,1.0
2006-06-02,41.25,42.76,41.01,42.76,22.1883027785,5467,0.0000,1.0
2006-06-01,43.44,43.44,40.72,41.48,21.5241066242,14200,0.0000,1.0
2006-05-31,43.1,43.68,42.35,43.0,22.3128395574,7400,0.0000,1.0
2006-05-30,40.37,42.62,40.37,42.25,21.9236621233,4267,0.0000,1.0
2006-05-26,42.84,43.128,42.76,42.76,22.1883027785,2267,0.0000,1.0
2006-05-25,42.16,42.2,41.44,41.5,21.5344846891,3667,0.0000,1.0
2006-05-24,40.61,41.55,40.61,41.51,21.5396737216,2067,0.0000,1.0
2006-05-23,40.75,40.9,40.69,40.9,21.2231427418,2267,0.0000,1.0
2006-05-22,40.78,41.63,40.6,41.36,21.4618382348,1667,0.0000,1.0
2006-05-19,44.0,44.5,40.01,41.24,21.3995698453,13267,0.0000,1.0
2006-05-18,42.74,44.6,42.74,43.99,22.8265537705,9800,0.0000,1.0
2006-05-17,42.68,42.9,42.11,42.6,22.1052782592,14667,0.0000,1.0
2006-05-16,42.33,42.91,42.08,42.5,22.0533879347,25400,0.0000,1.0
2006-05-15,40.55,41.56,40.25,41.47,21.5189175918,16600,0.0000,1.0
2006-05-12,39.15,40.84,39.15,40.15,20.8339653077,6800,0.0000,1.0
2006-05-11,38.0,39.59,37.75,39.59,20.5433794902,9067,0.2200,1.0
2006-05-10,37.95,38.25,37.9,37.9,19.557751386,7467,0.0000,1.0
2006-05-09,38.01,38.01,37.83,37.83,19.5216288901,1200,0.0000,1.0
2006-05-08,38.13,38.34,38.13,38.15,19.6867603002,800,0.0000,1.0
2006-05-05,38.18,38.38,38.07,38.37,19.8002881447,467,0.0000,1.0
2006-05-04,38.43,38.43,38.21,38.34,19.784807075,1667,0.0000,1.0
2006-05-03,38.26,38.4,38.01,38.4,19.8157692144,1000,0.0000,1.0
2006-05-02,38.27,38.51,38.2,38.51,19.8725331366,800,0.0000,1.0
2006-05-01,37.58,38.13,37.58,38.13,19.6764395871,4267,0.0000,1.0
2006-04-28,38.0,38.04,37.63,37.63,19.4184217588,4800,0.0000,1.0
2006-04-27,37.28,37.97,37.28,37.72,19.4648649679,4267,0.0000,1.0
2006-04-26,37.41,37.82,37.07,37.82,19.5164685335,2467,0.0000,1.0
2006-04-25,36.96,37.11,36.71,37.11,19.1500832173,3267,0.0000,1.0
2006-04-24,35.9,36.81,35.8,36.8,18.9901121638,13667,0.0000,1.0
2006-04-21,35.9,35.9,35.9,35.9,18.5256800728,0,0.0000,1.0
2006-04-20,36.46,36.46,35.9,35.9,18.5256800728,3800,0.0000,1.0
2006-04-19,36.0,36.7,35.92,36.7,18.9385085981,3267,0.0000,1.0
2006-04-18,36.31,37.0,35.75,36.0,18.5772836385,5800,0.0000,1.0
2006-04-17,35.15,36.54,35.15,36.54,18.855942893,2667,0.0000,1.0
2006-04-13,35.0,35.59,35.0,35.59,18.3657090192,11867,0.0000,1.0
2006-04-12,35.36,35.55,35.1,35.26,18.1954172526,21600,0.0000,1.0
2006-04-11,35.57,35.57,35.01,35.29,18.2108983223,4267,0.0000,1.0
2006-04-10,35.0,35.51,34.82,35.04,18.0818894081,21267,0.0000,1.0
2006-04-07,35.6,35.6,35.6,35.6,18.3708693758,1000,0.0000,1.0
2006-04-06,35.31,35.98,35.1,35.47,18.3037847405,6467,0.0000,1.0
2006-04-05,35.6,35.63,35.19,35.29,18.2108983223,4867,0.0000,1.0
2006-04-04,35.35,35.73,35.24,35.41,18.2728226011,4267,0.0000,1.0
2006-04-03,35.34,35.64,35.28,35.6,18.3708693758,2067,0.0000,1.0
2006-03-31,34.51,35.19,34.5,35.19,18.1592947566,15867,0.0000,1.0
2006-03-30,35.0,35.0,34.4664,34.69,17.9012769283,13867,0.0000,1.0
2006-03-29,34.74,35.35,34.48,34.66,17.8857958586,22200,0.0000,1.0
2006-03-28,35.19,35.3,35.0,35.06,18.0922101212,8600,0.0000,1.0
2006-03-27,35.0,35.35,34.6,35.2,18.1644551132,1467,0.0000,1.0
2006-03-24,35.5,35.5,35.0,35.49,18.3141054536,3800,0.0000,1.0
2006-03-23,34.65,35.5,34.65,35.5,18.3192658101,9600,0.0000,1.0
2006-03-22,35.0,35.0,34.7,34.97,18.0457669121,7400,0.0000,1.0
2006-03-21,35.0,35.0,34.9,34.99,18.0560876253,5800,0.0000,1.0
2006-03-20,34.95,35.0,34.75,35.0,18.0612479818,2400,0.0000,1.0
2006-03-17,34.5,35.3,34.5,34.802,17.9590729218,7200,0.0000,1.0
2006-03-16,34.0,34.0,34.0,34.0,17.5452123252,0,0.0000,1.0
2006-03-15,34.2,34.45,34.0,34.0,17.5452123252,3400,0.0000,1.0
2006-03-14,34.0,34.15,34.0,34.0,17.5452123252,1867,0.0000,1.0
2006-03-13,34.0,34.0,34.0,34.0,17.5452123252,0,0.0000,1.0
2006-03-10,34.0,34.0,34.0,34.0,17.5452123252,0,0.0000,1.0
2006-03-09,34.0,34.0,34.0,34.0,17.5452123252,200,0.0000,1.0
2006-03-08,33.65,33.95,33.5,33.634,17.3563432749,3600,0.0000,1.0
2006-03-07,34.1,34.1,34.1,34.1,17.5968158909,467,0.0000,1.0
2006-03-06,34.0,34.0,34.0,34.0,17.5452123252,0,0.0000,1.0
2006-03-03,34.0,34.0,33.97,34.0,17.5452123252,667,0.0000,1.0
2006-03-02,33.49,33.49,33.49,33.49,17.2820341403,467,0.0000,1.0
2006-03-01,34.0,34.1,34.0,34.1,17.5968158909,4200,0.0000,1.0
2006-02-28,33.2,33.8,33.01,33.79,17.4368448373,3200,0.0000,1.0
2006-02-27,33.1,33.28,33.1,33.1,17.0807802343,1400,0.0000,1.0
2006-02-24,33.19,33.19,33.19,33.19,17.1272234433,0,0.0000,1.0
2006-02-23,34.0,34.0,33.02,33.19,17.1272234433,2467,0.0000,1.0
2006-02-22,33.86,33.99,33.86,33.99,17.5400519686,267,0.0000,1.0
2006-02-21,33.03,33.03,33.03,33.03,17.0446577383,200,0.0000,1.0
2006-02-17,34.0,34.286,34.0,34.2299,17.6638489227,1800,0.0000,1.0
2006-02-16,33.0,34.5,33.0,34.5,17.8032301535,2067,0.0000,1.0
2006-02-15,32.75,32.75,32.75,32.75,16.9001677544,0,0.0000,1.0
2006-02-14,32.51,32.95,32.51,32.75,16.9001677544,4067,0.0000,1.0
2006-02-13,32.51,32.95,32.51,32.95,17.0033748858,3800,0.0000,1.0
2006-02-10,32.75,32.95,32.5,32.95,17.0033748858,1800,0.0000,1.0
2006-02-09,32.8495,32.95,32.25,32.5,16.7711588403,2267,0.2100,1.0
2006-02-08,32.5,32.5,32.0,32.2,16.5096702738,2200,0.0000,1.0
2006-02-07,32.0,32.5,31.75,32.5,16.6634870776,4867,0.0000,1.0
2006-02-06,32.05,32.05,32.05,32.05,16.4327618719,67,0.0000,1.0
2006-02-03,32.0,32.0,32.0,32.0,16.407125738,67,0.0000,1.0
2006-02-02,32.0,32.0,32.0,32.0,16.407125738,467,0.0000,1.0
2006-02-01,32.2,32.2,32.1,32.1,16.4583980059,667,0.0000,1.0
2006-01-31,32.55,32.79,31.82,32.79,16.8121766546,5200,0.0000,1.0
2006-01-30,32.95,33.0,32.59,32.59,16.7096321188,1067,0.0000,1.0
2006-01-27,32.85,32.89,32.85,32.89,16.8634489226,600,0.0000,1.0
2006-01-26,32.3,32.78,32.3,32.468,16.6470799519,3200,0.0000,1.0
2006-01-25,32.8,33.0,32.8,32.85,16.8429400154,3600,0.0000,1.0
2006-01-24,32.75,32.8,32.75,32.8,16.8173038814,1467,0.0000,1.0
2006-01-23,32.74,32.74,32.74,32.74,16.7865405207,0,0.0000,1.0
2006-01-20,32.5,32.74,32.5,32.74,16.7865405207,2867,0.0000,1.0
2006-01-19,32.51,32.51,32.27,32.5,16.6634870776,1800,0.0000,1.0
2006-01-18,32.5,32.5,32.5,32.5,16.6634870776,0,0.0000,1.0
2006-01-17,32.3,32.6,32.25,32.5,16.6634870776,1667,0.0000,1.0
2006-01-13,31.38,32.26,31.38,32.06,16.4378890987,2267,0.0000,1.0
2006-01-12,31.56,32.0,31.56,32.0,16.407125738,1800,0.0000,1.0
2006-01-11,31.7401,31.7401,31.575,31.575,16.1892185993,600,0.0000,1.0
2006-01-10,31.95,32.0,31.75,31.75,16.2789450681,2000,0.0000,1.0
2006-01-09,31.5,31.9,31.5,31.9,16.35585347,800,0.0000,1.0
2006-01-06,31.9,31.9,31.9,31.9,16.35585347,1200,0.0000,1.0
2006-01-05,31.9,31.9,31.74,31.74,16.2738178413,2000,0.0000,1.0
2006-01-04,31.0,31.81,30.75,31.48,16.1405099447,1800,0.0000,1.0
2006-01-03,30.84,31.0,30.84,31.0,15.8944030587,267,0.0000,1.0
2005-12-30,31.7,31.72,31.0,31.72,16.2635633878,1067,0.0000,1.0
2005-12-29,32.0,32.25,32.0,32.1,16.4583980059,6800,0.0000,1.0
2005-12-28,32.2,32.23,31.41,32.23,16.5250519542,3867,0.0000,1.0
2005-12-27,32.051,32.3699,32.051,32.3699,16.596781857,400,0.0000,1.0
2005-12-23,32.0,32.45,32.0,32.45,16.6378509437,267,0.0000,1.0
2005-12-22,30.25,31.64,30.25,31.64,16.2225455734,3267,0.0000,1.0
2005-12-21,30.7,30.7,30.2,30.57,15.6739323066,3267,0.0000,1.0
2005-12-20,30.75,30.75,29.75,30.53,15.6534233994,3000,0.0000,1.0
2005-12-19,31.6,31.6,30.81,30.85,15.8174946568,2467,0.0000,1.0
2005-12-16,32.0,32.0,31.6001,31.6001,16.2020879385,267,0.0000,1.0
2005-12-15,32.0,32.49,31.601,31.601,16.2025493889,1800,0.0000,1.0
2005-12-14,32.01,32.01,32.0,32.0,16.407125738,1267,0.0000,1.0
2005-12-13,31.77,31.77,31.77,31.77,16.2891995217,1000,0.0000,1.0
2005-12-12,32.25,32.25,31.75,32.0,16.407125738,1600,0.0000,1.0
2005-12-09,32.5,32.5,32.0,32.0,16.407125738,467,0.0000,1.0
2005-12-08,31.75,32.5,31.75,32.5,16.6634870776,867,0.0000,1.0
2005-12-07,31.7,31.7,31.7,31.7,16.2533089342,200,0.0000,1.0
2005-12-06,32.3,32.3,31.95,31.95,16.381489604,800,0.0000,1.0
2005-12-05,32.5,32.51,32.5,32.51,16.6686143044,1000,0.0000,1.0
2005-12-02,32.5,33.0,32.5,33.0,16.9198484173,1200,0.0000,1.0
2005-12-01,32.575,32.575,32.575,32.575,16.7019412786,200,0.0000,1.0
2005-11-30,33.08,33.08,33.08,33.08,16.9608662316,200,0.0000,1.0
2005-11-29,33.0,33.0,33.0,33.0,16.9198484173,0,0.0000,1.0
2005-11-28,32.9999,32.9999,32.9999,32.9999,16.919797145,400,0.0000,1.0
2005-11-25,33.0,33.0,33.0,33.0,16.9198484173,200,0.0000,1.0
2005-11-23,32.51,32.51,32.51,32.51,16.6686143044,0,0.0000,1.0
2005-11-22,32.56,32.56,32.51,32.51,16.6686143044,200,0.0000,1.0
2005-11-21,33.0,33.0,32.56,32.57,16.6993776652,600,0.0000,1.0
2005-11-18,32.575,32.575,32.55,32.55,16.6891232116,867,0.0000,1.0
2005-11-17,32.67,33.0,32.67,32.99,16.9147211905,4000,0.0000,1.0
2005-11-16,32.36,32.77,32.26,32.43,16.6275964901,19867,0.0000,1.0
2005-11-15,32.5,32.5,32.35,32.5,16.6634870776,1867,0.0000,1.0
2005-11-14,32.5,32.5,32.25,32.5,16.6634870776,1400,0.0000,1.0
2005-11-11,32.0,32.5,32.0,32.0,16.407125738,8800,0.0000,1.0
2005-11-10,31.87,32.45,31.87,32.27,16.5455608614,2200,0.0000,1.0
2005-11-09,32.02,32.5,32.02,32.12,16.4686524595,1267,0.2100,1.0
2005-11-08,32.2,32.2,32.08,32.09,16.3463983119,600,0.0000,1.0
2005-11-07,32.0,32.5,32.0,32.5,16.5552491473,2067,0.0000,1.0
2005-11-04,32.35,32.35,32.35,32.35,16.4788403051,0,0.0000,1.0
2005-11-03,32.0,32.5,32.0,32.35,16.4788403051,4267,0.0000,1.0
2005-11-02,31.87,32.3,31.87,32.0,16.3005530066,1667,0.0000,1.0
2005-11-01,32.0,32.0,32.0,32.0,16.3005530066,467,0.0000,1.0
2005-10-31,31.87,32.0,31.87,32.0,16.3005530066,1267,0.0000,1.0
2005-10-28,32.0,32.0,32.0,32.0,16.3005530066,67,0.0000,1.0
2005-10-27,31.95,31.95,31.95,31.95,16.2750833925,1000,0.0000,1.0
2005-10-26,31.87,31.95,31.51,31.95,16.2750833925,1400,0.0000,1.0
2005-10-25,32.13,32.13,31.87,31.87,16.23433201,2800,0.0000,1.0
2005-10-24,32.49,32.49,32.49,32.49,16.5501552245,200,0.0000,1.0
2005-10-21,32.24,32.44,32.04,32.44,16.5246856104,1400,0.0000,1.0
2005-10-20,32.13,32.45,32.13,32.45,16.5297795333,1467,0.0000,1.0
2005-10-19,31.88,32.47,31.87,32.47,16.5399673789,867,0.0000,1.0
2005-10-18,32.01,32.01,31.63,31.76,16.1782988591,2267,0.0000,1.0
2005-10-17,32.04,32.32,31.9,32.31,16.4584646139,2000,0.0000,1.0
2005-10-14,32.0,32.25,32.0,32.25,16.427901077,1267,0.0000,1.0
2005-10-13,32.12,32.12,32.11,32.11,16.3565861576,400,0.0000,1.0
2005-10-12,32.25,32.25,32.25,32.25,16.427901077,0,0.0000,1.0
2005-10-11,32.41,32.41,32.25,32.25,16.427901077,2200,0.0000,1.0
2005-10-10,31.75,32.41,31.75,32.41,16.509403842,2600,0.0000,1.0
2005-10-07,31.5,31.93,31.45,31.75,16.1732049362,5200,0.0000,1.0
2005-10-06,31.77,31.79,31.29,31.79,16.1935806275,2467,0.0000,1.0
2005-10-05,31.79,32.5,31.79,32.5,16.5552491473,4600,0.0000,1.0
2005-10-04,32.4899,32.4899,31.8675,31.8675,16.2330585293,1800,0.0000,1.0
2005-10-03,31.69,32.5,31.69,32.5,16.5552491473,5267,0.0000,1.0
2005-09-30,32.4,32.4,31.9,32.2,16.4024314629,6200,0.0000,1.0
2005-09-29,31.87,32.25,31.87,32.2,16.4024314629,32000,0.0000,1.0
2005-09-28,31.75,32.29,31.74,32.29,16.4482767682,10600,0.0000,1.0
2005-09-27,31.87,31.99,31.67,31.99,16.2954590838,4000,0.0000,1.0
2005-09-26,32.01,32.01,32.0,32.0,16.3005530066,200,0.0000,1.0
2005-09-23,32.0,32.1,31.87,32.1,16.3514922347,2600,0.0000,1.0
2005-09-22,31.87,32.02,31.87,32.02,16.3107408522,1400,0.0000,1.0
2005-09-21,31.91,32.25,31.9,31.9,16.2496137785,800,0.0000,1.0
2005-09-20,32.38,32.38,32.38,32.38,16.4941220736,67,0.0000,1.0
2005-09-19,32.03,32.03,32.03,32.03,16.315834775,200,0.0000,1.0
2005-09-16,31.95,32.0,31.87,32.0,16.3005530066,28867,0.0000,1.0
2005-09-15,31.87,31.95,31.3,31.65,16.1222657081,3600,0.0000,1.0
2005-09-14,31.89,32.0,31.75,31.99,16.2954590838,2400,0.0000,1.0
2005-09-13,31.87,31.88,31.51,31.88,16.2394259328,14000,0.0000,1.0
2005-09-12,32.1699,32.1699,31.87,31.87,16.23433201,667,0.0000,1.0
2005-09-09,32.16,32.18,32.16,32.18,16.3922436173,1000,0.0000,1.0
2005-09-08,32.2,32.2,32.2,32.2,16.4024314629,0,0.0000,1.0
2005-09-07,31.9001,32.21,31.9001,32.2,16.4024314629,2600,0.0000,1.0
2005-09-06,32.0,32.249,31.88,31.88,16.2394259328,2467,0.0000,1.0
2005-09-02,32.05,32.05,31.9,31.91,16.2547077013,4067,0.0000,1.0
2005-09-01,32.059,32.5,31.87,31.87,16.23433201,1400,0.0000,1.0
2005-08-31,32.1,32.5,31.87,32.5,16.5552491473,2067,0.0000,1.0
2005-08-30,32.5,32.5,32.5,32.5,16.5552491473,0,0.0000,1.0
2005-08-29,32.33,32.5,32.33,32.5,16.5552491473,1067,0.0000,1.0
2005-08-26,32.25,32.3,32.0,32.0,16.3005530066,800,0.0000,1.0
2005-08-25,32.25,32.25,32.25,32.25,16.427901077,0,0.0000,1.0
2005-08-24,32.19,32.25,32.0,32.25,16.427901077,4200,0.0000,1.0
2005-08-23,32.1,32.24,31.9,31.9,16.2496137785,4400,0.0000,1.0
2005-08-22,31.99,32.001,31.9,32.0,16.3005530066,4467,0.0000,1.0
2005-08-19,31.95,32.0,31.87,31.87,16.23433201,5400,0.0000,1.0
2005-08-18,31.99,32.44,31.93,32.23,16.4177132313,5600,0.0000,1.0
2005-08-17,31.89,31.99,31.87,31.99,16.2954590838,6067,0.0000,1.0
2005-08-16,31.99,31.99,31.6,31.8,16.1986745503,8667,0.0000,1.0
2005-08-15,32.0,32.0,31.61,31.966,16.283233669,667,0.0000,1.0
2005-08-12,32.27,32.27,32.27,32.27,16.4380889226,67,0.0000,1.0
2005-08-11,31.58,33.0,31.58,33.0,16.8099452881,1800,0.2100,1.0
2005-08-10,33.0,33.0,32.55,32.55,16.4758723013,2067,0.0000,1.0
2005-08-09,32.24,33.0,32.14,33.0,16.7036493377,1000,0.0000,1.0
2005-08-08,31.77,32.03,31.76,31.98,16.1873547218,5267,0.0000,1.0
2005-08-05,33.0,33.0,32.15,32.58,16.4910574371,7600,0.0000,1.0
2005-08-04,32.99,33.17,32.2,33.05,16.7289578973,12400,0.0000,1.0
2005-08-03,31.0,32.4,31.0,32.4,16.3999466225,20800,0.0000,1.0
2005-08-02,29.87,30.99,29.87,30.9,15.6406898344,36000,0.0000,1.0
2005-08-01,29.17,29.17,29.1,29.1,14.7295816887,200,0.0000,1.0
2005-07-29,29.51,29.95,29.49,29.5,14.9320501655,6467,0.0000,1.0
2005-07-28,28.8,29.75,28.8,29.7,15.033284404,3400,0.0000,1.0
2005-07-27,29.03,29.04,28.72,29.0,14.6789645695,2467,0.0000,1.0
2005-07-26,28.999,29.0,28.999,29.0,14.6789645695,400,0.0000,1.0
2005-07-25,28.75,29.2599,28.57,29.2599,14.8105184623,2067,0.0000,1.0
2005-07-22,29.04,29.04,29.02,29.02,14.6890879934,1867,0.0000,1.0
2005-07-21,28.75,29.27,28.75,29.05,14.7042731291,2600,0.0000,1.0
2005-07-20,28.6,28.6031,28.6,28.6,14.4764960927,1667,0.0000,1.0
2005-07-19,28.79,29.49,28.36,28.99,14.6739028576,2400,0.0000,1.0
2005-07-18,28.79,28.79,28.62,28.65,14.5018046523,867,0.0000,1.0
2005-07-15,28.72,29.18,28.4,29.18,14.7700753841,2667,0.0000,1.0
2005-07-14,28.71,29.07,28.0,28.5,14.4258789735,43467,0.0000,1.0
2005-07-13,29.0,29.32,28.774,29.0,14.6789645695,2867,0.0000,1.0
2005-07-12,29.5,29.5,28.55,28.95,14.6536560099,3467,0.0000,1.0
2005-07-11,29.38,29.44,29.0,29.37,14.8662479106,3467,0.0000,1.0
2005-07-08,29.28,29.99,29.0,29.17,14.7650136722,5867,0.0000,1.0
2005-07-07,29.32,30.0,29.32,30.0,15.1851357616,2067,0.0000,1.0
2005-07-06,29.1,29.5,29.1,29.5,14.9320501655,1200,0.0000,1.0
2005-07-05,28.5,29.79,28.5,29.5,14.9320501655,5800,0.0000,1.0
2005-07-01,28.5,28.97,28.25,28.97,14.6637794338,2067,0.0000,1.0
2005-06-30,28.5,28.5,28.25,28.26,14.3043978874,4600,0.0000,1.0
2005-06-29,28.57,29.0,28.25,28.5,14.4258789735,6667,0.0000,1.0
2005-06-28,29.0,29.1,28.81,28.81,14.582792043,1600,0.0000,1.0
2005-06-27,28.0,28.9,27.52,28.5,14.4258789735,17000,0.0000,1.0
2005-06-24,29.5,29.5,26.28,26.28,13.3021789271,21400,0.0000,1.0
2005-06-23,29.5,29.5,29.25,29.25,14.8055073675,600,0.0000,1.0
2005-06-22,29.77,29.8,29.5,29.5,14.9320501655,867,0.0000,1.0
2005-06-21,29.25,30.0,28.77,30.0,15.1851357616,4200,0.0000,1.0
2005-06-20,29.5,29.56,29.5,29.5,14.9320501655,600,0.0000,1.0
2005-06-17,29.5,30.0,29.41,30.0,15.1851357616,1600,0.0000,1.0
2005-06-16,30.0,30.0,29.5,29.56,14.9624204371,867,0.0000,1.0
2005-06-15,30.08,30.08,30.08,30.08,15.2256294569,0,0.0000,1.0
2005-06-14,30.06,30.08,30.06,30.08,15.2256294569,1067,0.0000,1.0
2005-06-13,29.8,30.11,29.8,30.11,15.2408145927,1800,0.0000,1.0
2005-06-10,30.1,30.21,30.1,30.21,15.2914317119,10467,0.0000,1.0
2005-06-09,30.19,30.24,29.6,29.61,14.9877289967,5800,0.0000,1.0
2005-06-08,29.701,30.19,29.7,30.19,15.2813082881,600,0.0000,1.0
2005-06-07,30.25,30.25,29.35,29.56,14.9624204371,3200,0.0000,1.0
2005-06-06,30.25,30.25,30.0,30.25,15.3116785596,3600,0.0000,1.0
2005-06-03,30.05,30.22,30.05,30.15,15.2610614404,3667,0.0000,1.0
2005-06-02,30.0,30.0,29.7,29.7,15.033284404,3600,0.0000,1.0
2005-06-01,29.6,29.91,29.6,29.91,15.1395803543,1600,0.0000,1.0
2005-05-31,29.775,29.9,29.51,29.9,15.1345186424,5600,0.0000,1.0
2005-05-27,29.75,30.0,29.75,29.8,15.0839015232,867,0.0000,1.0
2005-05-26,29.95,29.95,29.95,29.95,15.159827202,67,0.0000,1.0
2005-05-25,29.97,29.97,29.17,29.17,14.7650136722,4067,0.0000,1.0
2005-05-24,28.5,29.1,28.34,29.1,14.7295816887,467,0.0000,1.0
2005-05-23,29.19,29.4,28.65,28.65,14.5018046523,3467,0.0000,1.0
2005-05-20,29.34,29.34,28.52,29.25,14.8055073675,1400,0.0000,1.0
2005-05-19,29.47,29.47,29.47,29.47,14.9168650298,0,0.0000,1.0
2005-05-18,29.75,29.8,29.11,29.47,14.9168650298,4800,0.0000,1.0
2005-05-17,29.5,29.596,29.31,29.596,14.9806426,1467,0.1900,1.0
2005-05-16,30.0,30.0,29.99,29.99,15.0832428515,1067,0.0000,1.0
2005-05-13,29.8,29.8,29.8,29.8,14.9876837937,200,0.0000,1.0
2005-05-12,29.85,29.85,29.8,29.8,14.9876837937,867,0.0000,1.0
2005-05-11,29.27,29.27,29.27,29.27,14.7211243168,0,0.0000,1.0
2005-05-10,29.27,29.27,29.27,29.27,14.7211243168,0,0.0000,1.0
2005-05-09,29.95,30.0,29.27,29.27,14.7211243168,667,0.0000,1.0
2005-05-06,29.85,29.85,29.41,29.41,14.7915362541,667,0.0000,1.0
2005-05-05,30.5,30.5,30.5,30.5,15.3397434801,0,0.0000,1.0
2005-05-04,30.74,30.74,30.5,30.5,15.3397434801,1667,0.0000,1.0
2005-05-03,30.9,30.9,30.9,30.9,15.5409204438,0,0.0000,1.0
2005-05-02,30.9,30.9,30.09,30.9,15.5409204438,467,0.0000,1.0
2005-04-29,30.9,30.9,30.5,30.89,15.5358910197,3800,0.0000,1.0
2005-04-28,30.49,30.49,30.49,30.49,15.334714056,67,0.0000,1.0
2005-04-27,30.0,30.25,29.999,30.17,15.1737724851,9067,0.0000,1.0
2005-04-26,30.0,30.0,30.0,30.0,15.0882722755,267,0.0000,1.0
2005-04-25,30.05,30.05,30.0,30.0,15.0882722755,400,0.0000,1.0
2005-04-22,30.4,30.41,30.15,30.15,15.1637136369,23000,0.0000,1.0
2005-04-21,30.5,30.5,30.5,30.5,15.3397434801,600,0.0000,1.0
2005-04-20,30.5,30.5,30.5,30.5,15.3397434801,67,0.0000,1.0
2005-04-19,30.0,30.0,30.0,30.0,15.0882722755,0,0.0000,1.0
2005-04-18,30.0,30.0,30.0,30.0,15.0882722755,400,0.0000,1.0
2005-04-15,30.07,30.9,30.07,30.9,15.5409204438,800,0.0000,1.0
2005-04-14,31.94,31.94,30.35,30.46,15.3196257838,2200,0.0000,1.0
2005-04-13,31.0,31.0,30.84,30.84,15.5107438993,2600,0.0000,1.0
2005-04-12,32.0,32.0,31.01,31.45,15.8175387689,6867,0.0000,1.0
2005-04-11,32.0,32.0,31.46,31.54,15.8628035857,1400,0.0000,1.0
2005-04-08,31.95,32.0,31.6,31.8,15.9935686121,1400,0.0000,1.0
2005-04-07,31.8,31.8,31.19,31.3,15.7420974075,1067,0.0000,1.0
2005-04-06,30.69,30.69,30.69,30.69,15.4353025379,67,0.0000,1.0
2005-04-05,30.5,30.7,30.11,30.69,15.4353025379,2067,0.0000,1.0
2005-04-04,31.08,31.08,30.55,30.55,15.3648906006,400,0.0000,1.0
2005-04-01,31.0,31.0,31.0,31.0,15.5912146847,67,0.0000,1.0
2005-03-31,31.5,31.5,31.1,31.1,15.6415089257,1400,0.0000,1.0
2005-03-30,32.25,32.25,31.9,31.9,16.043862853,467,0.0000,1.0
2005-03-29,32.12,32.12,32.12,32.12,16.154510183,0,0.0000,1.0
2005-03-28,32.6,32.6,32.12,32.12,16.154510183,267,0.0000,1.0
2005-03-24,32.6,32.6,32.6,32.6,16.3959225394,0,0.0000,1.0
2005-03-23,32.54,32.6,32.11,32.6,16.3959225394,23067,0.0000,1.0
2005-03-22,33.0,33.0,33.0,33.0,16.5970995031,0,0.0000,1.0
2005-03-21,32.5,33.31,32.5,33.0,16.5970995031,2000,0.0000,1.0
2005-03-18,33.11,33.11,33.11,33.11,16.6524231681,67,0.0000,1.0
2005-03-17,32.101,32.101,32.101,32.101,16.1449542772,67,0.0000,1.0
2005-03-16,32.35,32.93,32.35,32.61,16.4009519635,3867,0.0000,1.0
2005-03-15,32.65,32.65,32.31,32.32,16.2550986649,600,0.0000,1.0
2005-03-14,33.3,33.3,32.62,32.62,16.4059813876,4800,0.0000,1.0
2005-03-11,33.97,33.97,33.4,33.58,16.8888061004,24267,0.0000,1.0
2005-03-10,33.31,33.31,33.31,33.31,16.75301165,200,0.0000,1.0
2005-03-09,33.3,33.74,33.3,33.74,16.9692768859,2267,0.0000,1.0
2005-03-08,33.35,33.35,33.35,33.35,16.7731293463,0,0.0000,1.0
2005-03-07,33.301,33.346,33.3,33.346,16.7711175767,2467,0.0000,1.0
2005-03-04,34.0,34.0,34.0,34.0,17.1000419123,0,0.0000,1.0
2005-03-03,33.71,34.0,33.71,34.0,17.1000419123,600,0.0000,1.0
2005-03-02,33.46,33.49,33.25,33.49,16.8435412836,2000,0.0000,1.0
2005-03-01,33.99,33.99,33.99,33.99,17.0950124882,200,0.0000,1.0
2005-02-28,34.0,34.0,34.0,34.0,17.1000419123,0,0.0000,1.0
2005-02-25,34.0,34.0,34.0,34.0,17.1000419123,0,0.0000,1.0
2005-02-24,34.0,34.0,34.0,34.0,17.1000419123,2667,0.0000,1.0
2005-02-23,34.0,34.24,34.0,34.24,17.2207480905,2000,0.0000,1.0
2005-02-22,34.0,34.0,34.0,34.0,17.1000419123,5267,0.0000,1.0
2005-02-18,34.01,34.01,34.01,34.01,17.1050713364,0,0.0000,1.0
2005-02-17,34.01,34.14,34.01,34.01,17.1050713364,400,0.0000,1.0
2005-02-16,34.12,34.14,34.12,34.12,17.1603950014,200,0.0000,1.0
2005-02-15,34.25,34.25,34.11,34.11,17.1553655773,2400,0.0000,1.0
2005-02-14,34.22,34.26,34.21,34.25,17.2257775146,3800,0.0000,1.0
2005-02-11,34.0,34.0,34.0,34.0,17.1000419123,67,0.0000,1.0
2005-02-10,34.69,34.69,34.69,34.69,17.4470721746,0,0.1900,1.0
2005-02-09,34.686,34.686,34.686,34.686,17.3500328397,67,0.0000,1.0
2005-02-08,34.85,34.87,34.62,34.829,17.421561834,2467,0.0000,1.0
2005-02-07,34.989,34.989,34.989,34.989,17.5015942752,200,0.0000,1.0
2005-02-04,34.93,34.93,34.93,34.93,17.4720823125,67,0.0000,1.0
2005-02-03,34.95,34.95,34.6,34.68,17.3470316232,2267,0.0000,1.0
2005-02-02,34.17,34.34,34.15,34.34,17.1769626857,1200,0.0000,1.0
2005-02-01,34.42,34.42,34.2,34.375,17.1944697822,1200,0.0000,1.0
2005-01-31,34.95,34.95,34.95,34.95,17.4820863676,1467,0.0000,1.0
2005-01-28,34.67,34.67,34.67,34.67,17.3420295956,600,0.0000,1.0
2005-01-27,34.0,34.5,34.0,34.5,17.2569951269,2000,0.0000,1.0
2005-01-26,34.489,34.489,34.0,34.0,17.0068937482,4200,0.0000,1.0
2005-01-25,34.166,34.166,34.0,34.01,17.0118957758,1600,0.0000,1.0
2005-01-24,33.05,34.09,33.05,33.38,16.6967680387,2000,0.0000,1.0
2005-01-21,33.25,34.1,33.25,34.1,17.0569140239,2067,0.0000,1.0
2005-01-20,33.41,33.71,33.41,33.57,16.7918065626,1667,0.0000,1.0
2005-01-19,34.0,34.0,33.66,33.8,16.9068531967,3000,0.0000,1.0
2005-01-18,33.5,34.5,33.25,34.5,17.2569951269,1600,0.0000,1.0
2005-01-14,34.5,34.5,33.26,34.05,17.0319038861,9800,0.0000,1.0
2005-01-13,35.15,35.15,34.83,34.83,17.4220620368,467,0.0000,1.0
2005-01-12,34.84,35.15,34.84,35.15,17.5821269191,1400,0.0000,1.0
2005-01-11,35.0,35.44,34.48,34.9,17.4570762298,7600,0.0000,1.0
2005-01-10,34.77,35.41,34.71,35.41,17.712179636,1867,0.0000,1.0
2005-01-07,35.75,35.75,34.809,34.82,17.4170600092,4400,0.0000,1.0
2005-01-06,34.9,35.75,34.9,35.75,17.8822485735,7800,0.0000,1.0
2005-01-05,34.9,35.45,34.9,35.111,17.5626190116,2467,0.0000,1.0
2005-01-04,35.6,35.6,34.7,35.0,17.5070965055,8600,0.0000,1.0
2005-01-03,35.9,35.99,35.48,35.81,17.9122607389,1267,0.0000,1.0
2004-12-31,36.5,36.5,35.5,36.29,18.1523580624,5267,0.0000,1.0
2004-12-30,36.39,36.4,36.39,36.4,18.2073803657,1200,0.0000,1.0
2004-12-29,36.4,36.4,36.21,36.4,18.2073803657,1667,0.0000,1.0
2004-12-28,36.4,36.45,36.35,36.35,18.1823702279,3067,0.0000,1.0
2004-12-27,36.61,36.61,36.34,36.35,18.1823702279,1267,0.0000,1.0
2004-12-23,37.0,37.28,36.11,36.46,18.2373925312,20000,0.0000,1.0
2004-12-22,35.12,37.5,35.12,37.01,18.5125040477,49267,0.0000,1.0
2004-12-21,35.899,36.0,34.95,36.0,18.0072992628,4400,0.0000,1.0
2004-12-20,33.35,35.72,33.08,35.43,17.7221836911,18000,0.0000,1.0
2004-12-17,33.149,33.15,32.66,33.15,16.5817214045,1467,0.0000,1.0
2004-12-16,33.0,33.0,32.86,32.999,16.5061907881,1200,0.0000,1.0
2004-12-15,33.05,33.05,33.0,33.0,16.5066909909,267,0.0000,1.0
2004-12-14,32.95,33.0,32.81,32.81,16.411652467,2667,0.0000,1.0
2004-12-13,33.25,33.25,33.0,33.0,16.5066909909,467,0.0000,1.0
2004-12-10,33.0,33.25,32.844,33.25,16.6317416802,1067,0.0000,1.0
2004-12-09,32.68,33.0,32.54,33.0,16.5066909909,800,0.0000,1.0
2004-12-08,32.9,33.0,32.85,32.87,16.4416646325,1600,0.0000,1.0
2004-12-07,32.107,32.51,32.107,32.41,16.2115713641,6867,0.0000,1.0
2004-12-06,32.01,32.59,32.01,32.59,16.3016078604,2600,0.0000,1.0
2004-12-03,32.6,32.6,32.01,32.01,16.0114902612,667,0.0000,1.0
2004-12-02,32.05,32.5,31.55,32.0,16.0064882336,6400,0.0000,1.0
2004-12-01,31.5,32.88,31.5,32.5,16.2565896123,12467,0.0000,1.0
2004-11-30,31.45,31.86,31.25,31.86,15.9364598476,12000,0.0000,1.0
2004-11-29,31.7,31.7,31.4,31.5,15.756386855,2000,0.0000,1.0
2004-11-26,31.0,31.0,31.0,31.0,15.5062854763,467,0.0000,1.0
2004-11-24,31.7,31.7,31.7,31.7,15.8564274064,400,0.0000,1.0
2004-11-23,31.5,31.5,31.5,31.5,15.756386855,200,0.0000,1.0
2004-11-22,30.51,30.51,30.51,30.51,15.2611861252,1000,0.0000,1.0
2004-11-19,31.25,31.5,30.51,31.5,15.756386855,3000,0.0000,1.0
2004-11-18,31.0,31.0,30.77,30.77,15.3912388421,867,0.0000,1.0
2004-11-17,31.21,31.49,31.0,31.399,15.7058663765,2400,0.0000,1.0
2004-11-16,31.03,31.2,30.54,31.2,15.6063260278,2067,0.0000,1.0
2004-11-15,30.83,31.85,30.39,31.59,15.8014051031,2400,0.0000,1.0
2004-11-12,29.9,30.83,29.271,30.32,15.1661476013,2600,0.0000,1.0
2004-11-11,29.06,29.63,29.06,29.62,14.8160056712,2867,0.0000,1.0
2004-11-10,29.58,29.9,29.49,29.67,14.8410158091,2600,0.1800,1.0
2004-11-09,29.45,29.45,29.05,29.09,14.4631541001,867,0.0000,1.0
2004-11-08,29.05,29.21,29.05,29.1,14.4681259646,1200,0.0000,1.0
2004-11-05,29.05,29.22,29.05,29.22,14.5277883398,1067,0.0000,1.0
2004-11-04,29.05,29.44,29.05,29.05,14.4432666417,4067,0.0000,1.0
2004-11-03,29.2,29.22,29.2,29.2,14.5178446106,4800,0.0000,1.0
2004-11-02,29.05,29.35,29.05,29.35,14.5924225795,267,0.0000,1.0
2004-11-01,29.05,29.05,29.05,29.05,14.4432666417,1800,0.0000,1.0
2004-10-29,29.05,29.05,29.05,29.05,14.4432666417,0,0.0000,1.0
2004-10-28,29.05,29.05,29.05,29.05,14.4432666417,0,0.0000,1.0
2004-10-27,29.05,29.05,29.05,29.05,14.4432666417,267,0.0000,1.0
2004-10-26,29.05,29.05,29.05,29.05,14.4432666417,67,0.0000,1.0
2004-10-25,30.0,30.0,29.05,29.05,14.4432666417,5267,0.0000,1.0
2004-10-22,30.22,30.22,30.01,30.01,14.9205656426,667,0.0000,1.0
2004-10-21,30.02,30.22,30.02,30.22,15.024974799,400,0.0000,1.0
2004-10-20,30.0,30.45,30.0,30.02,14.9255375072,1667,0.0000,1.0
2004-10-19,30.3,30.4,30.01,30.16,14.9951436115,1400,0.0000,1.0
2004-10-18,29.78,30.27,29.78,30.27,15.049834122,1200,0.0000,1.0
2004-10-15,29.6,29.89,29.6,29.89,14.8609032675,267,0.0000,1.0
2004-10-14,30.3,30.3,30.3,30.3,15.0647497158,0,0.0000,1.0
2004-10-13,30.3,30.3,30.3,30.3,15.0647497158,67,0.0000,1.0
2004-10-12,29.75,30.11,29.75,30.11,14.9702842885,1067,0.0000,1.0
2004-10-11,30.0,30.35,30.0,30.35,15.0896090387,800,0.0000,1.0
2004-10-08,30.0,30.0,29.5,30.0,14.915593778,7867,0.0000,1.0
2004-10-07,30.25,30.39,29.85,30.12,14.9752561531,2667,0.0000,1.0
2004-10-06,30.0,30.18,29.98,30.18,15.0050873407,2667,0.0000,1.0
2004-10-05,30.0,30.0,29.67,29.67,14.7515222464,267,0.0000,1.0
2004-10-04,29.75,30.0,29.36,29.7,14.7664378402,4267,0.0000,1.0
2004-10-01,29.0,29.7,28.9,29.4,14.6172819024,4000,0.0000,1.0
2004-09-30,29.07,29.44,28.8,29.06,14.4482385063,4467,0.0000,1.0
2004-09-29,29.61,29.64,29.12,29.63,14.7316347881,667,0.0000,1.0
2004-09-28,29.63,29.63,29.61,29.61,14.7216910589,800,0.0000,1.0
2004-09-27,28.8,29.39,28.8,29.39,14.6123100378,1267,0.0000,1.0
2004-09-24,29.25,29.6,28.73,29.18,14.5079008814,11667,0.0000,1.0
2004-09-23,29.0,29.25,28.75,29.25,14.5427039335,267,0.0000,1.0
2004-09-22,29.37,29.46,29.0,29.46,14.64711309,2467,0.0000,1.0
2004-09-21,29.15,29.95,29.0,29.4,14.6172819024,2000,0.0000,1.0
2004-09-20,28.81,28.81,28.81,28.81,14.3239418915,467,0.0000,1.0
2004-09-17,29.49,29.49,29.01,29.01,14.4233791833,667,0.0000,1.0
2004-09-16,28.85,28.926,28.71,28.81,14.3239418915,2667,0.0000,1.0
2004-09-15,29.25,29.25,29.22,29.22,14.5277883398,267,0.0000,1.0
2004-09-14,29.7,29.7,29.7,29.7,14.7664378402,0,0.0000,1.0
2004-09-13,29.729,29.729,28.67,29.7,14.7664378402,2600,0.0000,1.0
2004-09-10,29.26,29.32,29.25,29.3,14.5675632565,3200,0.0000,1.0
2004-09-09,29.27,29.7,28.87,29.4,14.6172819024,1467,0.0000,1.0
2004-09-08,29.5,29.5,29.26,29.44,14.6371693608,867,0.0000,1.0
2004-09-07,29.69,29.69,29.5,29.5,14.6670005483,1000,0.0000,1.0
2004-09-03,29.0,29.63,29.0,29.0,14.4184073187,1200,0.0000,1.0
2004-09-02,28.84,29.0,28.78,29.0,14.4184073187,2000,0.0000,1.0
2004-09-01,28.65,29.5,28.65,29.5,14.6670005483,3267,0.0000,1.0
2004-08-31,28.69,28.69,28.69,28.69,14.2642795163,0,0.0000,1.0
2004-08-30,29.5,29.5,28.69,28.69,14.2642795163,2467,0.0000,1.0
2004-08-27,29.0,29.0,29.0,29.0,14.4184073187,67,0.0000,1.0
2004-08-26,29.2,29.2,28.75,29.0,14.4184073187,800,0.0000,1.0
2004-08-25,28.76,29.2,28.76,29.19,14.512872746,2667,0.0000,1.0
2004-08-24,29.0,29.0,28.65,28.75,14.2941107039,667,0.0000,1.0
2004-08-23,28.98,29.02,28.7,29.02,14.4283510479,2267,0.0000,1.0
2004-08-20,29.0,29.0,28.99,29.0,14.4184073187,1400,0.0000,1.0
2004-08-19,29.0,29.0,28.51,28.7,14.2692513809,2600,0.0000,1.0
2004-08-18,27.96,29.0,27.96,29.0,14.4184073187,4000,0.0000,1.0
2004-08-17,28.54,28.7,28.467,28.48,14.1598703599,5000,0.0000,1.0
2004-08-16,28.48,28.5,28.4,28.47,14.1548984953,1467,0.0000,1.0
2004-08-13,28.05,28.07,28.05,28.05,13.9460801824,267,0.0000,1.0
2004-08-12,27.99,28.16,27.99,28.06,13.951052047,2000,0.1800,1.0
2004-08-11,28.53,28.89,28.46,28.49,14.0745564029,2667,0.0000,1.0
2004-08-10,28.9,28.9,28.28,28.28,13.970812744,467,0.0000,1.0
2004-08-09,28.57,28.57,28.1,28.21,13.9362315243,600,0.0000,1.0
2004-08-06,28.6,28.6,28.6,28.6,14.1288983196,1267,0.0000,1.0
2004-08-05,28.65,28.65,28.52,28.52,14.0893769257,600,0.0000,1.0
2004-08-04,27.9,28.6,27.9,28.6,14.1288983196,3200,0.0000,1.0
2004-08-03,27.99,27.99,27.98,27.98,13.8226075168,267,0.0000,1.0
2004-08-02,28.03,28.03,28.0,28.0,13.8324878653,2000,0.0000,1.0
2004-07-30,29.5,29.5,28.11,28.13,13.8967101304,2867,0.0000,1.0
2004-07-29,28.5,28.74,28.5,28.5,14.0794965772,1800,0.0000,1.0
2004-07-28,28.37,28.37,28.37,28.37,14.0152743121,200,0.0000,1.0
2004-07-27,28.5,28.5,28.22,28.22,13.9411716985,1000,0.0000,1.0
2004-07-26,28.1,28.43,28.03,28.03,13.847308388,1600,0.0000,1.0
2004-07-23,28.6,28.68,28.6,28.6,14.1288983196,1400,0.0000,1.0
2004-07-22,28.95,28.96,28.71,28.74,14.1980607589,1467,0.0000,1.0
2004-07-21,28.4,29.34,28.4,29.09,14.3709668572,8067,0.0000,1.0
2004-07-20,29.89,29.89,27.87,28.63,14.1437188423,9867,0.0000,1.0
2004-07-19,29.25,29.73,29.2,29.52,14.5833943494,13200,0.0000,1.0
2004-07-16,29.8,29.8,29.05,29.2,14.4253087738,2067,0.0000,1.0
2004-07-15,29.25,29.59,28.95,29.59,14.6179755691,4267,0.0000,1.0
2004-07-14,29.0,29.28,28.67,29.28,14.4648301677,21000,0.0000,1.0
2004-07-13,28.64,29.2,28.64,29.17,14.4104882511,5800,0.0000,1.0
2004-07-12,27.0,28.75,27.0,28.75,14.2030009331,30667,0.0000,1.0
2004-07-09,26.7,27.35,26.7,27.35,13.5113765399,14600,0.0000,1.0
2004-07-08,26.11,26.61,26.1,26.61,13.1458036463,21467,0.0000,1.0
2004-07-07,25.48,26.19,25.48,26.19,12.9383163283,19400,0.0000,1.0
2004-07-06,25.39,25.65,25.15,25.65,12.6715469195,20867,0.0000,1.0
2004-07-02,25.68,25.68,25.14,25.25,12.47393995,9200,0.0000,1.0
2004-07-01,25.5,25.9,25.17,25.25,12.47393995,25600,0.0000,1.0
2004-06-30,26.0,26.0,25.36,25.64,12.6666067452,23800,0.0000,1.0
2004-06-29,26.0,26.48,25.83,25.86,12.7752905785,9200,0.0000,1.0
2004-06-28,27.25,27.25,25.66,26.01,12.849393192,44600,0.0000,1.0
2004-06-25,26.54,29.4,25.54,25.6,12.6468460483,214467,0.0000,1.0
2004-06-24,25.96,26.69,25.75,26.2,12.9432565025,18267,0.0000,1.0
2004-06-23,25.93,25.98,25.23,25.7,12.6962477907,28400,0.0000,1.0
2004-06-22,27.5,27.5,25.15,25.15,12.4245382076,5000,0.0000,1.0
2004-06-21,26.65,26.67,26.07,26.47,13.0766412069,3467,0.0000,1.0
2004-06-18,27.95,28.41,26.55,26.65,13.1655643432,24067,0.0000,1.0
2004-06-17,28.9,28.9,28.0,28.0,13.8324878653,2800,0.0000,1.0
2004-06-16,29.04,29.25,28.53,28.53,14.0943170999,1067,0.0000,1.0
2004-06-15,29.5,29.5,28.5,29.04,14.346265986,8267,0.0000,1.0
2004-06-14,28.5,29.15,28.09,28.89,14.2721633725,15800,0.0000,1.0
2004-06-10,29.06,29.27,28.5,28.85,14.2524026755,11867,0.0000,1.0
2004-06-09,29.27,29.73,29.06,29.06,14.3561463345,2867,0.0000,1.0
2004-06-08,29.78,29.78,29.05,29.71,14.6772576599,1667,0.0000,1.0
2004-06-07,29.06,29.92,29.06,29.73,14.6871380084,4600,0.0000,1.0
2004-06-04,29.11,29.11,29.05,29.05,14.3512061603,467,0.0000,1.0
2004-06-03,30.1,30.1,29.02,29.04,14.346265986,2867,0.0000,1.0
2004-06-02,29.67,29.67,29.29,29.29,14.469770342,1000,0.0000,1.0
2004-06-01,29.67,30.31,29.06,29.67,14.657496963,13200,0.0000,1.0
2004-05-28,29.71,29.75,29.5,29.5,14.5735140009,3067,0.0000,1.0
2004-05-27,29.75,30.07,29.75,30.07,14.8551039325,800,0.0000,1.0
2004-05-26,30.24,30.24,29.6,29.99,14.8155825386,1467,0.0000,1.0
2004-05-25,30.49,30.49,30.0,30.3,14.96872794,4467,0.0000,1.0
2004-05-24,29.555,30.34,29.5,29.99,14.8155825386,6600,0.0000,1.0
2004-05-21,29.16,29.59,29.05,29.5,14.5735140009,2800,0.0000,1.0
2004-05-20,29.5,30.12,29.05,29.15,14.4006079026,9600,0.0000,1.0
2004-05-19,30.5,30.95,29.5,29.56,14.6031550464,4000,0.0000,1.0
2004-05-18,29.92,30.48,29.92,30.46,15.0477707278,1067,0.0000,1.0
2004-05-17,29.53,30.5,29.5,30.5,15.0675314247,4267,0.0000,1.0
2004-05-14,29.8,30.28,29.5,30.24,14.9390868945,3467,0.0000,1.0
2004-05-13,29.8,30.74,29.35,30.27,14.9539074172,3267,0.1800,1.0
2004-05-12,29.52,30.27,29.51,30.25,14.8556879925,3467,0.0000,1.0
2004-05-11,29.61,29.95,29.61,29.95,14.7083588554,2067,0.0000,1.0
2004-05-10,30.0,30.0,29.6,29.6,14.5364748621,2267,0.0000,1.0
2004-05-07,29.75,30.49,29.6,29.61,14.5413858333,8067,0.0000,1.0
2004-05-06,30.14,30.7,29.53,29.75,14.6101394306,11467,0.0000,1.0
2004-05-05,30.14,30.65,30.14,30.65,15.052126842,1000,0.0000,1.0
2004-05-04,29.9,30.14,29.6,29.84,14.6543381718,11867,0.0000,1.0
2004-05-03,29.4,30.35,29.4,29.95,14.7083588554,2267,0.0000,1.0
2004-04-30,29.52,29.865,29.09,29.32,14.3989676674,3600,0.0000,1.0
2004-04-29,30.95,30.95,29.39,29.39,14.4333444661,1067,0.0000,1.0
2004-04-28,30.5,31.01,30.01,30.42,14.9391745035,3867,0.0000,1.0
2004-04-27,30.905,31.0,30.45,30.7,15.0766816982,5867,0.0000,1.0
2004-04-26,31.82,31.82,30.73,30.75,15.1012365544,1200,0.0000,1.0
2004-04-23,31.55,31.55,31.16,31.16,15.3025863751,467,0.0000,1.0
2004-04-22,31.55,31.93,31.05,31.9,15.6659982466,3600,0.0000,1.0
2004-04-21,30.94,31.7,30.67,30.95,15.1994559791,2067,0.0000,1.0
2004-04-20,31.99,32.18,31.4,31.4,15.4204496848,2667,0.0000,1.0
2004-04-19,31.7,32.06,31.45,31.99,15.7101969878,3600,0.0000,1.0
2004-04-16,30.71,32.0,30.71,31.43,15.4351825985,2400,0.0000,1.0
2004-04-15,31.38,31.4,30.66,31.02,15.2338327778,6067,0.0000,1.0
2004-04-14,31.71,31.71,30.42,30.61,15.032482957,3600,0.0000,1.0
2004-04-13,32.32,32.36,31.35,31.47,15.4548264834,3600,0.0000,1.0
2004-04-12,32.29,32.65,31.32,31.53,15.4842923109,4600,0.0000,1.0
2004-04-08,32.87,32.87,32.26,32.5,15.9606565209,3267,0.0000,1.0
2004-04-07,32.495,32.83,31.66,31.66,15.5481349369,3067,0.0000,1.0
2004-04-06,32.65,32.97,31.55,31.55,15.4941142533,4867,0.0000,1.0
2004-04-05,32.2,32.73,32.0,32.72,16.0686978881,8067,0.0000,1.0
2004-04-02,32.74,32.74,32.12,32.28,15.8526151536,4867,0.0000,1.0
2004-04-01,32.06,32.74,32.05,32.7,16.0588759456,800,0.0000,1.0
2004-03-31,32.5,32.6,32.06,32.6,16.0097662332,3600,0.0000,1.0
2004-03-30,32.67,32.67,32.29,32.66,16.0392320607,1067,0.0000,1.0
2004-03-29,32.25,32.81,32.25,32.67,16.0441430319,1600,0.0000,1.0
2004-03-26,32.51,32.65,31.65,31.66,15.5481349369,1267,0.0000,1.0
2004-03-25,32.05,32.4,31.92,31.92,15.6758201891,8267,0.0000,1.0
2004-03-24,30.5,31.87,30.16,31.5,15.4695593971,8667,0.0000,1.0
2004-03-23,32.08,32.08,30.49,30.65,15.052126842,2400,0.0000,1.0
2004-03-22,32.3,32.3,30.32,30.32,14.8900647912,4800,0.0000,1.0
2004-03-19,32.33,32.33,31.59,31.59,15.5137581383,4000,0.0000,1.0
2004-03-18,32.965,32.965,32.4,32.679,16.048562906,5067,0.0000,1.0
2004-03-17,33.0,33.25,32.67,33.14,16.27495868,7200,0.0000,1.0
2004-03-16,33.08,33.13,32.51,32.98,16.1963831402,3667,0.0000,1.0
2004-03-15,33.255,33.33,32.6,32.98,16.1963831402,4267,0.0000,1.0
2004-03-12,32.8,33.51,32.6,33.44,16.4222878172,4667,0.0000,1.0
2004-03-11,34.1,34.31,32.52,32.93,16.1718282841,16267,0.0000,1.0
2004-03-10,35.93,35.93,34.5,34.5,16.9428507683,1800,0.0000,1.0
2004-03-09,35.77,36.0,35.15,35.15,17.2620638987,2867,0.0000,1.0
2004-03-08,36.89,37.78,36.5,37.0,18.1705935776,2600,0.0000,1.0
2004-03-05,35.8,37.35,35.8,36.23,17.7924487923,2000,0.0000,1.0
2004-03-04,36.5,37.36,36.5,37.26,18.2982788298,1667,0.0000,1.0
2004-03-03,36.3,37.3,36.05,36.35,17.8513804472,867,0.0000,1.0
2004-03-02,37.22,37.89,36.35,36.35,17.8513804472,1467,0.0000,1.0
2004-03-01,36.64,38.19,36.64,38.19,18.7549991548,1200,0.0000,1.0
2004-02-27,36.42,37.6,36.42,37.3,18.3179227147,867,0.0000,1.0
2004-02-26,37.99,37.99,37.99,37.99,18.6567797301,0,0.0000,1.0
2004-02-25,37.99,37.99,37.5,37.99,18.6567797301,467,0.0000,1.0
2004-02-24,38.0,38.0,37.07,37.633,18.4814580569,2267,0.0000,1.0
2004-02-23,36.11,37.57,36.11,37.57,18.4505189381,3667,0.0000,1.0
2004-02-20,37.475,37.88,36.15,36.9,18.1214838652,2600,0.0000,1.0
2004-02-19,37.5,37.5,37.0,37.0,18.1705935776,1600,0.0000,1.0
2004-02-18,38.11,38.11,36.97,37.15,18.2442581462,3667,0.0000,1.0
2004-02-17,36.97,36.97,36.97,36.97,18.1558606639,467,0.0000,1.0
2004-02-13,37.02,38.2,37.02,37.25,18.2933678585,2667,0.0000,1.0
2004-02-12,37.76,38.42,36.82,37.12,18.2295252324,1600,0.1800,1.0
2004-02-11,39.729,39.85,37.16,37.58,18.3663688535,2667,0.0000,1.0
2004-02-10,37.93,39.45,37.93,39.45,19.2802887512,2200,0.0000,1.0
2004-02-09,37.92,38.15,37.92,37.98,18.5618597407,467,0.0000,1.0
2004-02-06,37.35,37.93,37.25,37.93,18.5374233798,2467,0.0000,1.0
2004-02-05,38.58,38.58,37.0,37.0,18.082907067,1400,0.0000,1.0
2004-02-04,37.4,37.4,37.05,37.05,18.1073434279,2867,0.0000,1.0
2004-02-03,37.36,37.4,37.36,37.4,18.2783979542,467,0.0000,1.0
2004-02-02,37.71,37.71,37.4,37.4,18.2783979542,1400,0.0000,1.0
2004-01-30,37.06,38.27,37.06,38.2,18.6693797287,1867,0.0000,1.0
2004-01-29,37.3,37.77,37.06,37.06,18.1122307001,1067,0.0000,1.0
2004-01-28,37.26,37.77,37.25,37.77,18.4592270249,1067,0.0000,1.0
2004-01-27,37.27,37.36,37.27,37.27,18.2148634159,467,0.0000,1.0
2004-01-26,37.35,37.36,37.271,37.36,18.2588488655,4000,0.0000,1.0
2004-01-23,37.35,37.3519,37.35,37.35,18.2539615933,1200,0.0000,1.0
2004-01-22,37.35,37.8,37.34,37.7,18.4250161197,1600,0.0000,1.0
2004-01-21,37.39,37.8,37.35,37.8,18.4738888415,2000,0.0000,1.0
2004-01-20,37.38,37.93,37.37,37.79,18.4690015693,2600,0.0000,1.0
2004-01-16,37.655,37.93,37.31,37.31,18.2344125046,1600,0.0000,1.0
2004-01-15,37.625,37.93,37.1,37.1,18.1317797888,867,0.0000,1.0
2004-01-14,37.94,38.0,37.27,37.63,18.3908052144,2800,0.0000,1.0
2004-01-13,37.585,37.9,37.25,37.66,18.4054670309,800,0.0000,1.0
2004-01-12,38.24,38.24,37.4,37.95,18.5471979242,1200,0.0000,1.0
2004-01-09,37.46,37.75,37.46,37.75,18.4494524806,400,0.0000,1.0
2004-01-08,38.12,38.4,38.12,38.4,18.7671251723,1067,0.0000,1.0
2004-01-07,37.35,38.19,37.31,37.31,18.2344125046,600,0.0000,1.0
2004-01-06,37.825,38.2,37.36,37.37,18.2637361377,1267,0.0000,1.0
2004-01-05,37.26,38.42,37.26,37.361,18.2593375927,867,0.0000,1.0
2004-01-02,38.25,38.25,37.22,37.22,18.190427055,400,0.0000,1.0
2003-12-31,38.12,38.94,37.22,38.09,18.6156197347,3200,0.0000,1.0
2003-12-30,39.0,39.52,38.05,39.45,19.2802887512,3800,0.0000,1.0
2003-12-29,38.685,39.29,38.685,39.0,19.0603615031,1800,0.0000,1.0
2003-12-26,38.725,38.725,38.22,38.22,18.679154273,1067,0.0000,1.0
2003-12-24,38.05,38.13,38.0,38.0,18.5716342851,2267,0.0000,1.0
2003-12-23,38.01,39.02,38.01,38.87,18.9968269647,1867,0.0000,1.0
2003-12-22,38.3,39.44,38.0,38.0,18.5716342851,2000,0.0000,1.0
2003-12-19,39.53,39.53,38.3,38.3,18.7182524505,3000,0.0000,1.0
2003-12-18,38.745,39.55,38.23,39.55,19.329161473,1200,0.0000,1.0
2003-12-17,38.525,39.25,38.05,39.25,19.1825433076,1867,0.0000,1.0
2003-12-16,38.65,39.0,38.06,38.98,19.0505869587,3600,0.0000,1.0
2003-12-15,40.0,40.15,38.3,38.3,18.7182524505,7400,0.0000,1.0
2003-12-12,39.08,40.0,38.24,39.89,19.4953287271,5600,0.0000,1.0
2003-12-11,40.0,40.0,38.08,39.98,19.5393141768,4667,0.0000,1.0
2003-12-10,39.26,39.95,39.25,39.25,19.1825433076,1467,0.0000,1.0
2003-12-09,38.11,39.99,38.11,39.5,19.3047251121,3800,0.0000,1.0
2003-12-08,38.26,40.03,38.16,40.03,19.5637505377,3200,0.0000,1.0
2003-12-05,38.3,39.26,38.25,39.26,19.1874305798,3667,0.0000,1.0
2003-12-04,39.69,39.99,38.21,39.16,19.138557858,7600,0.0000,1.0
2003-12-03,41.5,42.0,40.05,40.05,19.573525082,2000,0.0000,1.0
2003-12-02,41.8,42.0,41.22,41.5,20.2821795482,3000,0.0000,1.0
2003-12-01,42.1,42.1,41.49,41.8,20.4287977136,6400,0.0000,1.0
2003-11-28,42.77,42.77,41.85,42.1,20.575415879,2667,0.0000,1.0
2003-11-26,42.7,43.24,41.77,42.939,20.9854580149,2267,0.0000,1.0
2003-11-25,42.0,42.8,42.0,42.7,20.8686522098,6600,0.0000,1.0
2003-11-24,41.4,42.61,41.4,42.45,20.7464704053,6667,0.0000,1.0
2003-11-21,42.0,42.7,41.0,41.3,20.1844341046,3867,0.0000,1.0
2003-11-20,41.25,42.0,40.61,41.25,20.1599977437,1400,0.0000,1.0
2003-11-19,39.25,42.0,38.95,42.0,20.5265431572,5400,0.0000,1.0
2003-11-18,40.42,41.43,39.35,39.899,19.4997272721,4200,0.0000,1.0
2003-11-17,42.5,42.5,40.01,41.25,20.1599977437,8600,0.0000,1.0
2003-11-14,42.87,44.0,41.34,41.81,20.4336849858,8467,0.0000,1.0
2003-11-13,43.0,43.0,41.26,42.62,20.8295540324,5200,0.1700,1.0
2003-11-12,40.35,42.17,39.83,42.17,20.5277469863,2800,0.0000,1.0
2003-11-11,40.65,40.65,39.26,39.26,19.1112010122,2800,0.0000,1.0
2003-11-10,40.5,40.5,39.65,40.49,19.7099472487,4467,0.0000,1.0
2003-11-07,40.5,40.5,39.65,39.65,19.3010473798,6400,0.0000,1.0
2003-11-06,40.5,40.5,40.41,40.5,19.7148151042,1467,0.0000,1.0
2003-11-05,38.42,40.3,38.42,40.3,19.6174579926,6067,0.0000,1.0
2003-11-04,39.8,40.0,38.4,38.4,18.6925654322,2267,0.0000,1.0
2003-11-03,37.87,39.89,37.87,39.85,19.3984044915,867,0.0000,1.0
2003-10-31,38.835,39.54,37.9,37.93,18.4637762198,1467,0.0000,1.0
2003-10-30,38.805,39.9,38.13,38.14,18.5660011871,2467,0.0000,1.0
2003-10-29,39.0,39.85,37.65,39.85,19.3984044915,3600,0.0000,1.0
2003-10-28,37.95,39.0,37.42,38.73,18.8532046663,2267,0.0000,1.0
2003-10-27,37.94,37.94,37.251,37.4,18.205779874,1000,0.0000,1.0
2003-10-24,38.175,38.63,37.15,38.63,18.8045261105,1600,0.0000,1.0
2003-10-23,37.3,37.6,37.21,37.21,18.113290618,600,0.0000,1.0
2003-10-22,38.545,38.545,37.3,37.3,18.1571013182,5067,0.0000,1.0
2003-10-21,39.76,39.76,38.01,38.46,18.7217725657,3800,0.0000,1.0
2003-10-20,39.828,39.828,38.4,39.46,19.2085581238,2000,0.0000,1.0
2003-10-17,39.98,40.0,38.64,39.25,19.1063331566,3267,0.0000,1.0
2003-10-16,39.8,39.95,38.47,39.53,19.2426331129,1400,0.0000,1.0
2003-10-15,38.55,39.99,38.55,39.18,19.0722581675,3067,0.0000,1.0
2003-10-14,39.82,40.0,38.18,39.899,19.4222569838,7267,0.0000,1.0
2003-10-13,38.19,39.98,38.19,39.9,19.4227437694,800,0.0000,1.0
2003-10-10,39.1,39.15,37.0,38.19,18.590340465,2067,0.0000,1.0
2003-10-09,38.345,39.5,37.81,39.48,19.2182938349,4267,0.0000,1.0
2003-10-08,39.74,40.0,37.05,38.98,18.9749010559,2867,0.0000,1.0
2003-10-07,39.0,40.5,37.8,40.49,19.7099472487,5200,0.0000,1.0
2003-10-06,38.25,38.97,38.19,38.97,18.9700332003,2067,0.0000,1.0
2003-10-03,37.0,38.28,37.0,38.25,18.6195475984,3400,0.0000,1.0
2003-10-02,36.88,37.3,35.77,37.0,18.0110656508,2800,0.0000,1.0
2003-10-01,35.6,37.0,35.45,37.0,18.0110656508,3467,0.0000,1.0
2003-09-30,35.05,35.99,34.4,34.59,16.8379124557,5000,0.0000,1.0
2003-09-29,35.5,36.23,35.05,35.5,17.2808873136,1267,0.0000,1.0
2003-09-26,38.55,38.55,35.95,35.95,17.4999408148,2800,0.0000,1.0
2003-09-25,39.32,39.89,37.67,37.67,18.3372119747,5000,0.0000,1.0
2003-09-24,39.14,39.9,39.14,39.7,19.3253866577,3467,0.0000,1.0
2003-09-23,39.385,40.0,39.3,39.9,19.4227437694,1467,0.0000,1.0
2003-09-22,39.45,39.73,38.56,39.42,19.1890867015,3667,0.0000,1.0
2003-09-19,38.0375,40.59,38.0375,40.0,19.4714223252,6867,0.0000,1.0
2003-09-18,37.8,38.84,36.26,38.5,18.741243988,3067,0.0000,1.0
2003-09-17,36.51,37.62,36.22,37.62,18.3128726968,2867,0.0000,1.0
2003-09-16,36.99,37.25,36.29,37.24,18.1278941847,4800,0.0000,1.0
2003-09-15,36.6,36.99,35.91,36.27,17.6557121934,1067,0.0000,1.0
2003-09-12,35.52,36.51,35.12,36.51,17.7725407273,1267,0.0000,1.0
2003-09-11,36.64,36.64,34.96,35.7,17.3782444252,1400,0.0000,1.0
2003-09-10,35.27,36.89,34.96,34.96,17.0180231122,8267,0.0000,1.0
2003-09-09,35.0,35.9,35.0,35.9,17.4756015368,467,0.0000,1.0
2003-09-08,36.0,36.21,35.001,35.001,17.0379813201,3800,0.0000,1.0
2003-09-05,36.0,36.0,35.27,35.9,17.4756015368,2800,0.0000,1.0
2003-09-04,36.1,36.5,35.27,35.75,17.4025837031,3200,0.0000,1.0
2003-09-03,35.46,36.5,34.99,36.5,17.7676728717,3067,0.0000,1.0
2003-09-02,35.84,36.0,34.6,35.98,17.5145443815,2267,0.0000,1.0
2003-08-29,35.97,36.5,35.88,36.5,17.7676728717,4400,0.0000,1.0
2003-08-28,34.79,35.88,33.96,34.69,16.8865910115,2200,0.0000,1.0
2003-08-27,34.25,34.98,34.25,34.8,16.9401374229,4267,0.0000,1.0
2003-08-26,35.17,35.17,33.96,35.0,17.0374945345,2400,0.0000,1.0
2003-08-25,34.225,34.98,33.95,34.98,17.0277588234,1200,0.0000,1.0
2003-08-22,33.94,34.74,33.94,34.2,16.648066088,3800,0.0000,1.0
2003-08-21,34.98,35.0,33.96,33.96,16.5312375541,4200,0.0000,1.0
2003-08-20,34.75,34.75,34.0,34.0,16.5507089764,1867,0.0000,1.0
2003-08-19,34.75,34.97,34.27,34.75,16.915798145,6667,0.0000,1.0
2003-08-18,35.0,35.0,34.13,34.749,16.9153113594,4200,0.0000,1.0
2003-08-15,34.0,34.9,34.0,34.01,16.555576832,3267,0.0000,1.0
2003-08-14,33.0,34.0,33.0,34.0,16.5507089764,1400,0.1700,1.0
2003-08-13,32.77,33.09,32.77,33.09,16.0275961378,3400,0.0000,1.0
2003-08-12,32.01,33.09,32.01,33.09,16.0275961378,3600,0.0000,1.0
2003-08-11,32.38,32.6,31.76,32.6,15.7902579055,2267,0.0000,1.0
2003-08-08,32.69,32.69,31.58,31.75,15.378548727,2600,0.0000,1.0
2003-08-07,32.0,33.07,31.53,31.91,15.4560469253,12267,0.0000,1.0
2003-08-06,32.24,32.98,31.4,32.29,15.6401051463,2667,0.0000,1.0
2003-08-05,33.34,34.79,31.59,33.0,15.9840034013,10467,0.0000,1.0
2003-08-04,35.05,35.05,33.6,33.73,16.337588931,5200,0.0000,1.0
2003-08-01,35.4,35.4,34.21,34.99,16.9478872427,5400,0.0000,1.0
2003-07-31,35.05,35.08,34.69,35.04,16.9721054297,10200,0.0000,1.0
2003-07-30,34.935,35.05,34.935,35.05,16.9769490671,4600,0.0000,1.0
2003-07-29,34.9,35.35,34.01,35.05,16.9769490671,9467,0.0000,1.0
2003-07-28,34.9,34.9,34.61,34.89,16.8994508688,12000,0.0000,1.0
2003-07-25,34.9,34.93,34.21,34.49,16.705705373,5067,0.0000,1.0
2003-07-24,34.45,34.9,34.17,34.5,16.7105490104,7067,0.0000,1.0
2003-07-23,33.8,34.9,33.51,34.8,16.8558581322,7467,0.0000,1.0
2003-07-22,33.42,34.26,32.9799,34.1,16.5168035146,3267,0.0000,1.0
2003-07-21,33.63,33.7,32.82,33.14,16.0518143248,7400,0.0000,1.0
2003-07-18,34.17,34.17,33.63,34.09,16.5119598772,2067,0.0000,1.0
2003-07-17,34.6,34.6,34.14,34.23,16.5797708008,6800,0.0000,1.0
2003-07-16,33.96,34.75,33.599,34.55,16.7347671974,10400,0.0000,1.0
2003-07-15,33.85,34.001,33.71,33.96,16.4489925911,2067,0.0000,1.0
2003-07-14,33.49,34.33,33.25,34.33,16.6282071747,12067,0.0000,1.0
2003-07-11,32.99,32.99,32.69,32.69,15.833850642,1200,0.0000,1.0
2003-07-10,34.01,34.08,32.34,32.34,15.6643233332,13867,0.0000,1.0
2003-07-09,34.59,35.0,34.1,34.1,16.5168035146,14667,0.0000,1.0
2003-07-08,34.47,35.37,34.39,35.12,17.0108545289,14467,0.0000,1.0
2003-07-07,32.76,35.4,32.76,35.0,16.9527308801,26600,0.0000,1.0
2003-07-03,31.88,34.0,31.88,33.75,16.3472762058,7200,0.0000,1.0
2003-07-02,30.92,32.33,30.92,32.32,15.6546360584,15667,0.0000,1.0
2003-07-01,30.11,30.74,29.5,30.74,14.8893413501,17800,0.0000,1.0
2003-06-30,32.51,32.51,29.56,30.75,14.8941849875,188200,0.0000,1.0
2003-06-27,35.0,35.17,30.0,32.0,15.4996396618,30667,0.0000,1.0
2003-06-26,34.95,35.45,34.04,35.17,17.0350727158,6600,0.0000,1.0
2003-06-25,34.89,35.5,33.74,34.95,16.9285126932,28267,0.0000,1.0
2003-06-24,32.92,35.32,32.399,34.22,16.5749271634,14200,0.0000,1.0
2003-06-23,30.63,34.0,30.63,32.18,15.5868251349,11067,0.0000,1.0
2003-06-20,31.54,31.93,30.62,31.66,15.3349559904,10067,0.0000,1.0
2003-06-19,33.4,33.8,31.51,31.51,15.2623014295,13400,0.0000,1.0
2003-06-18,31.76,33.318,31.76,33.318,16.1380310704,5067,0.0000,1.0
2003-06-17,31.76,33.08,31.75,32.14,15.5674505854,4267,0.0000,1.0
2003-06-16,32.77,33.12,31.56,31.56,15.2865196165,9067,0.0000,1.0
2003-06-13,32.0,32.64,31.6,31.96,15.4802651123,11800,0.0000,1.0
2003-06-12,31.55,31.95,31.55,31.83,15.4172978261,3067,0.0000,1.0
2003-06-11,31.87,32.0,31.491,31.51,15.2623014295,3267,0.0000,1.0
2003-06-10,30.2,31.7,30.2,31.5,15.2574577921,3400,0.0000,1.0
2003-06-09,30.32,30.9,30.32,30.81,14.9232468119,3267,0.0000,1.0
2003-06-06,29.9,29.9,29.52,29.84,14.4534139847,1067,0.0000,1.0
2003-06-05,29.58,30.4,29.476,30.13,14.5938794691,3000,0.0000,1.0
2003-06-04,30.5,30.69,29.8,29.8,14.4340394351,3800,0.0000,1.0
2003-06-03,31.24,31.45,30.6,31.35,15.1848032312,3267,0.0000,1.0
2003-06-02,31.0,31.5,31.0,31.45,15.2332396051,2067,0.0000,1.0
2003-05-30,30.7,31.6,29.97,31.389,15.203693417,7200,0.0000,1.0
2003-05-29,30.9,30.9,30.42,30.85,14.9426213615,3400,0.0000,1.0
2003-05-28,30.41,31.34,28.0,30.58,14.8118431518,43600,0.0000,1.0
2003-05-27,31.4,31.4,30.41,30.52,14.7827813275,5867,0.0000,1.0
2003-05-23,31.0,31.24,30.48,30.72,14.8796540754,6600,0.0000,1.0
2003-05-22,31.85,31.9,31.0,31.001,15.0157602861,7667,0.0000,1.0
2003-05-21,32.26,32.42,31.821,31.87,15.4366723757,5667,0.0000,1.0
2003-05-20,33.4,33.4,31.8,31.82,15.4124541887,5467,0.0000,1.0
2003-05-19,33.94,34.0,33.4,33.4,16.177748897,1400,0.0000,1.0
2003-05-16,33.8,34.42,33.5,33.84,16.3908689424,1800,0.0000,1.0
2003-05-15,35.0,35.0,33.8,33.9,16.4199307668,5267,0.1700,1.0
2003-05-14,35.55,35.6,35.25,35.26,16.9934475737,6800,0.0000,1.0
2003-05-13,35.25,35.68,35.25,35.57,17.1428511116,3067,0.0000,1.0
2003-05-12,35.25,35.7,35.25,35.62,17.1669484565,1867,0.0000,1.0
2003-05-09,36.05,36.05,35.33,35.67,17.1910458013,4867,0.0000,1.0
2003-05-08,34.98,36.2,34.98,35.57,17.1428511116,24867,0.0000,1.0
2003-05-07,34.4,35.25,34.25,34.98,16.8585024426,9000,0.0000,1.0
2003-05-06,35.95,35.95,35.22,35.22,16.9741696978,3067,0.0000,1.0
2003-05-05,36.45,36.5,35.75,35.95,17.3259909323,3800,0.0000,1.0
2003-05-02,36.39,36.4,35.78,35.8,17.2536988978,1000,0.0000,1.0
2003-05-01,36.25,36.4,35.75,35.75,17.229601553,2667,0.0000,1.0
2003-04-30,36.5,36.5,36.0,36.41,17.5476865048,3067,0.0000,1.0
2003-04-29,36.21,36.45,36.04,36.05,17.374185622,467,0.0000,1.0
2003-04-28,35.75,36.49,35.75,36.04,17.369366153,3000,0.0000,1.0
2003-04-25,36.09,36.3,35.94,35.98,17.3404493392,1600,0.0000,1.0
2003-04-24,35.8,36.4,35.8,36.32,17.5043112841,9600,0.0000,1.0
2003-04-23,35.15,35.9,35.15,35.8,17.2536988978,11400,0.0000,1.0
2003-04-22,35.05,35.1,34.72,35.1,16.9163360702,667,0.0000,1.0
2003-04-21,34.91,35.07,34.4,34.4,16.5789732426,4200,0.0000,1.0
2003-04-17,36.04,36.04,34.6,34.6,16.6753626219,6400,0.0000,1.0
2003-04-16,35.95,36.05,35.46,36.03,17.3645466841,1467,0.0000,1.0
2003-04-15,36.35,36.35,35.66,35.96,17.3308104013,3667,0.0000,1.0
2003-04-14,36.0,36.07,35.56,35.83,17.2681573047,5400,0.0000,1.0
2003-04-11,35.96,36.2,35.96,36.2,17.4464776565,4600,0.0000,1.0
2003-04-10,36.235,36.5,36.235,36.5,17.5910617255,3667,0.0000,1.0
2003-04-09,35.5,36.5,35.5,36.5,17.5910617255,2200,0.0000,1.0
2003-04-08,36.5,36.5,35.9,36.0,17.3500882772,3467,0.0000,1.0
2003-04-07,36.5,36.5,36.44,36.5,17.5910617255,12467,0.0000,1.0
2003-04-04,36.35,36.61,36.35,36.5,17.5910617255,11400,0.0000,1.0
2003-04-03,35.56,36.35,35.08,36.25,17.4705750013,12467,0.0000,1.0
2003-04-02,35.2,35.5,35.19,35.5,17.1091148289,3400,0.0000,1.0
2003-04-01,35.07,35.5,34.5,35.0,16.8681413806,3200,0.0000,1.0
2003-03-31,35.65,35.7,35.0,35.48,17.0994758909,8067,0.0000,1.0
2003-03-28,35.0,35.65,34.8,35.65,17.1814068634,3800,0.0000,1.0
2003-03-27,34.3,35.0,34.1,35.0,16.8681413806,6067,0.0000,1.0
2003-03-26,33.95,34.3,32.4,34.01,16.391013953,8467,0.0000,1.0
2003-03-25,33.5,34.0,32.4,33.9,16.3379997943,6200,0.0000,1.0
2003-03-24,34.0,34.0,33.7,33.95,16.3620971392,1267,0.0000,1.0
2003-03-21,34.0,34.0,33.5,33.75,16.2657077598,2200,0.0000,1.0
2003-03-20,34.2,35.74,34.0,34.0,16.386194484,9667,0.0000,1.0
2003-03-19,33.4,34.04,32.6,34.04,16.4054723599,4667,0.0000,1.0
2003-03-18,33.45,33.5,33.19,33.4,16.097026346,6467,0.0000,1.0
2003-03-17,33.2,33.4,32.94,33.4,16.097026346,3467,0.0000,1.0
2003-03-14,33.02,33.25,32.5,33.18,15.9909980288,6200,0.0000,1.0
2003-03-13,33.25,33.25,33.04,33.15,15.9765396219,3267,0.0000,1.0
2003-03-12,32.6,33.35,32.6,33.35,16.0729290012,4667,0.0000,1.0
2003-03-11,33.05,33.05,32.67,32.75,15.7837608633,4000,0.0000,1.0
2003-03-10,33.24,33.35,33.02,33.35,16.0729290012,2867,0.0000,1.0
2003-03-07,32.5,33.25,32.5,33.14,15.9717201529,21267,0.0000,1.0
2003-03-06,32.5,32.5,32.4,32.5,15.6632741391,3200,0.0000,1.0
2003-03-05,32.48,32.75,32.4,32.49,15.6584546701,5400,0.0000,1.0
2003-03-04,32.02,32.75,32.02,32.49,15.6584546701,1600,0.0000,1.0
2003-03-03,31.45,32.95,31.19,32.95,15.8801502426,6267,0.0000,1.0
2003-02-28,31.72,31.95,31.28,31.37,15.118674146,2867,0.0000,1.0
2003-02-27,32.46,32.48,30.7,30.97,14.9258953873,6667,0.0000,1.0
2003-02-26,33.0,33.0,32.15,32.99,15.8994281184,6667,0.0000,1.0
2003-02-25,33.06,33.2,32.93,33.2,16.0006369667,1467,0.0000,1.0
2003-02-24,33.9,33.98,32.25,33.0,15.9042475874,8400,0.0000,1.0
2003-02-21,31.0,33.5,31.0,33.5,16.1452210357,12800,0.0000,1.0
2003-02-20,30.0,31.25,29.74,31.01,14.9451732632,15467,0.0000,1.0
2003-02-19,29.93,30.11,29.93,30.11,14.5114210563,1867,0.0000,1.0
2003-02-18,29.5,29.9,29.37,29.9,14.410212208,2067,0.0000,1.0
2003-02-14,29.15,29.5,29.07,29.4,14.1692387597,1400,0.0000,1.0
2003-02-13,27.96,29.0,27.9,29.0,13.9764600011,2267,0.0000,1.0
2003-02-12,28.12,28.25,27.91,28.25,13.6149998286,467,0.1500,1.0
2003-02-11,27.8,27.85,27.61,27.7,13.2794188469,2000,0.0000,1.0
2003-02-10,27.21,27.7,27.05,27.7,13.2794188469,2267,0.0000,1.0
2003-02-07,28.21,28.8,27.45,27.45,13.1595684963,4400,0.0000,1.0
2003-02-06,28.81,28.81,28.26,28.26,13.5478836323,2267,0.0000,1.0
2003-02-05,29.0,29.09,28.65,28.82,13.8163484176,1800,0.0000,1.0
2003-02-04,28.5,29.0,28.5,28.8,13.8067603896,2800,0.0000,1.0
2003-02-03,28.5,28.5,28.21,28.21,13.5239135622,600,0.0000,1.0
2003-01-31,28.34,28.75,28.19,28.19,13.5143255341,2200,0.0000,1.0
2003-01-30,28.22,28.27,28.2,28.27,13.5526776463,1800,0.0000,1.0
2003-01-29,28.5,28.51,28.39,28.49,13.6581459548,267,0.0000,1.0
2003-01-28,28.5,28.51,28.39,28.49,13.6581459548,3200,0.0000,1.0
2003-01-27,28.4,28.5,28.32,28.32,13.5766477164,2467,0.0000,1.0
2003-01-24,28.1,28.39,27.98,28.39,13.6102058146,5267,0.0000,1.0
2003-01-23,27.65,28.19,27.65,28.18,13.5095315201,1600,0.0000,1.0
2003-01-22,27.66,27.89,27.65,27.89,13.3705051134,867,0.0000,1.0
2003-01-21,27.84,28.2,27.78,27.78,13.3177709591,667,0.0000,1.0
2003-01-17,28.25,28.25,27.76,28.1,13.4711794079,10267,0.0000,1.0
2003-01-16,28.0,28.5,28.0,28.35,13.5910297585,4800,0.0000,1.0
2003-01-15,27.75,28.5,27.75,28.5,13.6629399689,4667,0.0000,1.0
2003-01-14,27.04,28.0,26.54,27.77,13.3129769451,6400,0.0000,1.0
2003-01-13,26.25,28.0,26.25,27.37,13.1212163841,7400,0.0000,1.0
2003-01-10,25.5,26.25,25.5,26.25,12.5842868134,3200,0.0000,1.0
2003-01-09,24.42,25.41,24.42,25.41,12.1815896354,7067,0.0000,1.0
2003-01-08,24.49,24.5,24.44,24.5,11.7453343592,2867,0.0000,1.0
2003-01-07,24.25,24.49,24.25,24.49,11.7405403452,800,0.0000,1.0
2003-01-06,24.19,24.2,24.03,24.03,11.5200157001,1400,0.0000,1.0
2003-01-03,23.78,24.2,23.78,24.2,11.6015139385,1467,0.0000,1.0
2003-01-02,23.6,23.62,23.6,23.62,11.3234611251,600,0.0000,1.0
2002-12-31,23.3,23.53,23.3,23.45,11.2419628867,1867,0.0000,1.0
2002-12-30,23.25,23.25,23.25,23.25,11.1460826062,0,0.0000,1.0
2002-12-27,23.25,23.25,23.25,23.25,11.1460826062,67,0.0000,1.0
2002-12-26,23.48,23.48,23.3,23.3,11.1700526763,400,0.0000,1.0
2002-12-24,23.37,23.37,23.37,23.37,11.2036107745,0,0.0000,1.0
2002-12-23,23.38,23.38,23.37,23.37,11.2036107745,2600,0.0000,1.0
2002-12-20,23.4,23.49,23.4,23.49,11.2611389427,267,0.0000,1.0
2002-12-19,23.27,23.27,23.27,23.27,11.1556706342,0,0.0000,1.0
2002-12-18,23.25,23.35,23.25,23.27,11.1556706342,867,0.0000,1.0
2002-12-17,23.03,23.03,23.03,23.03,11.0406142976,5000,0.0000,1.0
2002-12-16,23.0,23.25,23.0,23.25,11.1460826062,800,0.0000,1.0
2002-12-13,22.71,22.71,22.71,22.71,10.8872058489,2000,0.0000,1.0
2002-12-12,22.95,22.95,22.95,22.95,11.0022621854,0,0.0000,1.0
2002-12-11,22.7,22.95,22.7,22.95,11.0022621854,400,0.0000,1.0
2002-12-10,22.7,22.7,22.7,22.7,10.8824118348,0,0.0000,1.0
2002-12-09,22.98,23.0,22.7,22.7,10.8824118348,800,0.0000,1.0
2002-12-06,22.71,22.71,22.71,22.71,10.8872058489,467,0.0000,1.0
2002-12-05,22.69,22.75,22.69,22.7,10.8824118348,3067,0.0000,1.0
2002-12-04,22.5,22.69,22.5,22.69,10.8776178208,2467,0.0000,1.0
2002-12-03,22.5,22.5,22.5,22.5,10.7865315544,0,0.0000,1.0
2002-12-02,22.5,22.5,22.5,22.5,10.7865315544,200,0.0000,1.0
2002-11-29,22.5,22.6,22.5,22.6,10.8344716946,267,0.0000,1.0
2002-11-27,22.5,22.5,22.5,22.5,10.7865315544,800,0.0000,1.0
2002-11-26,22.5,22.5,22.5,22.5,10.7865315544,467,0.0000,1.0
2002-11-25,22.5,22.5,22.5,22.5,10.7865315544,67,0.0000,1.0
2002-11-22,22.6,22.6,22.6,22.6,10.8344716946,67,0.0000,1.0
2002-11-21,22.5,22.5,22.5,22.5,10.7865315544,0,0.0000,1.0
2002-11-20,22.31,22.5,22.31,22.5,10.7865315544,1067,0.0000,1.0
2002-11-19,22.31,22.31,22.31,22.31,10.6954452879,1067,0.0000,1.0
2002-11-18,22.65,22.65,22.65,22.65,10.8584417647,0,0.0000,1.0
2002-11-15,22.65,22.65,22.65,22.65,10.8584417647,0,0.0000,1.0
2002-11-14,22.65,22.65,22.65,22.65,10.8584417647,200,0.1500,1.0
2002-11-13,22.43,22.43,22.3,22.3,10.6203180418,1200,0.0000,1.0
2002-11-12,22.69,22.69,22.69,22.69,10.8060545457,267,0.0000,1.0
2002-11-11,22.43,22.43,22.43,22.43,10.6822302098,0,0.0000,1.0
2002-11-08,22.43,22.43,22.43,22.43,10.6822302098,67,0.0000,1.0
2002-11-07,22.42,22.42,22.42,22.42,10.6774677353,0,0.0000,1.0
2002-11-06,22.42,22.42,22.42,22.42,10.6774677353,67,0.0000,1.0
2002-11-05,22.25,22.69,22.25,22.69,10.8060545457,3667,0.0000,1.0
2002-11-04,22.26,22.27,22.26,22.26,10.601268144,600,0.0000,1.0
2002-11-01,22.8,22.8,22.8,22.8,10.8584417647,0,0.0000,1.0
2002-10-31,22.8,22.8,22.8,22.8,10.8584417647,0,0.0000,1.0
2002-10-30,22.8,22.8,22.8,22.8,10.8584417647,0,0.0000,1.0
2002-10-29,22.8,22.8,22.8,22.8,10.8584417647,67,0.0000,1.0
2002-10-28,22.07,22.07,22.07,22.07,10.5107811293,0,0.0000,1.0
2002-10-25,22.07,22.07,22.07,22.07,10.5107811293,0,0.0000,1.0
2002-10-24,22.07,22.07,22.07,22.07,10.5107811293,467,0.0000,1.0
2002-10-23,22.75,22.75,22.35,22.35,10.6441304141,7200,0.0000,1.0
2002-10-22,22.75,22.75,22.0,22.01,10.4822062825,1467,0.0000,1.0
2002-10-21,21.81,21.81,21.81,21.81,10.3869567934,67,0.0000,1.0
2002-10-18,21.95,21.95,21.95,21.95,10.4536314358,200,0.0000,1.0
2002-10-17,22.4,22.4,22.1,22.1,10.5250685526,600,0.0000,1.0
2002-10-16,22.35,22.4,22.35,22.4,10.6679427864,2600,0.0000,1.0
2002-10-15,22.9,22.9,22.1,22.35,10.6441304141,2867,0.0000,1.0
2002-10-14,22.1,22.1,22.1,22.1,10.5250685526,0,0.0000,1.0
2002-10-11,22.5,22.5,22.1,22.1,10.5250685526,4867,0.0000,1.0
2002-10-10,22.95,22.95,22.5,22.5,10.715567531,6067,0.0000,1.0
2002-10-09,22.95,22.95,22.1,22.51,10.7203300054,1467,0.0000,1.0
2002-10-08,22.6,22.6,22.6,22.6,10.7631922756,0,0.0000,1.0
2002-10-07,22.6,22.6,22.6,22.6,10.7631922756,1000,0.0000,1.0
2002-10-04,22.2,22.6,22.15,22.6,10.7631922756,400,0.0000,1.0
2002-10-03,23.0,23.85,23.0,23.0,10.9536912539,2800,0.0000,1.0
2002-10-02,21.9,23.75,21.9,22.75,10.8346293924,4400,0.0000,1.0
2002-10-01,21.5,22.0,21.5,21.5,10.2393200852,3067,0.0000,1.0
2002-09-30,21.25,21.25,21.0,21.0,10.0011963622,5067,0.0000,1.0
2002-09-27,21.8,21.8,21.29,21.29,10.1393081215,400,0.0000,1.0
2002-09-26,21.1,21.2,21.1,21.15,10.0726334791,800,0.0000,1.0
2002-09-25,21.5,21.5,21.5,21.5,10.2393200852,200,0.0000,1.0
2002-09-24,21.5,21.5,21.5,21.5,10.2393200852,0,0.0000,1.0
2002-09-23,21.99,21.99,21.5,21.5,10.2393200852,600,0.0000,1.0
2002-09-20,22.0,22.0,22.0,22.0,10.4774438081,0,0.0000,1.0
2002-09-19,21.95,22.0,21.95,22.0,10.4774438081,400,0.0000,1.0
2002-09-18,21.35,21.35,21.35,21.35,10.1678829683,0,0.0000,1.0
2002-09-17,21.35,21.35,21.35,21.35,10.1678829683,267,0.0000,1.0
2002-09-16,21.21,21.95,21.2,21.95,10.4536314358,2200,0.0000,1.0
2002-09-13,21.6,21.6,21.6,21.6,10.2869448297,200,0.0000,1.0
2002-09-12,21.6,21.6,21.2,21.4,10.1916953406,3667,0.0000,1.0
2002-09-11,21.2,21.6,21.2,21.6,10.2869448297,2400,0.0000,1.0
2002-09-10,21.05,21.2,21.05,21.2,10.0964458514,600,0.0000,1.0
2002-09-09,21.06,21.6,21.06,21.6,10.2869448297,2267,0.0000,1.0
2002-09-06,21.6,21.6,21.05,21.05,10.0250087345,267,0.0000,1.0
2002-09-05,21.05,21.05,21.05,21.05,10.0250087345,0,0.0000,1.0
2002-09-04,21.05,21.05,21.05,21.05,10.0250087345,1000,0.0000,1.0
2002-09-03,21.25,21.61,21.05,21.05,10.0250087345,7200,0.0000,1.0
2002-08-30,21.61,21.61,21.61,21.61,10.2917073042,0,0.0000,1.0
2002-08-29,21.61,21.61,21.61,21.61,10.2917073042,0,0.0000,1.0
2002-08-28,21.37,21.61,21.0,21.61,10.2917073042,1600,0.0000,1.0
2002-08-27,21.25,21.5,21.25,21.5,10.2393200852,400,0.0000,1.0
2002-08-26,20.75,20.99,20.75,20.99,9.99643388778,267,0.0000,1.0
2002-08-23,20.5,20.5,20.25,20.25,9.64401077787,1600,0.0000,1.0
2002-08-22,20.17,20.5,20.17,20.5,9.76307263933,3800,0.0000,1.0
2002-08-21,20.35,20.35,20.35,20.35,9.69163552246,67,0.0000,1.0
2002-08-20,20.25,20.25,20.25,20.25,9.64401077787,267,0.0000,1.0
2002-08-19,20.4,20.4,20.25,20.25,9.64401077787,2200,0.0000,1.0
2002-08-16,20.0,20.25,20.0,20.15,9.59638603329,1067,0.0000,1.0
2002-08-15,20.0,20.45,20.0,20.4,9.71544789475,2800,0.1500,1.0
2002-08-14,20.1,20.39,20.0,20.39,9.63980450481,4000,0.0000,1.0
2002-08-13,20.07,20.07,19.75,19.75,9.33723094507,1000,0.0000,1.0
2002-08-12,20.0,20.0,20.0,20.0,9.45542374185,1000,0.0000,1.0
2002-08-09,19.75,19.75,19.55,19.55,9.24267670766,1000,0.0000,1.0
2002-08-08,20.35,20.35,20.35,20.35,9.62089365733,0,0.0000,1.0
2002-08-07,19.55,20.4,19.55,20.35,9.62089365733,2600,0.0000,1.0
2002-08-06,20.4,20.4,20.25,20.25,9.57361653862,867,0.0000,1.0
2002-08-05,20.05,20.05,19.55,19.55,9.24267670766,2467,0.0000,1.0
2002-08-02,20.35,20.35,20.35,20.35,9.62089365733,0,0.0000,1.0
2002-08-01,20.35,20.35,20.35,20.35,9.62089365733,0,0.0000,1.0
2002-07-31,20.35,20.35,20.35,20.35,9.62089365733,3600,0.0000,1.0
2002-07-30,20.0,20.0,20.0,20.0,9.45542374185,0,0.0000,1.0
2002-07-29,20.25,20.25,20.0,20.0,9.45542374185,1200,0.0000,1.0
2002-07-26,20.19,20.25,20.19,20.25,9.57361653862,3667,0.0000,1.0
2002-07-25,20.31,20.31,20.31,20.31,9.60198280985,67,0.0000,1.0
2002-07-24,20.55,20.55,20.31,20.31,9.60198280985,1400,0.0000,1.0
2002-07-23,20.65,21.4,20.65,21.4,10.1173034038,467,0.0000,1.0
2002-07-22,20.6,20.6,20.6,20.6,9.7390864541,467,0.0000,1.0
2002-07-19,21.4,21.4,21.4,21.4,10.1173034038,0,0.0000,1.0
2002-07-18,21.4,21.4,21.4,21.4,10.1173034038,200,0.0000,1.0
2002-07-17,20.6,20.6,20.6,20.6,9.7390864541,0,0.0000,1.0
2002-07-16,20.6,20.6,20.6,20.6,9.7390864541,67,0.0000,1.0
2002-07-15,21.0,21.0,20.6,20.6,9.7390864541,1467,0.0000,1.0
2002-07-12,21.0,21.0,21.0,21.0,9.92819492894,0,0.0000,1.0
2002-07-11,21.0,21.0,21.0,21.0,9.92819492894,0,0.0000,1.0
2002-07-10,21.0,21.0,21.0,21.0,9.92819492894,0,0.0000,1.0
2002-07-09,21.75,21.75,21.0,21.0,9.92819492894,1667,0.0000,1.0
2002-07-08,21.3,21.3,21.3,21.3,10.0700262851,400,0.0000,1.0
2002-07-05,21.0,21.0,21.0,21.0,9.92819492894,0,0.0000,1.0
2002-07-03,21.0,21.0,21.0,21.0,9.92819492894,0,0.0000,1.0
2002-07-02,21.0,21.0,21.0,21.0,9.92819492894,0,0.0000,1.0
2002-07-01,21.0,21.0,21.0,21.0,9.92819492894,0,0.0000,1.0
2002-06-28,21.0,21.0,21.0,21.0,9.92819492894,0,0.0000,1.0
2002-06-27,21.8,21.8,21.0,21.0,9.92819492894,400,0.0000,1.0
2002-06-26,20.8,20.8,20.8,20.8,9.83364069152,0,0.0000,1.0
2002-06-25,20.8,21.8,20.8,20.8,9.83364069152,3067,0.0000,1.0
2002-06-24,21.8,21.8,21.8,21.8,10.3064118786,67,0.0000,1.0
2002-06-21,21.8,21.8,20.75,20.75,9.81000213217,1067,0.0000,1.0
2002-06-20,20.75,20.75,20.75,20.75,9.81000213217,0,0.0000,1.0
2002-06-19,21.8,21.8,20.75,20.75,9.81000213217,200,0.0000,1.0
2002-06-18,21.8,21.8,21.25,21.7,10.2591347599,1467,0.0000,1.0
2002-06-17,21.8,21.8,21.0,21.0,9.92819492894,1867,0.0000,1.0
2002-06-14,20.55,21.8,20.55,21.8,10.3064118786,6400,0.0000,1.0
2002-06-13,21.7,21.7,21.7,21.7,10.2591347599,0,0.0000,1.0
2002-06-12,21.9,21.9,21.7,21.7,10.2591347599,1067,0.0000,1.0
2002-06-11,21.9,21.9,20.5,21.9,10.3536889973,2400,0.0000,1.0
2002-06-10,21.5,21.5,19.52,19.52,9.22849357204,800,0.0000,1.0
2002-06-07,21.7,21.7,21.7,21.7,10.2591347599,267,0.0000,1.0
2002-06-06,21.7,21.7,21.7,21.7,10.2591347599,0,0.0000,1.0
2002-06-05,21.7,21.7,21.7,21.7,10.2591347599,67,0.0000,1.0
2002-06-04,20.35,20.35,20.35,20.35,9.62089365733,67,0.0000,1.0
2002-06-03,21.99,21.99,21.99,21.99,10.3962384042,67,0.0000,1.0
2002-05-31,22.0,22.0,22.0,22.0,10.400966116,67,0.0000,1.0
2002-05-30,22.0,22.0,22.0,22.0,10.400966116,67,0.0000,1.0
2002-05-29,22.0,22.0,22.0,22.0,10.400966116,467,0.0000,1.0
2002-05-28,21.85,21.88,20.35,20.35,9.62089365733,667,0.0000,1.0
2002-05-24,21.4,21.75,21.4,21.75,10.2827733193,467,0.0000,1.0
2002-05-23,21.25,21.25,21.25,21.25,10.0463877257,600,0.0000,1.0
2002-05-22,20.35,20.35,20.35,20.35,9.62089365733,0,0.0000,1.0
2002-05-21,20.35,20.35,20.35,20.35,9.62089365733,0,0.0000,1.0
2002-05-20,20.35,20.35,20.35,20.35,9.62089365733,267,0.0000,1.0
2002-05-17,20.45,20.45,20.45,20.45,9.66817077604,0,0.0000,1.0
2002-05-16,20.45,20.45,20.45,20.45,9.66817077604,267,0.1500,1.0
2002-05-15,20.0,21.0,20.0,21.0,9.85590224742,600,0.0000,1.0
2002-05-14,20.9,21.0,20.9,21.0,9.85590224742,1200,0.0000,1.0
2002-05-13,20.25,20.9,20.25,20.9,9.80896937957,4600,0.0000,1.0
2002-05-10,20.5,20.5,20.5,20.5,9.62123790819,867,0.0000,1.0
2002-05-09,19.75,19.75,19.75,19.75,9.26924139936,2000,0.0000,1.0
2002-05-08,19.75,19.75,19.75,19.75,9.26924139936,0,0.0000,1.0
2002-05-07,20.55,20.55,19.5,19.75,9.26924139936,1200,0.0000,1.0
2002-05-06,20.92,21.05,20.92,21.05,9.87936868134,2000,0.0000,1.0
2002-05-03,20.8,20.8,20.5,20.5,9.62123790819,2200,0.0000,1.0
2002-05-02,20.4,20.4,20.4,20.4,9.57430504035,0,0.0000,1.0
2002-05-01,20.8,20.8,20.4,20.4,9.57430504035,267,0.0000,1.0
2002-04-30,20.8,20.8,20.1,20.1,9.43350643681,2667,0.0000,1.0
2002-04-29,20.8,20.8,20.0,20.5,9.62123790819,7200,0.0000,1.0
2002-04-26,20.5,20.55,20.5,20.55,9.64470434212,3067,0.0000,1.0
2002-04-25,20.5,20.55,20.5,20.55,9.64470434212,1067,0.0000,1.0
2002-04-24,20.35,20.55,20.35,20.55,9.64470434212,867,0.0000,1.0
2002-04-23,20.55,20.55,20.55,20.55,9.64470434212,0,0.0000,1.0
2002-04-22,20.9,20.9,20.55,20.55,9.64470434212,1600,0.0000,1.0
2002-04-19,20.35,20.35,20.35,20.35,9.55083860643,5800,0.0000,1.0
2002-04-18,20.55,20.55,20.35,20.35,9.55083860643,1600,0.0000,1.0
2002-04-17,20.4,20.4,20.35,20.35,9.55083860643,2600,0.0000,1.0
2002-04-16,20.35,21.05,20.35,20.55,9.64470434212,4400,0.0000,1.0
2002-04-15,20.35,20.35,20.35,20.35,9.55083860643,667,0.0000,1.0
2002-04-12,20.7,21.0,20.5,20.5,9.62123790819,2667,0.0000,1.0
2002-04-11,20.7,20.7,20.25,20.5,9.62123790819,7000,0.0000,1.0
2002-04-10,20.25,20.25,20.25,20.25,9.50390573858,400,0.0000,1.0
2002-04-09,20.4,20.4,20.25,20.25,9.50390573858,867,0.0000,1.0
2002-04-08,20.69,20.69,20.25,20.25,9.50390573858,2000,0.0000,1.0
2002-04-05,20.5,20.5,20.5,20.5,9.62123790819,0,0.0000,1.0
2002-04-04,20.5,20.5,20.5,20.5,9.62123790819,2800,0.0000,1.0
2002-04-03,20.22,20.22,20.21,20.21,9.48513259144,200,0.0000,1.0
2002-04-02,20.95,21.0,20.22,20.22,9.48982587823,2200,0.0000,1.0
2002-04-01,20.95,20.95,20.2,20.95,9.8324358135,3267,0.0000,1.0
2002-03-28,20.2,20.85,20.2,20.8,9.76203651173,400,0.0000,1.0
2002-03-27,20.5,20.5,19.86,19.86,9.32086755399,3267,0.0000,1.0
2002-03-26,20.5,20.5,20.5,20.5,9.62123790819,0,0.0000,1.0
2002-03-25,20.5,20.5,20.5,20.5,9.62123790819,267,0.0000,1.0
2002-03-22,20.5,20.5,20.5,20.5,9.62123790819,0,0.0000,1.0
2002-03-21,21.0,21.0,20.5,20.5,9.62123790819,867,0.0000,1.0
2002-03-20,20.5,20.5,20.5,20.5,9.62123790819,0,0.0000,1.0
2002-03-19,20.5,20.5,20.5,20.5,9.62123790819,0,0.0000,1.0
2002-03-18,20.9,21.0,20.5,20.5,9.62123790819,1067,0.0000,1.0
2002-03-15,20.75,20.9,20.75,20.9,9.80896937957,2667,0.0000,1.0
2002-03-14,20.75,20.75,20.75,20.75,9.73857007781,0,0.0000,1.0
2002-03-13,20.75,20.75,20.75,20.75,9.73857007781,2800,0.0000,1.0
2002-03-12,20.87,20.87,20.87,20.87,9.79488951922,67,0.0000,1.0
2002-03-11,20.65,20.65,20.65,20.65,9.69163720996,800,0.0000,1.0
2002-03-08,20.85,20.85,20.5,20.5,9.62123790819,800,0.0000,1.0
2002-03-07,20.85,20.85,20.85,20.85,9.78550294565,67,0.0000,1.0
2002-03-06,20.15,20.15,20.15,20.15,9.45697287074,0,0.0000,1.0
2002-03-05,20.15,20.15,20.15,20.15,9.45697287074,267,0.0000,1.0
2002-03-04,20.15,20.15,20.15,20.15,9.45697287074,0,0.0000,1.0
2002-03-01,20.75,20.75,20.0,20.15,9.45697287074,1400,0.0000,1.0
2002-02-28,20.1,20.9,20.1,20.1,9.43350643681,2867,0.0000,1.0
2002-02-27,20.1,20.1,20.1,20.1,9.43350643681,0,0.0000,1.0
2002-02-26,20.9,20.9,20.1,20.1,9.43350643681,1600,0.0000,1.0
2002-02-25,20.5,20.5,20.5,20.5,9.62123790819,67,0.0000,1.0
2002-02-22,20.0,20.0,20.0,20.0,9.38657356897,0,0.0000,1.0
2002-02-21,20.5,20.5,20.0,20.0,9.38657356897,1267,0.0000,1.0
2002-02-20,20.3,20.3,20.3,20.3,9.5273721725,467,0.0000,1.0
2002-02-19,20.3,20.3,20.3,20.3,9.5273721725,1267,0.0000,1.0
2002-02-15,19.8,19.8,19.8,19.8,9.29270783328,67,0.0000,1.0
2002-02-14,19.75,20.0,19.75,20.0,9.38657356897,4667,0.1500,1.0
2002-02-13,19.75,19.75,19.75,19.75,9.20023960234,0,0.0000,1.0
2002-02-12,19.75,19.75,19.75,19.75,9.20023960234,1000,0.0000,1.0
2002-02-11,19.75,20.1,19.75,20.1,9.36328182314,800,0.0000,1.0
2002-02-08,20.1,20.1,20.1,20.1,9.36328182314,200,0.0000,1.0
2002-02-07,19.3,19.3,19.3,19.3,8.99061388988,0,0.0000,1.0
2002-02-06,19.3,19.3,19.3,19.3,8.99061388988,0,0.0000,1.0
2002-02-05,19.3,19.3,19.3,19.3,8.99061388988,0,0.0000,1.0
2002-02-04,19.3,19.3,19.3,19.3,8.99061388988,200,0.0000,1.0
2002-02-01,20.3,20.3,19.5,20.0,9.31669833148,3667,0.0000,1.0
2002-01-31,19.96,19.96,19.96,19.96,9.29806493482,600,0.0000,1.0
2002-01-30,19.9,19.96,19.9,19.96,9.29806493482,267,0.0000,1.0
2002-01-29,19.5,19.6,18.9,18.9,8.80427992325,1667,0.0000,1.0
2002-01-28,19.6,19.6,19.36,19.6,9.13036436485,667,0.0000,1.0
2002-01-25,19.0,19.25,19.0,19.2,8.94403039822,1000,0.0000,1.0
2002-01-24,18.65,18.65,18.65,18.65,8.68782119411,200,0.0000,1.0
2002-01-23,18.9,18.9,18.9,18.9,8.80427992325,200,0.0000,1.0
2002-01-22,18.9,18.9,18.9,18.9,8.80427992325,0,0.0000,1.0
2002-01-18,18.9,18.9,18.9,18.9,8.80427992325,67,0.0000,1.0
2002-01-17,18.9,19.05,18.9,19.05,8.87415516074,1000,0.0000,1.0
2002-01-16,18.65,18.77,18.65,18.77,8.7437213841,800,0.0000,1.0
2002-01-15,18.05,18.45,18.05,18.2,8.47819548165,6067,0.0000,1.0
2002-01-14,18.27,18.45,18.27,18.45,8.59465421079,467,0.0000,1.0
2002-01-11,18.45,18.45,18.45,18.45,8.59465421079,200,0.0000,1.0
2002-01-10,18.55,18.8,18.5,18.5,8.61794595662,867,0.0000,1.0
2002-01-09,18.85,18.85,18.7,18.85,8.78098817742,1267,0.0000,1.0
2002-01-08,18.65,18.85,18.65,18.85,8.78098817742,1467,0.0000,1.0
2002-01-07,18.5,18.5,18.5,18.5,8.61794595662,0,0.0000,1.0
2002-01-04,18.8,18.8,18.5,18.5,8.61794595662,2200,0.0000,1.0
2002-01-03,18.0,18.0,18.0,18.0,8.38502849834,0,0.0000,1.0
2002-01-02,18.0,18.0,18.0,18.0,8.38502849834,0,0.0000,1.0
2001-12-31,18.0,18.0,18.0,18.0,8.38502849834,200,0.0000,1.0
2001-12-28,18.0,18.0,17.75,17.88,8.32912830835,467,0.0000,1.0
2001-12-27,17.9,17.9,17.9,17.9,8.33844500668,200,0.0000,1.0
2001-12-26,17.5,17.5,17.2,17.2,8.01236056508,2867,0.0000,1.0
2001-12-24,17.5,17.5,17.5,17.5,8.15211104005,0,0.0000,1.0
2001-12-21,17.5,17.5,17.5,17.5,8.15211104005,400,0.0000,1.0
2001-12-20,17.2,17.2,17.2,17.2,8.01236056508,400,0.0000,1.0
2001-12-19,17.5,17.5,17.5,17.5,8.15211104005,0,0.0000,1.0
2001-12-18,17.5,17.5,17.5,17.5,8.15211104005,600,0.0000,1.0
2001-12-17,17.5,17.5,17.5,17.5,8.15211104005,0,0.0000,1.0
2001-12-14,17.5,17.5,17.5,17.5,8.15211104005,0,0.0000,1.0
2001-12-13,17.5,17.5,17.5,17.5,8.15211104005,267,0.0000,1.0
2001-12-12,17.5,17.5,17.5,17.5,8.15211104005,267,0.0000,1.0
2001-12-11,17.2,17.8,17.2,17.8,8.29186151502,200,0.0000,1.0
2001-12-10,17.85,17.85,17.85,17.85,8.31515326085,0,0.0000,1.0
2001-12-07,17.85,17.85,17.85,17.85,8.31515326085,0,0.0000,1.0
2001-12-06,17.85,17.85,17.85,17.85,8.31515326085,200,0.0000,1.0
2001-12-05,17.1,17.1,17.1,17.1,7.96577707342,0,0.0000,1.0
2001-12-04,17.1,17.1,17.1,17.1,7.96577707342,200,0.0000,1.0
2001-12-03,17.85,17.85,17.15,17.85,8.31515326085,667,0.0000,1.0
2001-11-30,17.8,17.8,17.8,17.8,8.29186151502,0,0.0000,1.0
2001-11-29,17.8,17.8,17.8,17.8,8.29186151502,0,0.0000,1.0
2001-11-28,18.25,18.25,17.8,17.8,8.29186151502,267,0.0000,1.0
2001-11-27,18.0,18.0,17.81,17.81,8.29651986419,667,0.0000,1.0
2001-11-26,18.0,18.1,17.77,18.1,8.43161198999,4000,0.0000,1.0
2001-11-23,18.35,18.35,18.35,18.35,8.54807071914,0,0.0000,1.0
2001-11-21,18.35,18.35,18.35,18.35,8.54807071914,0,0.0000,1.0
2001-11-20,18.35,18.35,18.35,18.35,8.54807071914,0,0.0000,1.0
2001-11-19,18.35,18.35,18.35,18.35,8.54807071914,0,0.0000,1.0
2001-11-16,18.35,18.35,18.35,18.35,8.54807071914,200,0.0000,1.0
2001-11-15,18.0,18.0,17.88,17.88,8.32912830835,600,0.1500,1.0
2001-11-14,17.8,18.0,17.8,18.0,8.3152695258,267,0.0000,1.0
2001-11-13,18.0,18.5,18.0,18.5,8.54624923485,267,0.0000,1.0
2001-11-12,17.63,17.8,17.63,17.8,8.22287764218,1867,0.0000,1.0
2001-11-09,18.15,18.15,17.11,17.8,8.22287764218,5267,0.0000,1.0
2001-11-08,18.15,18.8,18.15,18.8,8.68483706028,200,0.0000,1.0
2001-11-07,18.48,18.48,18.15,18.48,8.53701004649,1667,0.0000,1.0
2001-11-06,18.1,18.1,18.1,18.1,8.36146546761,0,0.0000,1.0
2001-11-05,18.1,18.1,18.1,18.1,8.36146546761,0,0.0000,1.0
2001-11-02,18.85,18.85,18.1,18.1,8.36146546761,1400,0.0000,1.0
2001-11-01,18.56,19.0,17.7,18.5,8.54624923485,4600,0.0000,1.0
2001-10-31,18.6,18.6,18.6,18.6,8.59244517666,67,0.0000,1.0
2001-10-30,18.6,18.6,18.6,18.6,8.59244517666,200,0.0000,1.0
2001-10-29,19.1,19.1,19.1,19.1,8.82342488571,4000,0.0000,1.0
2001-10-26,18.55,18.55,18.55,18.55,8.56934720576,0,0.0000,1.0
2001-10-25,18.55,18.55,18.55,18.55,8.56934720576,0,0.0000,1.0
2001-10-24,18.55,18.55,18.55,18.55,8.56934720576,400,0.0000,1.0
2001-10-23,19.25,19.25,19.25,19.25,8.89271879843,0,0.0000,1.0
2001-10-22,19.25,19.25,19.25,19.25,8.89271879843,0,0.0000,1.0
2001-10-19,18.55,19.25,18.55,19.25,8.89271879843,667,0.0000,1.0
2001-10-18,19.25,19.25,18.55,18.55,8.56934720576,667,0.0000,1.0
2001-10-17,19.25,19.25,19.25,19.25,8.89271879843,67,0.0000,1.0
2001-10-16,18.55,18.55,18.55,18.55,8.56934720576,0,0.0000,1.0
2001-10-15,19.0,19.0,18.55,18.55,8.56934720576,2000,0.0000,1.0
2001-10-12,18.6,19.0,18.6,19.0,8.7772289439,1800,0.0000,1.0
2001-10-11,18.8,18.8,18.8,18.8,8.68483706028,467,0.0000,1.0
2001-10-10,18.7,18.7,18.7,18.7,8.63864111847,0,0.0000,1.0
2001-10-09,19.0,19.0,18.7,18.7,8.63864111847,600,0.0000,1.0
2001-10-08,18.85,18.85,18.7,18.75,8.66173908938,1000,0.0000,1.0
2001-10-05,19.0,19.0,19.0,19.0,8.7772289439,267,0.0000,1.0
2001-10-04,18.9,18.9,18.9,18.9,8.73103300209,267,0.0000,1.0
2001-10-03,19.0,19.0,19.0,19.0,8.7772289439,0,0.0000,1.0
2001-10-02,19.0,19.0,19.0,19.0,8.7772289439,0,0.0000,1.0
2001-10-01,19.0,19.0,19.0,19.0,8.7772289439,200,0.0000,1.0
2001-09-28,18.88,18.88,18.88,18.88,8.72179381373,0,0.0000,1.0
2001-09-27,19.25,19.25,18.88,18.88,8.72179381373,467,0.0000,1.0
2001-09-26,19.0,19.0,19.0,19.0,8.7772289439,67,0.0000,1.0
2001-09-25,18.88,18.88,18.88,18.88,8.72179381373,1067,0.0000,1.0
2001-09-24,19.75,19.75,18.88,19.0,8.7772289439,3400,0.0000,1.0
2001-09-21,19.44,19.44,19.0,19.0,8.7772289439,2067,0.0000,1.0
2001-09-20,19.8,19.8,19.44,19.44,8.98049108787,2000,0.0000,1.0
2001-09-19,20.2,20.2,20.2,20.2,9.33158024562,267,0.0000,1.0
2001-09-18,19.8,19.8,19.8,19.8,9.14679647838,1400,0.0000,1.0
2001-09-17,20.25,20.25,20.25,20.25,9.35467821653,0,0.0000,1.0
2001-09-10,20.25,20.25,20.25,20.25,9.35467821653,0,0.0000,1.0
2001-09-07,20.25,20.25,20.25,20.25,9.35467821653,200,0.0000,1.0
2001-09-06,20.1,20.1,20.1,20.1,9.28538430381,0,0.0000,1.0
2001-09-05,20.1,20.1,20.1,20.1,9.28538430381,200,0.0000,1.0
2001-09-04,19.81,20.25,19.81,20.25,9.35467821653,800,0.0000,1.0
2001-08-31,20.25,20.25,20.25,20.25,9.35467821653,0,0.0000,1.0
2001-08-30,20.25,20.25,20.0,20.25,9.35467821653,6800,0.0000,1.0
2001-08-29,19.9,19.9,19.9,19.9,9.19299242019,1267,0.0000,1.0
2001-08-28,20.45,20.45,19.9,19.9,9.19299242019,1667,0.0000,1.0
2001-08-27,20.1,20.1,20.1,20.1,9.28538430381,0,0.0000,1.0
2001-08-24,20.15,20.45,19.85,20.1,9.28538430381,2667,0.0000,1.0
2001-08-23,19.85,19.85,19.85,19.85,9.16989444929,467,0.0000,1.0
2001-08-22,20.1,20.1,20.1,20.1,9.28538430381,600,0.0000,1.0
2001-08-21,20.0,20.0,20.0,20.0,9.239188362,67,0.0000,1.0
2001-08-20,20.0,20.0,20.0,20.0,9.239188362,400,0.0000,1.0
2001-08-17,19.8,20.0,19.8,20.0,9.239188362,667,0.0000,1.0
2001-08-16,20.25,20.25,20.25,20.25,9.35467821653,0,0.0000,1.0
2001-08-15,20.25,20.25,20.25,20.25,9.35467821653,400,0.1500,1.0
2001-08-14,19.65,20.0,19.65,20.0,9.17125315346,1667,0.0000,1.0
2001-08-13,19.99,19.99,19.99,19.99,9.16666752688,600,0.0000,1.0
2001-08-10,19.9,19.9,19.9,19.9,9.12539688769,667,0.0000,1.0
2001-08-09,19.9,19.9,19.9,19.9,9.12539688769,0,0.0000,1.0
2001-08-08,19.9,19.9,19.9,19.9,9.12539688769,267,0.0000,1.0
2001-08-07,19.6,19.6,19.6,19.6,8.98782809039,1000,0.0000,1.0
2001-08-06,19.6,19.99,19.6,19.99,9.16666752688,800,0.0000,1.0
2001-08-03,19.99,19.99,19.99,19.99,9.16666752688,200,0.0000,1.0
2001-08-02,20.0,20.0,20.0,20.0,9.17125315346,0,0.0000,1.0
2001-08-01,19.98,20.0,19.98,20.0,9.17125315346,600,0.0000,1.0
2001-07-31,19.55,19.55,19.55,19.55,8.96489995751,0,0.0000,1.0
2001-07-30,19.55,19.55,19.55,19.55,8.96489995751,67,0.0000,1.0
2001-07-27,19.5,19.5,19.5,19.5,8.94197182462,67,0.0000,1.0
2001-07-26,19.5,19.9,19.5,19.9,9.12539688769,8467,0.0000,1.0
2001-07-25,19.5,19.5,19.5,19.5,8.94197182462,0,0.0000,1.0
2001-07-24,19.5,19.5,19.5,19.5,8.94197182462,600,0.0000,1.0
2001-07-23,19.5,19.5,19.5,19.5,8.94197182462,0,0.0000,1.0
2001-07-20,19.5,19.5,19.5,19.5,8.94197182462,0,0.0000,1.0
2001-07-19,19.5,19.5,19.5,19.5,8.94197182462,0,0.0000,1.0
2001-07-18,19.55,19.8,19.14,19.5,8.94197182462,1000,0.0000,1.0
2001-07-17,19.5,20.0,19.5,20.0,9.17125315346,667,0.0000,1.0
2001-07-16,19.55,19.55,19.55,19.55,8.96489995751,0,0.0000,1.0
2001-07-13,20.0,20.0,19.55,19.55,8.96489995751,800,0.0000,1.0
2001-07-12,20.0,20.0,20.0,20.0,9.17125315346,400,0.0000,1.0
2001-07-11,20.0,20.0,20.0,20.0,9.17125315346,67,0.0000,1.0
2001-07-10,20.33,20.33,20.33,20.33,9.32257883049,67,0.0000,1.0
2001-07-09,19.53,19.53,19.53,19.53,8.95572870435,25000,0.0000,1.0
2001-07-06,19.34,20.33,19.34,20.33,9.32257883049,1067,0.0000,1.0
2001-07-05,19.75,19.75,19.75,19.75,9.05661248904,0,0.0000,1.0
2001-07-03,19.75,19.75,19.75,19.75,9.05661248904,0,0.0000,1.0
2001-07-02,20.0,20.0,19.75,19.75,9.05661248904,867,0.0000,1.0
2001-06-29,19.88,20.0,19.88,20.0,9.17125315346,4067,0.0000,1.0
2001-06-28,19.14,19.5,19.14,19.5,8.94197182462,667,0.0000,1.0
2001-06-27,19.35,19.35,19.35,19.35,8.87318742597,0,0.0000,1.0
2001-06-26,19.14,19.35,19.14,19.35,8.87318742597,12867,0.0000,1.0
2001-06-25,19.5,19.5,19.5,19.5,8.94197182462,1467,0.0000,1.0
2001-06-22,19.5,19.5,19.0,19.0,8.71269049579,3000,0.0000,1.0
2001-06-21,19.45,19.6,19.45,19.5,8.94197182462,1667,0.0000,1.0
2001-06-20,19.5,19.5,19.5,19.5,8.94197182462,0,0.0000,1.0
2001-06-19,19.45,19.65,19.45,19.5,8.94197182462,2400,0.0000,1.0
2001-06-18,19.11,19.75,19.11,19.4,8.89611555886,2067,0.0000,1.0
2001-06-15,19.16,19.16,19.16,19.16,8.78606052101,67,0.0000,1.0
2001-06-14,19.11,19.11,19.11,19.11,8.76313238813,1600,0.0000,1.0
2001-06-13,19.07,19.07,19.07,19.07,8.74478988182,0,0.0000,1.0
2001-06-12,19.07,19.07,19.07,19.07,8.74478988182,0,0.0000,1.0
2001-06-11,19.07,19.07,19.07,19.07,8.74478988182,200,0.0000,1.0
2001-06-08,19.1,19.11,19.07,19.11,8.76313238813,3667,0.0000,1.0
2001-06-07,18.9,18.9,18.9,18.9,8.66683423002,1067,0.0000,1.0
2001-06-06,18.75,18.9,18.75,18.9,8.66683423002,867,0.0000,1.0
2001-06-05,18.15,18.75,18.15,18.75,8.59804983137,867,0.0000,1.0
2001-06-04,18.15,18.15,18.15,18.15,8.32291223676,0,0.0000,1.0
2001-06-01,19.3,19.3,18.15,18.15,8.32291223676,2467,0.0000,1.0
2001-05-31,19.3,19.3,19.3,19.3,8.85025929309,200,0.0000,1.0
2001-05-30,19.3,19.3,19.3,19.3,8.85025929309,467,0.0000,1.0
2001-05-29,19.4,19.4,19.4,19.4,8.89611555886,1067,0.0000,1.0
2001-05-25,19.4,19.4,19.4,19.4,8.89611555886,0,0.0000,1.0
2001-05-24,19.4,19.4,19.4,19.4,8.89611555886,600,0.0000,1.0
2001-05-23,19.4,19.4,18.88,18.88,8.65766297687,600,0.0000,1.0
2001-05-22,19.0,19.21,19.0,19.0,8.71269049579,18267,0.0000,1.0
2001-05-21,19.0,19.0,19.0,19.0,8.71269049579,0,0.0000,1.0
2001-05-18,19.0,19.45,19.0,19.0,8.71269049579,1600,0.0000,1.0
2001-05-17,19.05,19.3,19.0,19.0,8.71269049579,8400,0.0000,1.0
2001-05-16,19.4,19.4,19.25,19.25,8.8273311602,2467,0.0000,1.0
2001-05-15,19.75,19.75,19.75,19.75,9.05661248904,467,0.0000,1.0
2001-05-14,19.75,19.75,19.75,19.75,9.05661248904,200,0.0000,1.0
2001-05-11,19.75,19.75,19.75,19.75,9.05661248904,67,0.0000,1.0
2001-05-10,19.5,19.5,19.5,19.5,8.94197182462,0,0.0000,1.0
2001-05-09,19.75,20.0,19.35,19.5,8.94197182462,2000,0.0000,1.0
2001-05-08,19.5,19.75,19.5,19.75,9.05661248904,1467,0.1500,1.0
2001-05-07,19.0,20.0,19.0,19.75,8.98834656576,2467,0.0000,1.0
2001-05-04,17.95,20.0,17.95,20.0,9.10212310456,4667,0.0000,1.0
2001-05-03,17.63,17.95,17.63,17.95,8.16915548635,2667,0.0000,1.0
2001-05-02,17.75,17.75,17.75,17.75,8.0781342553,800,0.0000,1.0
2001-05-01,17.25,17.9,17.25,17.9,8.14640017858,2267,0.0000,1.0
2001-04-30,17.25,17.85,17.25,17.25,7.85058117769,3467,0.0000,1.0
2001-04-27,17.25,17.88,17.25,17.88,8.13729805548,867,0.0000,1.0
2001-04-26,17.0,17.25,17.0,17.25,7.85058117769,1467,0.0000,1.0
2001-04-25,17.0,17.0,16.5,17.0,7.73680463888,867,0.0000,1.0
2001-04-24,17.0,17.0,17.0,17.0,7.73680463888,0,0.0000,1.0
2001-04-23,17.0,17.0,17.0,17.0,7.73680463888,200,0.0000,1.0
2001-04-20,17.0,17.0,16.76,16.76,7.62757916162,5800,0.0000,1.0
2001-04-19,17.0,17.0,17.0,17.0,7.73680463888,467,0.0000,1.0
2001-04-18,16.24,16.95,16.0,16.25,7.39547502246,7600,0.0000,1.0
2001-04-17,16.0,16.2,15.75,16.2,7.3727197147,1000,0.0000,1.0
2001-04-16,16.0,16.0,15.75,15.75,7.16792194484,5200,0.0000,1.0
2001-04-12,15.75,15.75,15.4,15.4,7.00863479051,2400,0.0000,1.0
2001-04-11,15.1,15.75,15.1,15.75,7.16792194484,267,0.0000,1.0
2001-04-10,15.1,15.1,15.1,15.1,6.87210294395,400,0.0000,1.0
2001-04-09,15.25,15.5,15.0,15.0,6.82659232842,6200,0.0000,1.0
2001-04-06,16.0,16.0,16.0,16.0,7.28169848365,200,0.0000,1.0
2001-04-05,15.75,15.75,14.75,15.5,7.05414540604,6000,0.0000,1.0
2001-04-04,16.0,16.0,16.0,16.0,7.28169848365,100,0.0000,1.0
2001-04-03,15.75,15.75,15.75,15.75,7.16792194484,0,0.0000,1.0
2001-04-02,15.75,15.75,15.75,15.75,7.16792194484,100,0.0000,1.0
2001-03-30,15.75,15.75,15.75,15.75,7.16792194484,100,0.0000,1.0
2001-03-29,15.13,15.13,15.13,15.13,6.8857561286,0,0.0000,1.0
2001-03-28,15.13,15.13,15.13,15.13,6.8857561286,1000,0.0000,1.0
2001-03-27,15.13,15.13,15.13,15.13,6.8857561286,0,0.0000,1.0
2001-03-26,15.13,15.13,15.13,15.13,6.8857561286,5000,0.0000,1.0
2001-03-23,15.5,15.5,15.5,15.5,7.05414540604,0,0.0000,1.0
2001-03-22,14.75,15.5,14.75,15.5,7.05414540604,5000,0.0000,1.0
