timestamp,open,high,low,close,adjusted_close,volume,dividend_amount,split_coefficient
2020-12-11,114.43,116.13,112.95,115.37,115.37,1171308,0.0000,1.0
2020-12-10,114.01,116.14,112.2761,115.68,115.68,1619675,0.0000,1.0
2020-12-09,118.06,118.22,113.15,114.02,114.02,1555322,0.0000,1.0
2020-12-08,116.91,118.955,116.54,118.67,118.67,1113758,0.0000,1.0
2020-12-07,116.55,117.32,114.77,117.16,117.16,1341628,0.0000,1.0
2020-12-04,114.83,116.28,114.0,116.03,116.03,1167709,0.0000,1.0
2020-12-03,115.01,117.22,113.58,113.74,113.74,1700221,0.0000,1.0
2020-12-02,114.5,114.95,112.85,113.96,113.96,1386257,0.0000,1.0
2020-12-01,111.26,115.94,111.2,115.12,115.12,2174677,0.0000,1.0
2020-11-30,109.94,110.635,108.035,110.34,110.34,1560799,0.0000,1.0
2020-11-27,109.63,110.83,109.07,109.4,109.4,849186,0.0000,1.0
2020-11-25,109.5,110.03,108.2,108.34,108.34,1373229,0.0000,1.0
2020-11-24,109.48,109.495,107.17,108.99,108.99,1645936,0.1000,1.0
2020-11-23,106.35,108.65,106.35,108.32,108.220705839,1192196,0.0000,1.0
2020-11-20,106.73,107.925,106.12,106.33,106.232530021,1376253,0.0000,1.0
2020-11-19,104.81,106.625,104.51,106.47,106.372401687,1048091,0.0000,1.0
2020-11-18,105.98,106.44,104.755,104.82,104.723914199,1186094,0.0000,1.0
2020-11-17,106.72,106.72,104.88,105.91,105.812915024,1258682,0.0000,1.0
2020-11-16,102.92,107.24,102.67,107.18,107.081750848,1763979,0.0000,1.0
2020-11-13,102.2,103.2,101.0,102.29,102.196233385,1062824,0.0000,1.0
2020-11-12,102.13,102.13,99.81,100.48,100.387892566,1274529,0.0000,1.0
2020-11-11,99.64,101.67,99.48,101.18,101.087250894,1683541,0.0000,1.0
2020-11-10,102.0,102.0729,97.48,98.15,98.0600284169,1975833,0.0000,1.0
2020-11-09,104.94,105.62,101.28,101.53,101.436930058,2214225,0.0000,1.0
2020-11-06,98.83,100.74,98.0,100.26,100.168094234,1506642,0.0000,1.0
2020-11-05,97.38,100.345,97.04,99.32,99.228955908,1918193,0.0000,1.0
2020-11-04,92.4445,96.43,90.94,95.85,95.7621367678,2561606,0.0000,1.0
2020-11-03,90.67,91.71,89.295,89.83,89.7476551471,1082357,0.0000,1.0
2020-11-02,88.5,90.51,88.25,89.7,89.6177743148,1842287,0.0000,1.0
2020-10-30,86.81,88.1522,86.09,87.85,87.7694701623,1581504,0.0000,1.0
2020-10-29,85.53,89.34,85.08,88.54,88.458837657,1615812,0.0000,1.0
2020-10-28,85.74,86.8678,85.0,85.54,85.4615876799,1185945,0.0000,1.0
2020-10-27,89.83,89.83,86.86,87.46,87.3798276652,1474947,0.0000,1.0
2020-10-26,90.58,91.62,88.31,89.59,89.507875149,1258007,0.0000,1.0
2020-10-23,91.215,92.46,91.01,92.0,91.9156659639,1166433,0.0000,1.0
2020-10-22,92.75,92.75,89.4,90.94,90.8566376386,2175660,0.0000,1.0
2020-10-21,88.0,93.17,88.0,92.07,91.9856017967,3533759,0.0000,1.0
2020-10-20,87.68,88.88,87.52,87.94,87.8593876616,2817966,0.0000,1.0
2020-10-19,87.72,88.8,86.05,86.67,86.5905518379,1469092,0.0000,1.0
2020-10-16,88.19,88.33,86.365,86.59,86.5106251719,1032372,0.0000,1.0
2020-10-15,84.86,87.61,84.28,87.29,87.2099834999,1096134,0.0000,1.0
2020-10-14,87.56,88.85,86.78,86.93,86.8503135026,967124,0.0000,1.0
2020-10-13,87.0,88.64,86.13,87.63,87.5496718306,1142905,0.0000,1.0
2020-10-12,87.26,87.53,85.79,86.63,86.5505885049,2069839,0.0000,1.0
2020-10-09,85.36,86.835,84.61,86.1,86.0210743423,1766909,0.0000,1.0
2020-10-08,82.6,83.3772,82.165,82.48,82.4043927033,1137286,0.0000,1.0
2020-10-07,82.35,83.32,81.84,82.29,82.2145668714,1243028,0.0000,1.0
2020-10-06,81.27,83.14,80.57,81.11,81.0356485471,1169086,0.0000,1.0
2020-10-05,79.5,81.31,79.48,81.23,81.1555385462,1310660,0.0000,1.0
2020-10-02,78.75,79.89,78.3115,78.62,78.5479310661,1033685,0.0000,1.0
2020-10-01,80.84,81.65,80.37,81.3,81.225474379,1200849,0.0000,1.0
2020-09-30,79.33,80.395,78.81,79.46,79.3871610597,1804218,0.0000,1.0
2020-09-29,79.52,80.67,79.485,79.86,79.78679439,1173368,0.0000,1.0
2020-09-28,78.66,79.53,77.57,79.2,79.127399395,1831782,0.0000,1.0
2020-09-25,76.34,78.1,75.41,77.715,77.6437606563,1740575,0.0000,1.0
2020-09-24,74.71,77.6,74.71,76.3,76.2300577505,2206492,0.0000,1.0
2020-09-23,76.86,78.07,75.13,75.41,75.3408735906,2092585,0.0000,1.0
2020-09-22,77.56,77.56,75.2,76.56,76.4898194152,1784977,0.0000,1.0
2020-09-21,74.97,77.0,74.5,76.92,76.8494894124,1982121,0.0000,1.0
2020-09-18,78.22,78.68,75.43,76.37,76.2999935833,30212610,0.0000,1.0
2020-09-17,75.0,77.71,74.2006,77.64,77.5688294069,1739971,0.0000,1.0
2020-09-16,77.52,78.42,76.1,76.33,76.2600302503,1868704,0.0000,1.0
2020-09-15,77.46,77.84,76.27,77.2,77.1292327436,1447517,0.0000,1.0
2020-09-14,76.49,77.05,75.43,76.82,76.7495810798,1921025,0.0000,1.0
2020-09-11,76.0,76.6,74.075,74.92,74.851322761,1653308,0.0000,1.0
2020-09-10,77.96,78.23,74.95,75.44,75.3708460904,3245772,0.0000,1.0
2020-09-09,77.5,78.175,76.35,76.87,76.7995352461,2957390,0.0000,1.0
2020-09-08,76.15,78.16,75.2,75.53,75.4607635897,4308014,0.0000,1.0
2020-09-04,79.26,81.62,75.46,78.6,78.5279493996,4216317,0.0000,1.0
2020-09-03,86.69,87.43,81.54,81.93,81.8548968741,2570644,0.0000,1.0
2020-09-02,86.54,88.53,85.62,88.37,88.2889934916,1642634,0.1000,1.0
2020-09-01,86.0,87.105,84.94,85.35,85.1753769019,1373617,0.0000,1.0
2020-08-31,86.08,86.26,84.2824,84.97,84.7961543685,1611484,0.0000,1.0
2020-08-28,85.44,85.9,84.36,85.73,85.5545994352,2035296,0.0000,1.0
2020-08-27,89.98,90.29,84.78,84.78,84.6065431018,2163411,0.0000,1.0
2020-08-26,90.22,90.36,89.04,89.87,89.6861291409,830197,0.0000,1.0
2020-08-25,89.51,90.34,89.16,90.31,90.1252289163,1158242,0.0000,1.0
2020-08-24,88.97,89.86,88.27,89.09,88.9077249934,829897,0.0000,1.0
2020-08-21,88.58,88.58,87.52,88.0,87.8199550951,1258350,0.0000,1.0
2020-08-20,89.0,89.23,88.02,88.73,88.5484615408,1181356,0.0000,1.0
2020-08-19,91.62,92.28,90.085,90.24,90.0553721339,840751,0.0000,1.0
2020-08-18,92.48,92.65,90.04,91.23,91.0433466287,1133122,0.0000,1.0
2020-08-17,91.0,92.48,90.28,91.98,91.7918121551,924795,0.0000,1.0
2020-08-14,90.27,93.4381,89.65,90.06,89.8757404075,1314682,0.0000,1.0
2020-08-13,90.0,90.87,88.8986,89.98,89.7959040847,996984,0.0000,1.0
2020-08-12,87.27,89.93,86.3612,89.65,89.4665792531,1310048,0.0000,1.0
2020-08-11,86.85,88.0,86.05,86.27,86.0934946142,1525325,0.0000,1.0
2020-08-10,87.75,88.43,86.08,87.1,86.9217964634,1418624,0.0000,1.0
2020-08-07,90.3,90.97,85.64,87.57,87.39083486,2315277,0.0000,1.0
2020-08-06,91.0,92.24,89.53,90.86,90.6741036357,1675103,0.0000,1.0
2020-08-05,89.76,90.87,89.35,90.65,90.4645332883,3476553,0.0000,1.0
2020-08-04,90.25,90.39,88.48,89.53,89.3468247689,1126536,0.0000,1.0
2020-08-03,89.46,91.31,89.46,90.26,90.0753312146,1747131,0.0000,1.0
2020-07-31,88.47,89.03,86.18,88.96,88.7779909688,2330764,0.0000,1.0
2020-07-30,87.71,88.75,86.23,88.61,88.4287070565,1451320,0.0000,1.0
2020-07-29,87.75,89.82,87.63,88.77,88.5883797022,2318034,0.0000,1.0
2020-07-28,87.34,88.05,86.24,87.0,86.8220010599,2203320,0.0000,1.0
2020-07-27,84.99,88.9,84.36,88.32,88.1393003863,3006491,0.0000,1.0
2020-07-24,84.175,84.97,82.74,83.53,83.3591005579,2253295,0.0000,1.0
2020-07-23,89.7721,90.645,84.3785,86.1,85.9238424283,2764168,0.0000,1.0
2020-07-22,89.24,90.2299,86.49,89.49,89.3069066075,3475706,0.0000,1.0
2020-07-21,89.74,90.38,88.41,89.72,89.5364360356,3162520,0.0000,1.0
2020-07-20,86.95,89.86,86.42,89.74,89.5563951163,1567797,0.0000,1.0
2020-07-17,86.27,86.63,85.61,86.42,86.2431877195,1031724,0.0000,1.0
2020-07-16,85.16,86.53,84.87,86.1,85.9238424283,1096930,0.0000,1.0
2020-07-15,87.17,87.17,84.69,86.53,86.3529626634,1590784,0.0000,1.0
2020-07-14,83.52,86.64,82.91,86.61,86.4327989862,2638666,0.0000,1.0
2020-07-13,88.45,90.7,86.81,86.85,86.6723079546,2280526,0.0000,1.0
2020-07-10,88.5,88.85,85.88,87.38,87.2012235933,2076710,0.0000,1.0
2020-07-09,88.28,89.27,87.13,88.46,88.2790139513,1440872,0.0000,1.0
2020-07-08,87.46,88.45,86.62,87.75,87.5704665863,1724426,0.0000,1.0
2020-07-07,87.78,88.88,86.3,86.34,86.1633513967,1995054,0.0000,1.0
2020-07-06,86.92,89.58,86.2,88.13,87.9496891197,1793878,0.0000,1.0
2020-07-02,84.0,85.72,83.67,84.58,84.4069522948,1615058,0.0000,1.0
2020-07-01,84.7,84.79,82.81,82.91,82.7403690561,1422420,0.0000,1.0
2020-06-30,83.61,84.86,82.16,84.51,84.3370955123,2338153,0.0000,1.0
2020-06-29,81.78,83.34,80.58,82.83,82.6605327332,1607211,0.0000,1.0
2020-06-26,84.62,84.97,81.64,81.85,81.6825377788,2395952,0.0000,1.0
2020-06-25,81.48,84.83,80.63,84.83,84.6564408036,2551761,0.0000,1.0
2020-06-24,83.66,84.86,80.9,81.36,81.1935403015,3000695,0.0000,1.0
2020-06-23,85.0,85.42,83.5,83.74,83.5686709053,1988140,0.0000,1.0
2020-06-22,82.94,84.5,81.79,83.85,83.6784458491,2598564,0.0000,1.0
2020-06-19,80.43,82.79,80.03,82.75,82.5806964104,4815175,0.0000,1.0
2020-06-18,78.86,79.93,78.01,79.61,79.44712074,2025212,0.0000,1.0
2020-06-17,77.47,78.77,77.08,78.42,78.2595554381,2155705,0.0000,1.0
2020-06-16,77.66,78.86,75.81,77.03,76.8723993293,2605225,0.0000,1.0
2020-06-15,70.43,74.67,70.06,74.57,74.4174324027,2745039,0.0000,1.0
2020-06-12,73.5,74.19,70.32,71.75,71.6032020235,2548652,0.0000,1.0
2020-06-11,74.0,74.47,70.76,70.81,70.6651252305,2753224,0.0000,1.0
2020-06-10,75.35,77.48,74.96,76.28,76.1239338029,2280848,0.0000,1.0
2020-06-09,73.66,75.71,72.5,74.86,74.7068390729,2979758,0.0000,1.0
2020-06-08,78.0,78.19,73.91,74.9,74.7467572343,2851252,0.0000,1.0
2020-06-05,75.91,78.03,75.2,76.76,76.6029517398,2529873,0.0000,1.0
2020-06-04,72.45,73.69,71.84,73.19,73.0402558342,1996384,0.0000,1.0
2020-06-03,71.27,73.48,70.62,72.32,72.1720358236,2479193,0.0000,1.0
2020-06-02,67.38,69.49,67.12,69.45,69.3079077427,1344941,0.0000,1.0
2020-06-01,66.84,67.95,66.5,67.16,67.0225930021,1963973,0.0000,1.0
2020-05-29,64.77,67.25,64.77,67.02,66.8828794372,2465128,0.0000,1.0
2020-05-28,67.65,68.17,64.21,64.56,64.4279125107,2279936,0.0000,1.0
2020-05-27,65.97,67.69,64.92,67.59,67.4517132372,2647579,0.0000,1.0
2020-05-26,64.8,65.86,63.11,64.85,64.7173191809,1924775,0.1000,1.0
2020-05-22,61.95,62.8,61.1,62.75,62.5252005943,850399,0.0000,1.0
2020-05-21,62.86,63.42,60.94,61.74,61.5188188795,1530760,0.0000,1.0
2020-05-20,62.73,63.84,62.5,63.53,63.302406275,2042432,0.0000,1.0
2020-05-19,60.99,62.97,60.73,61.12,60.9010400051,1562895,0.0000,1.0
2020-05-18,58.51,60.97,57.5,60.65,60.4327237617,2534835,0.0000,1.0
2020-05-15,57.44,59.36,56.42,56.89,56.6861938137,3275490,0.0000,1.0
2020-05-14,58.93,61.55,57.33,61.39,61.1700727408,2040983,0.0000,1.0
2020-05-13,61.2,62.22,58.64,59.73,59.5160196255,1718300,0.0000,1.0
2020-05-12,63.41,63.92,61.29,61.3,61.0803951622,1735957,0.0000,1.0
2020-05-11,64.18,64.55,63.07,63.11,62.8839109085,2790417,0.0000,1.0
2020-05-08,63.1,65.71,63.1,65.09,64.8568176364,2052703,0.0000,1.0
2020-05-07,61.36,62.64,61.36,62.43,62.2063469817,2482217,0.0000,1.0
2020-05-06,60.42,61.68,59.83,60.5,60.2832611308,1596684,0.0000,1.0
2020-05-05,60.47,61.65,59.09,59.44,59.227058539,1709790,0.0000,1.0
2020-05-04,57.34,59.18,57.05,58.58,58.3701394552,2171347,0.0000,1.0
2020-05-01,60.73,61.06,56.71,57.85,57.6427546515,3333279,0.0000,1.0
2020-04-30,66.7,66.87,62.53,62.54,62.315952911,2207599,0.0000,1.0
2020-04-29,63.09,67.54,63.09,67.32,67.0788287491,2598459,0.0000,1.0
2020-04-28,64.58,64.84,61.8,63.19,62.9636243116,1756211,0.0000,1.0
2020-04-27,62.64,65.11,62.46,63.75,63.5216181336,1626676,0.0000,1.0
2020-04-24,61.22,62.17,60.28,62.0,61.7778874398,1564837,0.0000,1.0
2020-04-23,60.43,62.55,60.43,61.2,60.9807534083,2608671,0.0000,1.0
2020-04-22,66.28,66.28,57.49,62.78,62.5550931205,6689916,0.0000,1.0
2020-04-21,61.47,62.47,60.23,60.93,60.7117206727,3005237,0.0000,1.0
2020-04-20,63.11,63.81,62.46,62.47,62.2462036833,1362925,0.0000,1.0
2020-04-17,65.38,66.44,63.25,63.83,63.6013315368,2944499,0.0000,1.0
2020-04-16,62.43,64.59,61.96,63.86,63.631224063,3100168,0.0000,1.0
2020-04-15,60.92,61.82,59.23,61.1,60.8811116544,1727458,0.0000,1.0
2020-04-14,62.71,64.61,62.56,63.31,63.0831944163,1557507,0.0000,1.0
2020-04-13,60.81,61.43,59.82,60.96,60.7416131989,908208,0.0000,1.0
2020-04-09,63.61,64.89,60.44,61.15,60.9309325313,2686599,0.0000,1.0
2020-04-08,59.95,62.98,59.12,62.78,62.5550931205,1911981,0.0000,1.0
2020-04-07,61.57,62.15,58.93,59.19,58.9779541542,2910605,0.0000,1.0
2020-04-06,55.06,59.46,55.06,59.2,58.9879183296,2591870,0.0000,1.0
2020-04-03,52.71,54.02,51.89,52.86,52.6706311301,1426542,0.0000,1.0
2020-04-02,51.21,53.54,51.15,53.43,53.2385891275,1387342,0.0000,1.0
2020-04-01,52.39,53.94,51.43,52.14,51.9532105018,1839552,0.0000,1.0
2020-03-31,55.97,56.07,53.41,54.17,53.9759381067,2192726,0.0000,1.0
2020-03-30,54.98,56.09,53.74,55.24,55.0421048738,1872103,0.0000,1.0
2020-03-27,55.63,56.61,54.56,54.85,54.6535020334,2156721,0.0000,1.0
2020-03-26,54.97,57.54,54.72,57.51,57.3039726881,2442560,0.0000,1.0
2020-03-25,53.25,56.99,51.05,54.24,54.0456873344,3288069,0.0000,1.0
2020-03-24,48.33,52.98,47.83,52.82,52.6307744285,3422632,0.0000,1.0
2020-03-23,44.61,47.38,43.32,45.97,45.805314284,2652540,0.0000,1.0
2020-03-20,48.39,49.92,44.07,44.29,44.1313328179,2663741,0.0000,1.0
2020-03-19,45.77,50.08,45.57,47.0,46.8316243495,2558466,0.0000,1.0
2020-03-18,47.57,51.1,42.87,46.18,46.0145619672,2622479,0.0000,1.0
2020-03-17,49.55,52.15,47.39,51.72,51.5347151352,2535439,0.0000,1.0
2020-03-16,48.1,53.92,46.78,48.15,47.9775045198,2791912,0.0000,1.0
2020-03-13,53.23,54.88,48.68,54.53,54.3346484208,2910590,0.0000,1.0
2020-03-12,50.8,53.06,49.6,49.83,49.6514859859,3130232,0.0000,1.0
2020-03-11,57.29,58.09,54.67,54.88,54.6833945596,2535144,0.0000,1.0
2020-03-10,56.88,59.16,55.08,59.01,58.7985989971,2713884,0.0000,1.0
2020-03-09,53.4,56.51,53.01,55.08,54.8826780675,2484204,0.0000,1.0
2020-03-06,58.66,59.71,57.25,58.92,58.7089214186,1917185,0.0000,1.0
2020-03-05,60.64,61.54,59.79,60.62,60.4028312355,1637732,0.0000,1.0
2020-03-04,59.59,62.5,59.57,62.47,62.2462036833,2588617,0.0000,1.0
2020-03-03,60.51,61.44,57.9,58.47,58.2605335259,2071551,0.0000,1.0
2020-03-02,59.41,60.68,57.58,60.49,60.2732969554,2780288,0.0000,1.0
2020-02-28,55.77,58.97,55.32,58.76,58.5494946123,3649402,0.0000,1.0
2020-02-27,59.53,60.2,57.58,58.41,58.2007484735,4047688,0.0000,1.0
2020-02-26,61.98,62.96,61.12,61.43,61.2099294423,1973074,0.0000,1.0
2020-02-25,64.7,64.78,61.19,61.63,61.4092129502,2879526,0.0000,1.0
2020-02-24,63.19,64.51,62.68,63.88,63.6511524138,4037275,0.0000,1.0
2020-02-21,67.56,67.56,65.64,66.0,65.7635575972,2329956,0.0000,1.0
2020-02-20,67.86,68.57,66.25,67.89,67.6467867466,1793334,0.1000,1.0
2020-02-19,68.33,68.7,67.85,67.98,67.6368372265,2210201,0.0000,1.0
2020-02-18,67.92,68.31,66.72,67.39,67.0498155442,4029097,0.0000,1.0
2020-02-14,72.8,72.88,69.66,70.16,69.8058325951,2040249,0.0000,1.0
2020-02-13,72.72,73.6,72.11,72.58,72.2136164446,2073785,0.0000,1.0
2020-02-12,72.77,73.56,72.46,73.1,72.7309914866,1503098,0.0000,1.0
2020-02-11,71.39,73.04,71.2,72.4,72.0345250838,1565745,0.0000,1.0
2020-02-10,69.0,70.63,68.83,70.55,70.1938638766,1182558,0.0000,1.0
2020-02-07,70.69,71.0,69.21,69.45,69.0994166723,1604909,0.0000,1.0
2020-02-06,71.28,71.72,70.73,71.37,71.0097245198,1119956,0.0000,1.0
2020-02-05,71.75,71.83,70.2,71.28,70.9201788395,1377207,0.0000,1.0
2020-02-04,69.01,70.66,68.92,70.47,70.1142677163,2006730,0.0000,1.0
2020-02-03,66.38,67.88,66.31,67.8,67.4577458658,2033015,0.0000,1.0
2020-01-31,68.36,68.77,65.58,65.99,65.6568827387,2952793,0.0000,1.0
2020-01-30,69.72,70.66,68.33,68.85,68.5024454699,2411880,0.0000,1.0
2020-01-29,71.57,71.95,69.71,70.03,69.6764888346,2232917,0.0000,1.0
2020-01-28,69.96,71.63,69.02,71.15,70.7908350789,2625120,0.0000,1.0
2020-01-27,70.51,70.51,69.04,69.49,69.1392147524,3699442,0.0000,1.0
2020-01-24,75.87,76.2,71.4,72.1,71.7360394827,5662275,0.0000,1.0
2020-01-23,79.05,81.57,74.95,76.21,75.8252922188,16146835,0.0000,1.0
2020-01-22,72.53,73.79,72.46,73.59,73.2185179685,4299255,0.0000,1.0
2020-01-21,70.46,71.98,70.25,71.55,71.1888158805,2357636,0.0000,1.0
2020-01-17,70.55,70.72,70.04,70.29,69.9351763556,1300466,0.0000,1.0
2020-01-16,69.43,70.82,69.43,70.5,70.1441162764,1609853,0.0000,1.0
2020-01-15,70.27,70.27,68.64,69.15,68.8009310711,1580333,0.0000,1.0
2020-01-14,69.27,70.74,69.27,70.27,69.9152773155,2240768,0.0000,1.0
2020-01-13,69.82,69.82,68.75,69.27,68.9203253116,1477416,0.0000,1.0
2020-01-10,68.53,68.88,67.83,67.93,67.5870896263,1200913,0.0000,1.0
2020-01-09,68.91,69.5,67.47,68.26,67.9154237876,1782997,0.0000,1.0
2020-01-08,68.39,68.87,68.0,68.3,67.9552218678,1188128,0.0000,1.0
2020-01-07,67.08,68.87,66.85,68.22,67.8756257075,2097484,0.0000,1.0
2020-01-06,67.31,67.35,66.23,66.75,66.4130462617,1717617,0.0000,1.0
2020-01-03,68.13,68.91,67.47,68.23,67.8855752275,1363418,0.0000,1.0
2020-01-02,68.84,69.79,68.54,69.68,69.3282556332,1100833,0.0000,1.0
2019-12-31,68.43,68.68,67.88,68.19,67.8457771473,1124764,0.0000,1.0
2019-12-30,69.16,69.3,68.03,68.76,68.4128997896,755050,0.0000,1.0
2019-12-27,69.84,69.9,69.01,69.14,68.7909815511,624780,0.0000,1.0
2019-12-26,68.97,69.74,68.79,69.63,69.278508033,1663197,0.0000,1.0
2019-12-24,69.2,69.24,68.6,68.99,68.6417387505,373486,0.0000,1.0
2019-12-23,69.73,69.8,68.99,69.07,68.7213349108,1235291,0.0000,1.0
2019-12-20,68.82,69.44,68.55,69.35,68.9999214719,3613824,0.0000,1.0
2019-12-19,68.49,68.78,68.05,68.56,68.2139093888,2557446,0.0000,1.0
2019-12-18,68.73,68.8,68.09,68.4,68.0547170682,1227527,0.0000,1.0
2019-12-17,68.66,69.0,67.94,68.52,68.1741113086,1537947,0.0000,1.0
2019-12-16,67.72,69.12,67.41,68.32,67.9751209079,2022003,0.0000,1.0
2019-12-13,66.34,67.37,66.19,66.69,66.3533491415,1132667,0.0000,1.0
2019-12-12,65.59,67.01,65.25,66.41,66.0747625804,1751135,0.0000,1.0
2019-12-11,63.99,65.62,63.9,65.56,65.229053377,1337056,0.0000,1.0
2019-12-10,63.91,64.27,63.58,64.07,63.7465748912,1251141,0.0000,1.0
2019-12-09,64.0,64.06,63.5,63.52,63.199351289,1627246,0.0000,1.0
2019-12-06,62.33,63.99,62.33,63.94,63.6172311307,1596477,0.0000,1.0
2019-12-05,62.6,63.25,62.23,62.66,62.3436925657,1196338,0.0000,1.0
2019-12-04,62.21,63.17,62.21,62.7,62.3834906458,1482221,0.0000,1.0
2019-12-03,61.17,62.2,61.02,61.64,61.3288415217,1608332,0.0000,1.0
2019-12-02,62.57,63.12,61.95,62.54,62.2242983252,1525904,0.0000,1.0
2019-11-29,63.7,64.06,62.52,62.59,62.2740459254,712030,0.0000,1.0
2019-11-27,64.14,64.57,63.84,63.97,63.6470796908,1186659,0.0000,1.0
2019-11-26,63.49,64.02,63.1,63.67,63.3485940896,10827465,0.0900,1.0
2019-11-25,62.41,63.82,62.31,63.59,63.179691,1829592,0.0000,1.0
2019-11-22,62.23,62.77,61.48,61.96,61.5602084346,1723711,0.0000,1.0
2019-11-21,63.56,63.56,61.42,61.78,61.3813698691,2243734,0.0000,1.0
2019-11-20,63.96,64.68,63.3,63.85,63.4380133724,2010617,0.0000,1.0
2019-11-19,65.29,65.57,63.84,64.16,63.7460131241,2523565,0.0000,1.0
2019-11-18,66.55,66.74,65.02,65.11,64.6898833309,2262270,0.0000,1.0
2019-11-15,66.32,67.2,66.05,66.77,66.3391723238,2873553,0.0000,1.0
2019-11-14,65.38,65.85,65.0,65.57,65.1469152205,2057360,0.0000,1.0
2019-11-13,64.66,65.8,64.09,65.66,65.2363345032,2534476,0.0000,1.0
2019-11-12,64.36,65.55,64.36,65.18,64.7594316619,3379323,0.0000,1.0
2019-11-11,63.04,64.33,63.0,64.07,63.6565938413,1071492,0.0000,1.0
2019-11-08,62.58,63.57,62.43,63.51,63.1002071931,2121261,0.0000,1.0
2019-11-07,63.69,64.29,62.29,62.57,62.1662724622,1870969,0.0000,1.0
2019-11-06,62.45,63.09,61.97,63.02,62.6133688759,1489889,0.0000,1.0
2019-11-05,63.26,63.47,62.53,62.59,62.1861434139,1394737,0.0000,1.0
2019-11-04,63.19,63.61,62.56,62.87,62.464336738,1741998,0.0000,1.0
2019-11-01,61.51,62.49,61.51,62.39,61.9874338967,1499745,0.0000,1.0
2019-10-31,62.2,62.23,60.55,61.22,60.8249832209,2185975,0.0000,1.0
2019-10-30,63.62,63.72,62.46,62.77,62.3649819794,1449754,0.0000,1.0
2019-10-29,64.01,64.61,63.25,63.62,63.2094974276,1290347,0.0000,1.0
2019-10-28,64.35,65.04,63.84,64.06,63.6466583654,2040444,0.0000,1.0
2019-10-25,63.03,64.11,63.03,63.62,63.2094974276,2219290,0.0000,1.0
2019-10-24,61.4,63.28,61.22,63.11,62.7027881587,2655846,0.0000,1.0
2019-10-23,63.55,65.44,60.04,60.7,60.3083384762,8615029,0.0000,1.0
2019-10-22,60.05,60.47,58.88,59.15,58.7683397177,3656203,0.0000,1.0
2019-10-21,60.05,61.12,59.73,60.06,59.6724680211,2642327,0.0000,1.0
2019-10-18,60.34,60.34,58.6,58.93,58.5497592488,2924107,0.0000,1.0
2019-10-17,60.7,61.48,59.96,60.31,59.9208549176,2747585,0.0000,1.0
2019-10-16,61.65,61.82,60.21,60.26,59.8711775383,2084728,0.0000,1.0
2019-10-15,60.8,62.09,60.8,61.69,61.2919505864,1787612,0.0000,1.0
2019-10-14,60.99,61.48,60.53,60.62,60.2288546693,1322189,0.0000,1.0
2019-10-11,60.99,61.75,60.71,61.18,60.7852413175,2446637,0.0000,1.0
2019-10-10,60.12,60.71,59.54,59.88,59.4936294556,2276204,0.0000,1.0
2019-10-09,59.15,60.42,58.55,59.85,59.463823028,2864775,0.0000,1.0
2019-10-08,59.03,59.05,57.45,58.04,57.6655018971,2063673,0.0000,1.0
2019-10-07,59.69,60.1,59.07,59.37,58.9869201866,2012424,0.0000,1.0
2019-10-04,58.88,60.0,58.6,59.96,59.5731132624,1993926,0.0000,1.0
2019-10-03,57.49,58.48,56.89,58.43,58.0529854557,1786648,0.0000,1.0
2019-10-02,57.58,58.02,56.97,57.34,56.9700185869,1878209,0.0000,1.0
2019-10-01,58.74,58.97,57.5,58.11,57.7350502282,1774294,0.0000,1.0
2019-09-30,57.9,58.1,57.48,57.91,57.5363407109,1552763,0.0000,1.0
2019-09-27,59.09,59.32,56.63,57.4,57.029631442,2119394,0.0000,1.0
2019-09-26,59.73,59.75,58.92,59.22,58.8378880487,1770990,0.0000,1.0
2019-09-25,57.69,59.72,57.4,59.42,59.036597566,1613701,0.0000,1.0
2019-09-24,58.91,59.31,58.1,58.15,57.7747921316,3045625,0.0000,1.0
2019-09-23,58.53,59.32,58.22,58.71,58.3311787798,1541078,0.0000,1.0
2019-09-20,59.01,59.31,57.61,58.21,57.8344049868,2833864,0.0000,1.0
2019-09-19,58.58,59.39,58.18,58.74,58.3609852074,2043475,0.0000,1.0
2019-09-18,57.78,58.59,57.54,58.5,58.1225337867,2097924,0.0000,1.0
2019-09-17,57.79,58.2,57.3,58.0,57.6257599937,1941229,0.0000,1.0
2019-09-16,57.08,58.07,56.65,57.94,57.5661471385,1093669,0.0000,1.0
2019-09-13,57.6,58.13,56.8,57.84,57.4667923799,1733984,0.0000,1.0
2019-09-12,58.0,58.2,56.86,57.39,57.0196959662,2251877,0.0000,1.0
2019-09-11,57.31,58.08,56.57,57.75,57.3773730972,1340554,0.0000,1.0
2019-09-10,57.39,57.91,55.73,56.85,56.4831802697,3042869,0.0000,1.0
2019-09-09,56.53,57.97,55.2,57.4,57.029631442,2836425,0.0000,1.0
2019-09-06,56.0,56.54,55.53,56.08,55.7181486284,1631309,0.0000,1.0
2019-09-05,54.28,56.13,54.25,55.92,55.5591810146,2407770,0.0000,1.0
2019-09-04,53.18,53.9,52.29,53.64,53.2938925183,1407895,0.0000,1.0
2019-09-03,52.72,52.96,51.89,52.21,51.8731194702,1042563,0.0900,1.0
2019-08-30,53.16,53.38,52.28,52.97,52.5376508286,1475725,0.0000,1.0
2019-08-29,52.57,53.14,52.52,52.65,52.2202627171,1210269,0.0000,1.0
2019-08-28,51.77,52.17,51.32,51.79,51.3672821675,1363010,0.0000,1.0
2019-08-27,52.86,52.97,51.78,51.97,51.5458129802,830076,0.0000,1.0
2019-08-26,52.89,52.89,52.08,52.45,52.0218951474,791081,0.0000,1.0
2019-08-23,53.09,53.8,51.74,51.99,51.5656497372,1389860,0.0000,1.0
2019-08-22,53.95,54.02,52.67,53.65,53.2121005655,881264,0.0000,1.0
2019-08-21,53.76,53.89,53.16,53.43,52.9938962389,2005856,0.0000,1.0
2019-08-20,53.41,53.63,52.68,53.06,52.626916235,1135452,0.0000,1.0
2019-08-19,53.9,54.27,53.0,53.12,52.6864265059,1346081,0.0000,1.0
2019-08-16,52.3,53.42,52.3,52.95,52.5178140716,1236282,0.0000,1.0
2019-08-15,51.53,52.32,51.31,52.03,51.6053232511,1599708,0.0000,1.0
2019-08-14,52.25,52.87,51.26,51.29,50.8713632433,2135914,0.0000,1.0
2019-08-13,51.72,54.35,51.09,53.58,53.1426719161,2082246,0.0000,1.0
2019-08-12,51.76,53.11,51.31,52.25,51.8235275778,2036248,0.0000,1.0
2019-08-09,51.93,52.51,51.01,52.17,51.7441805499,1866138,0.0000,1.0
2019-08-08,51.29,52.63,50.96,52.4,51.972303255,3713661,0.0000,1.0
2019-08-07,50.93,51.09,49.89,50.45,50.0382194507,6208195,0.0000,1.0
2019-08-06,52.65,52.96,50.73,51.26,50.8416081079,4784792,0.0000,1.0
2019-08-05,51.85,52.48,51.11,51.73,51.3077718966,2792501,0.0000,1.0
2019-08-02,54.3,54.76,53.17,53.47,53.0335697528,2282457,0.0000,1.0
2019-08-01,56.4,57.11,54.05,54.8,54.3527140911,2621673,0.0000,1.0
2019-07-31,57.35,57.35,55.05,55.73,55.2751232901,3704034,0.0000,1.0
2019-07-30,56.82,57.75,55.6,57.36,56.891818983,2914219,0.0000,1.0
2019-07-29,56.32,58.02,56.2,57.59,57.1199416881,3573937,0.0000,1.0
2019-07-26,56.24,57.27,56.03,56.35,55.8900627561,2406266,0.0000,1.0
2019-07-25,57.14,57.7,55.75,55.9,55.4437357243,5353676,0.0000,1.0
2019-07-24,53.3,58.61,53.13,57.94,57.467084935,16165099,0.0000,1.0
2019-07-23,47.15,48.23,47.01,48.09,47.6974821285,2831230,0.0000,1.0
2019-07-22,46.4,47.25,46.39,46.84,46.457684818,1815563,0.0000,1.0
2019-07-19,46.29,46.58,45.78,45.96,45.5848675115,1436363,0.0000,1.0
2019-07-18,45.15,46.32,44.85,46.3,45.9220923799,2360138,0.0000,1.0
2019-07-17,45.46,45.75,44.8,45.09,44.7219685834,1770933,0.0000,1.0
2019-07-16,45.18,45.86,43.79,45.16,44.7913972328,2547394,0.0000,1.0
2019-07-15,46.48,46.74,46.1,46.48,46.1006231926,1513537,0.0000,1.0
2019-07-12,45.27,46.35,45.23,46.26,45.882418866,1401805,0.0000,1.0
2019-07-11,45.89,46.0,44.58,45.27,44.9004993961,2171116,0.0000,1.0
2019-07-10,46.85,47.49,45.74,45.92,45.5451939975,2452612,0.0000,1.0
2019-07-09,46.2,46.58,45.71,46.35,45.9716842723,2416296,0.0000,1.0
2019-07-08,46.63,46.99,46.31,46.65,46.2692356268,1501828,0.0000,1.0
2019-07-05,46.96,47.16,46.28,46.91,46.5271134674,1370287,0.0000,1.0
2019-07-03,47.66,47.71,46.95,47.3,46.9139302283,1039880,0.0000,1.0
2019-07-02,48.57,48.68,47.4,47.55,47.1618896904,1474812,0.0000,1.0
2019-07-01,49.4,49.77,48.38,48.83,48.4314421363,2530832,0.0000,1.0
2019-06-28,47.03,48.12,46.89,47.91,47.5189513158,5009066,0.0000,1.0
2019-06-27,46.26,46.98,46.26,46.65,46.2692356268,1241226,0.0000,1.0
2019-06-26,46.23,46.8,45.68,45.94,45.5650307545,1296388,0.0000,1.0
2019-06-25,46.44,46.87,45.43,45.45,45.0790302088,1422920,0.0000,1.0
2019-06-24,45.93,46.4,45.93,46.23,45.8526637305,987866,0.0000,1.0
2019-06-21,45.92,46.21,45.77,46.05,45.6741329178,2304241,0.0000,1.0
2019-06-20,46.38,46.5,45.59,46.2,45.8229085951,1047975,0.0000,1.0
2019-06-19,46.16,46.19,45.44,45.47,45.0988669658,1357583,0.0000,1.0
2019-06-18,44.1,45.87,44.1,45.82,45.4460102127,1725419,0.0000,1.0
2019-06-17,44.0,44.75,43.7,44.09,43.730130735,1694015,0.0000,1.0
2019-06-14,44.4,44.42,43.46,44.03,43.6706204641,1733253,0.0000,1.0
2019-06-13,45.73,46.05,44.77,45.09,44.7219685834,1617674,0.0000,1.0
2019-06-12,46.66,46.75,45.41,45.45,45.0790302088,1546404,0.0000,1.0
2019-06-11,47.66,47.93,46.92,47.36,46.9734404992,1614665,0.0000,1.0
2019-06-10,45.66,47.23,45.66,46.91,46.5271134674,2702908,0.0000,1.0
2019-06-07,45.1,45.52,44.9,45.21,44.8409891252,1742957,0.0000,1.0
2019-06-06,44.74,45.16,44.48,44.89,44.5236010137,1995014,0.0000,1.0
2019-06-05,44.57,44.79,43.61,44.54,44.1764577668,1901594,0.0000,1.0
2019-06-04,42.89,44.38,42.53,44.32,43.9582534401,2226924,0.0000,1.0
2019-06-03,42.45,42.9,41.89,42.3,41.9547409864,1700319,0.0000,1.0
2019-05-31,42.02,42.93,41.98,42.14,41.7960469307,2178820,0.0000,1.0
2019-05-30,42.38,43.31,42.38,42.55,42.2027004485,1508410,0.0000,1.0
2019-05-29,41.12,42.37,40.92,42.32,41.9745777434,2195807,0.0000,1.0
2019-05-28,41.88,42.16,41.33,41.58,41.2406177356,1804468,0.0900,1.0
2019-05-24,42.54,42.89,41.85,41.89,41.4583507786,2065628,0.0000,1.0
2019-05-23,42.8,43.0,41.69,42.31,41.8740229516,2309760,0.0000,1.0
2019-05-22,43.49,43.91,43.15,43.5,43.0517607751,2182677,0.0000,1.0
2019-05-21,44.43,44.95,43.71,43.92,43.4674329481,3962903,0.0000,1.0
2019-05-20,44.11,45.0,43.81,43.83,43.3783603396,2847301,0.0000,1.0
2019-05-17,46.5,46.92,45.82,45.9,45.4270303351,1363917,0.0000,1.0
2019-05-16,46.75,47.43,46.14,46.97,46.4860046806,1850130,0.0000,1.0
2019-05-15,45.66,47.3,45.49,46.79,46.3078594636,1103298,0.0000,1.0
2019-05-14,46.37,46.87,45.88,46.23,45.7536298996,1351606,0.0000,1.0
2019-05-13,46.41,46.88,45.43,45.76,45.2884729441,2008217,0.0000,1.0
2019-05-10,47.69,48.62,47.21,48.25,47.7528151126,1570815,0.0000,1.0
2019-05-09,47.34,48.18,46.64,47.97,47.4757003306,2156377,0.0000,1.0
2019-05-08,47.75,48.76,47.68,48.19,47.6934333736,2212449,0.0000,1.0
2019-05-07,48.03,48.13,46.99,48.12,47.6241546781,2142321,0.0000,1.0
2019-05-06,47.93,48.9,47.38,48.58,48.0794146771,1913660,0.0000,1.0
2019-05-03,49.25,49.46,48.94,49.43,48.9206559796,1907592,0.0000,1.0
2019-05-02,48.68,49.44,48.35,48.96,48.4554990241,1744653,0.0000,1.0
2019-05-01,49.33,49.83,48.74,48.74,48.2377659811,1748090,0.0000,1.0
2019-04-30,48.84,49.34,48.42,49.0,48.4950868501,1665379,0.0000,1.0
2019-04-29,48.77,49.27,48.51,49.1,48.5940564151,2018330,0.0000,1.0
2019-04-26,47.88,49.53,47.38,48.76,48.2575598941,2745817,0.0000,1.0
2019-04-25,48.46,48.88,47.53,48.15,47.6538455476,3959431,0.0000,1.0
2019-04-24,46.71,49.45,45.96,47.99,47.4954942436,10155237,0.0000,1.0
2019-04-23,44.64,44.89,44.36,44.59,44.1305290336,3200623,0.0000,1.0
2019-04-22,44.71,44.88,44.53,44.85,44.3878499026,1701133,0.0000,1.0
2019-04-18,45.0,45.19,44.59,44.81,44.3482620766,1430551,0.0000,1.0
2019-04-17,45.46,45.57,44.57,44.85,44.3878499026,2130176,0.0000,1.0
2019-04-16,44.48,45.21,44.0,45.13,44.6649646846,1836412,0.0000,1.0
2019-04-15,44.0,44.25,43.4,43.94,43.4872268611,1364057,0.0000,1.0
2019-04-12,44.25,44.35,43.82,44.14,43.6851659911,1273562,0.0000,1.0
2019-04-11,44.0,44.21,43.38,43.61,43.1606272966,1536511,0.0000,1.0
2019-04-10,43.67,44.07,43.13,43.92,43.4674329481,2885997,0.0000,1.0
2019-04-09,44.05,44.2,43.53,43.7,43.2496999051,2599756,0.0000,1.0
2019-04-08,44.12,44.37,43.63,44.31,43.8534142516,1270413,0.0000,1.0
2019-04-05,43.89,44.4,43.64,44.15,43.6950629476,1575961,0.0000,1.0
2019-04-04,43.47,43.75,42.99,43.63,43.1804212096,1693482,0.0000,1.0
2019-04-03,42.7,43.73,42.29,43.6,43.1507303401,2964593,0.0000,1.0
2019-04-02,41.73,42.19,41.17,42.02,41.5870112131,2232906,0.0000,1.0
2019-04-01,40.13,41.9,40.13,41.78,41.3494842571,2904761,0.0000,1.0
2019-03-29,39.65,39.94,39.5,39.84,39.4294746961,1160695,0.0000,1.0
2019-03-28,39.37,39.71,39.01,39.22,38.8158633931,1060388,0.0000,1.0
2019-03-27,39.79,40.06,38.86,39.3,38.8950390451,1510553,0.0000,1.0
2019-03-26,39.44,40.2,39.44,39.8,39.3898868701,1219295,0.0000,1.0
2019-03-25,39.41,39.79,39.09,39.51,39.1028751316,1204845,0.0000,1.0
2019-03-22,40.33,40.72,39.59,39.61,39.2018446966,3130478,0.0000,1.0
2019-03-21,39.53,40.88,39.44,40.51,40.0925707816,4585446,0.0000,1.0
2019-03-20,40.56,40.56,39.2,39.58,39.1721538271,3597026,0.0000,1.0
2019-03-19,40.57,40.78,40.28,40.54,40.1222616511,1535325,0.0000,1.0
2019-03-18,40.44,40.93,40.08,40.39,39.9738073036,2611427,0.0000,1.0
2019-03-15,39.51,40.59,39.27,40.46,40.0430859991,3890333,0.0000,1.0
2019-03-14,39.63,39.83,39.2,39.27,38.8653481756,1690521,0.0000,1.0
2019-03-13,39.8,39.8,38.84,39.61,39.2018446966,2189375,0.0000,1.0
2019-03-12,39.58,39.79,39.14,39.59,39.1820507836,1261907,0.0000,1.0
2019-03-11,38.92,39.7,38.87,39.53,39.1226690446,1230773,0.0000,1.0
2019-03-08,38.28,38.83,38.0,38.75,38.3507064376,2199613,0.0000,1.0
2019-03-07,39.76,39.77,38.6,38.87,38.4694699156,2503454,0.0000,1.0
2019-03-06,40.35,40.49,39.91,39.94,39.5284442611,1392013,0.0000,1.0
2019-03-05,40.59,40.67,40.33,40.4,39.9837042601,1182539,0.0000,1.0
2019-03-04,41.14,41.45,40.09,40.64,40.2212312161,1849316,0.0000,1.0
2019-03-01,41.38,41.64,40.72,41.0,40.5775216501,1521029,0.0000,1.0
2019-02-28,40.75,41.02,40.56,40.83,40.4092733896,1473632,0.0000,1.0
2019-02-27,41.31,41.42,40.74,41.22,40.7952546931,1204365,0.0000,1.0
2019-02-26,41.81,42.16,41.37,41.47,41.0426786056,1689150,0.0000,1.0
2019-02-25,41.69,42.49,41.57,42.07,41.6364959956,2211578,0.0000,1.0
2019-02-22,40.58,41.26,40.5,41.24,40.8150486061,1578018,0.0000,1.0
2019-02-21,41.25,41.2537,40.82,41.1,40.6764912151,1812335,0.0900,1.0
2019-02-20,40.67,41.29,40.44,41.29,40.7752445319,2340121,0.0000,1.0
2019-02-19,40.0,40.81,39.91,40.38,39.8765893485,2570096,0.0000,1.0
2019-02-15,39.56,40.1,39.5,39.77,39.2741941156,1742098,0.0000,1.0
2019-02-14,39.11,39.89,39.0,39.53,39.0371861552,1820793,0.0000,1.0
2019-02-13,39.0,39.46,38.98,39.15,38.6619235511,2877209,0.0000,1.0
2019-02-12,38.22,38.96,38.06,38.91,38.4249155906,1707557,0.0000,1.0
2019-02-11,37.46,37.99,37.27,37.87,37.3978810953,1421324,0.0000,1.0
2019-02-08,37.24,37.87,37.04,37.54,37.0719951496,1767322,0.0000,1.0
2019-02-07,38.02,38.35,37.31,37.64,37.1707484665,2275671,0.0000,1.0
2019-02-06,37.56,38.92,37.56,38.5,38.0200269915,2701819,0.0000,1.0
2019-02-05,37.01,37.5,36.84,37.35,36.8843638476,1694860,0.0000,1.0
2019-02-04,36.76,36.93,36.44,36.93,36.4695999168,1650370,0.0000,1.0
2019-02-01,36.24,37.13,36.01,36.76,36.3017192781,2990081,0.0000,1.0
2019-01-31,36.56,37.08,35.91,35.99,35.5413187383,3874489,0.0000,1.0
2019-01-30,36.82,37.2,36.15,36.9,36.4399739217,2711624,0.0000,1.0
2019-01-29,36.76,36.95,36.29,36.34,35.8869553473,2010741,0.0000,1.0
2019-01-28,36.01,37.28,35.28,36.77,36.3115946098,3643978,0.0000,1.0
2019-01-25,35.82,36.94,35.5,36.75,36.2918439464,3998124,0.0000,1.0
2019-01-24,34.7,37.47,34.05,36.04,35.5906953967,10477183,0.0000,1.0
2019-01-23,32.21,32.45,31.51,31.93,31.5319340737,4397774,0.0000,1.0
2019-01-22,32.47,32.575,31.63,31.8,31.4035547618,2152500,0.0000,1.0
2019-01-18,32.34,33.37,32.31,32.9,32.4898412473,2448032,0.0000,1.0
2019-01-17,31.45,32.31,31.35,32.11,31.7096900441,2838477,0.0000,1.0
2019-01-16,31.8,32.31,31.69,31.71,31.3146767766,1639681,0.0000,1.0
2019-01-15,31.53,31.98,31.45,31.79,31.3936794301,2224400,0.0000,1.0
2019-01-14,31.11,31.85,30.84,31.49,31.0974194795,2764707,0.0000,1.0
2019-01-11,31.91,32.66,31.9,32.33,31.9269473412,1403916,0.0000,1.0
2019-01-10,31.63,32.32,31.47,32.17,31.7689420342,1589585,0.0000,1.0
2019-01-09,31.01,32.4,31.01,31.9,31.5023080787,2651142,0.0000,1.0
2019-01-08,31.25,31.59,30.4,30.78,30.3962709298,1889028,0.0000,1.0
2019-01-07,31.21,31.74,30.65,31.15,30.7616582022,2407615,0.0000,1.0
2019-01-04,30.22,31.24,30.02,31.1,30.7122815438,3446085,0.0000,1.0
2019-01-03,30.93,31.21,29.58,29.6,29.2309817909,4214232,0.0000,1.0
2019-01-02,30.54,32.17,30.54,31.74,31.3443027717,2411018,0.0000,1.0
2018-12-31,31.61,31.76,30.91,31.38,30.988790831,2307415,0.0000,1.0
2018-12-28,31.82,31.955,30.99,31.19,30.801159529,2746334,0.0000,1.0
2018-12-27,29.84,30.97,29.67,30.92,30.5345255734,2333745,0.0000,1.0
2018-12-26,29.36,30.51,28.73,30.49,30.1098863109,2139287,0.0000,1.0
2018-12-24,29.34,29.88,28.89,28.94,28.5792098996,1564519,0.0000,1.0
2018-12-21,30.18,30.56,29.51,29.56,29.1914804641,6730543,0.0000,1.0
2018-12-20,30.68,31.34,29.89,30.69,30.3073929447,4532669,0.0000,1.0
2018-12-19,31.77,32.42,30.56,30.6,30.2185149595,3957688,0.0000,1.0
2018-12-18,32.06,33.26,31.87,31.96,31.5615600688,2798973,0.0000,1.0
2018-12-17,32.31,32.84,31.74,31.8,31.4035547618,2786940,0.0000,1.0
2018-12-14,32.47,33.13,32.2,32.51,32.1047033115,1651787,0.0000,1.0
2018-12-13,33.32,33.54,32.86,33.0,32.5885945641,1818868,0.0000,1.0
2018-12-12,33.6,34.04,33.09,33.36,32.9441065048,2052061,0.0000,1.0
2018-12-11,33.33,34.18,32.9,32.96,32.5490932374,1697227,0.0000,1.0
2018-12-10,32.51,33.12,32.36,32.87,32.4602152522,1865196,0.0000,1.0
2018-12-07,33.92,33.92,32.29,32.61,32.2034566284,2758950,0.0000,1.0
2018-12-06,33.43,33.82,32.83,33.81,33.3884964307,3373183,0.0000,1.0
2018-12-04,35.79,35.87,34.42,34.49,34.0600189854,2914363,0.0000,1.0
2018-12-03,36.64,37.13,35.39,35.96,35.5116927432,4077766,0.0000,1.0
2018-11-30,35.23,35.71,34.79,35.69,35.2450587877,3284508,0.0000,1.0
2018-11-29,36.39,36.53,35.35,35.37,34.9290481738,2763685,0.0000,1.0
2018-11-28,36.48,36.57,35.96,36.4,35.9462073374,5100862,0.0000,1.0
2018-11-27,36.29,36.54,35.97,36.27,35.8178280255,1806200,0.0900,1.0
2018-11-26,36.49,36.75,35.93,36.62,36.0739511082,1202398,0.0000,1.0
2018-11-23,35.31,36.33,35.31,35.86,35.3252836357,314969,0.0000,1.0
2018-11-21,35.68,36.18,35.22,35.81,35.2760291967,1306438,0.0000,1.0
2018-11-20,33.87,35.48,33.09,35.28,34.7539321436,2970744,0.0000,1.0
2018-11-19,36.13,36.44,35.08,35.29,34.7637830314,1761299,0.0000,1.0
2018-11-16,35.61,36.61,35.36,36.41,35.8670824645,1644770,0.0000,1.0
2018-11-15,34.65,36.64,34.61,36.5,35.9557404546,2248348,0.0000,1.0
2018-11-14,34.56,35.24,34.38,34.89,34.3697475195,3088358,0.0000,1.0
2018-11-13,34.36,35.1,33.94,34.02,33.5127202813,2435018,0.0000,1.0
2018-11-12,35.01,35.01,33.66,34.04,33.5324220569,2475269,0.0000,1.0
2018-11-09,36.4,36.63,35.14,35.59,35.0593096652,1386113,0.0000,1.0
2018-11-08,36.33,36.93,36.32,36.75,36.2020126495,1388504,0.0000,1.0
2018-11-07,36.72,36.78,35.72,36.56,36.0148457814,1499535,0.0000,1.0
2018-11-06,35.7,36.3,35.57,36.19,35.650362933,1573410,0.0000,1.0
2018-11-05,36.25,36.34,35.02,35.79,35.2563274211,1525671,0.0000,1.0
2018-11-02,36.22,36.45,35.45,36.11,35.5715558306,2154546,0.0000,1.0
2018-11-01,34.8,36.23,34.26,36.19,35.650362933,3791191,0.0000,1.0
2018-10-31,34.73,34.93,34.29,34.45,33.9363084565,2502165,0.0000,1.0
2018-10-30,32.6,34.02,32.45,33.99,33.4831676179,3441335,0.0000,1.0
2018-10-29,32.91,33.84,31.96,32.43,31.9464291218,4901622,0.0000,1.0
2018-10-26,31.93,32.86,31.88,32.35,31.8676220194,5828502,0.0000,1.0
2018-10-25,31.45,33.25,31.28,32.79,32.3010610824,7263073,0.0000,1.0
2018-10-24,30.96,32.31,30.22,30.23,29.7792338067,7696556,0.0000,1.0
2018-10-23,31.32,32.59,30.81,32.2,31.7198587025,4169853,0.0000,1.0
2018-10-22,33.0,33.12,32.08,32.29,31.8085166926,2510119,0.0000,1.0
2018-10-19,32.84,33.23,32.51,32.77,32.2813593068,3068683,0.0000,1.0
2018-10-18,32.59,33.25,32.0,32.79,32.3010610824,3404813,0.0000,1.0
2018-10-17,35.29,35.72,34.08,34.14,33.6309309348,2627275,0.0000,1.0
2018-10-16,33.7,34.63,33.45,34.59,34.0742208857,2316517,0.0000,1.0
2018-10-15,33.07,33.77,33.05,33.25,32.754201921,2609436,0.0000,1.0
2018-10-12,33.54,33.84,32.56,33.25,32.754201921,2475093,0.0000,1.0
2018-10-11,32.48,33.69,32.48,32.65,32.1631486533,3868083,0.0000,1.0
2018-10-10,33.23,34.02,32.41,32.45,31.9661308974,4942475,0.0000,1.0
2018-10-09,34.44,34.57,33.83,34.0,33.4930185057,2855384,0.0000,1.0
2018-10-08,34.29,34.93,33.66,34.52,34.0052646711,2022209,0.0000,1.0
2018-10-05,35.99,36.25,34.8,34.94,34.4190019585,3306081,0.0000,1.0
2018-10-04,36.3,36.31,35.61,35.94,35.4040907381,2525131,0.0000,1.0
2018-10-03,36.73,36.98,35.81,36.6,36.0542493326,2739461,0.0000,1.0
2018-10-02,36.7,37.34,36.7,36.93,36.3793286299,1767167,0.0000,1.0
2018-10-01,37.45,37.66,36.7,36.9,36.3497759665,2321899,0.0000,1.0
2018-09-28,36.96,37.21,36.64,36.98,36.4285830688,3793863,0.0000,1.0
2018-09-27,37.22,37.47,37.01,37.14,36.5861972736,1306160,0.0000,1.0
2018-09-26,37.36,37.69,37.0,37.04,36.4876883956,1690302,0.0000,1.0
2018-09-25,38.3,38.6,37.31,37.47,36.9112765708,2130197,0.0000,1.0
2018-09-24,38.06,38.59,37.85,38.45,37.8766635748,1466676,0.0000,1.0
2018-09-21,37.8,38.39,37.66,38.21,37.6402422677,4410737,0.0000,1.0
2018-09-20,37.45,38.09,37.22,37.77,37.2068032047,2238638,0.0000,1.0
2018-09-19,37.49,37.66,36.77,37.13,36.5763463858,1747339,0.0000,1.0
2018-09-18,37.36,37.67,37.21,37.48,36.9211274586,2304290,0.0000,1.0
2018-09-17,37.49,37.79,37.12,37.22,36.6650043759,1446083,0.0000,1.0
2018-09-14,37.68,38.1,37.18,37.54,36.9802327854,1875189,0.0000,1.0
2018-09-13,37.11,38.04,37.04,37.41,36.8521712441,2704793,0.0000,1.0
2018-09-12,37.66,37.92,36.44,36.67,36.1232055472,5786939,0.0000,1.0
2018-09-11,39.21,39.28,38.51,38.56,37.9850233406,2553652,0.0000,1.0
2018-09-10,40.25,40.25,39.29,39.45,38.8617523544,1431583,0.0000,1.0
2018-09-07,39.59,40.28,39.44,39.7,39.1080245493,2205582,0.0000,1.0
2018-09-06,40.87,40.94,39.35,39.59,38.9996647835,2584768,0.0000,1.0
2018-09-05,41.06,41.3,40.65,40.91,40.2999819726,2305899,0.0000,1.0
2018-09-04,41.0,41.52,40.81,41.2,40.5856577187,1598373,0.0900,1.0
2018-08-31,41.2,41.28,40.84,41.19,40.487363561,1460714,0.0000,1.0
2018-08-30,41.41,41.51,41.08,41.12,40.4185576506,1127408,0.0000,1.0
2018-08-29,41.9,41.9,41.28,41.52,40.8117342814,1563003,0.0000,1.0
2018-08-28,41.78,41.92,41.34,41.7,40.9886637653,1434683,0.0000,1.0
2018-08-27,41.05,41.78,41.0,41.68,40.9690049337,1915980,0.0000,1.0
2018-08-24,40.67,40.85,40.44,40.73,40.0352104355,1526470,0.0000,1.0
2018-08-23,39.94,40.63,39.91,40.27,39.58305731,1876260,0.0000,1.0
2018-08-22,39.72,40.0,39.46,39.93,39.2488571738,1255723,0.0000,1.0
2018-08-21,39.38,40.26,39.23,39.88,39.199710095,2065771,0.0000,1.0
2018-08-20,39.29,39.51,38.83,39.15,38.4821627437,2128536,0.0000,1.0
2018-08-17,39.85,39.91,38.97,39.26,38.5902863171,3744164,0.0000,1.0
2018-08-16,40.71,40.97,40.13,40.22,39.5339102312,2303928,0.0000,1.0
2018-08-15,41.45,41.61,40.2,40.37,39.6813514677,2693455,0.0000,1.0
2018-08-14,41.91,42.41,41.735,41.88,41.1655932492,2371378,0.0000,1.0
2018-08-13,41.97,42.08,41.59,41.62,40.9100284391,2207472,0.0000,1.0
2018-08-10,42.14,42.45,41.39,41.71,40.9984931811,3244445,0.0000,1.0
2018-08-09,43.5,43.63,42.62,42.71,41.9814347582,2558321,0.0000,1.0
2018-08-08,44.11,44.51,43.62,43.93,43.1806234822,1271266,0.0000,1.0
2018-08-07,44.0,44.41,43.78,44.01,43.2592588084,1375297,0.0000,1.0
2018-08-06,43.97,44.05,43.53,43.98,43.2297705611,1609074,0.0000,1.0
2018-08-03,43.6,43.82,43.4,43.75,43.0036939983,2880696,0.0000,1.0
2018-08-02,42.81,43.71,42.26,43.57,42.8267645145,1352360,0.0000,1.0
2018-08-01,43.17,43.77,42.97,43.29,42.5515408729,2132554,0.0000,1.0
2018-07-31,43.37,43.89,43.25,43.25,42.5122232098,2745409,0.0000,1.0
2018-07-30,44.27,44.49,43.19,43.22,42.4827349625,2385419,0.0000,1.0
2018-07-27,44.23,44.54,43.91,44.25,43.4951647869,3946835,0.0000,1.0
2018-07-26,43.2,44.45,43.01,44.02,43.2690882242,4885370,0.0000,1.0
2018-07-25,44.61,45.8,41.95,42.96,42.2271701524,9597791,0.0000,1.0
2018-07-24,41.26,41.62,40.07,40.38,39.6911808835,2748306,0.0000,1.0
2018-07-23,39.92,40.89,39.23,40.73,40.0352104355,3070993,0.0000,1.0
2018-07-20,40.02,40.34,39.75,40.22,39.5339102312,2348353,0.0000,1.0
2018-07-19,41.16,41.16,39.75,40.03,39.3471513315,2928685,0.0000,1.0
2018-07-18,40.84,41.46,40.6,41.38,40.6741224606,3820450,0.0000,1.0
2018-07-17,39.53,40.38,39.37,40.32,39.6322043889,1734633,0.0000,1.0
2018-07-16,39.6,40.0,39.47,39.83,39.1505630161,1605580,0.0000,1.0
2018-07-13,39.6,39.95,39.33,39.58,38.9048276218,1660515,0.0000,1.0
2018-07-12,39.43,39.83,39.17,39.75,39.0719276899,2227634,0.0000,1.0
2018-07-11,39.43,39.67,38.77,38.87,38.2069391021,2905874,0.0000,1.0
2018-07-10,40.24,40.76,39.94,40.11,39.4257866577,1910083,0.0000,1.0
2018-07-09,39.75,40.2,39.43,40.18,39.4945925681,1895483,0.0000,1.0
2018-07-06,39.05,39.57,38.73,39.52,38.8458511272,1777425,0.0000,1.0
2018-07-05,38.26,39.21,38.05,39.2,38.5313098225,3323962,0.0000,1.0
2018-07-03,38.61,38.85,37.75,37.82,37.1748504461,1614260,0.0000,1.0
2018-07-02,37.47,38.41,37.41,38.31,37.6564918189,2074060,0.0000,1.0
2018-06-29,38.63,38.74,38.04,38.07,37.4205858404,2830889,0.0000,1.0
2018-06-28,37.06,37.9,36.8,37.67,37.0274092095,2244413,0.0000,1.0
2018-06-27,38.21,38.49,37.27,37.28,36.6440619945,2321916,0.0000,1.0
2018-06-26,37.89,38.52,37.69,38.05,37.4009270088,2367177,0.0000,1.0
2018-06-25,38.32,38.49,37.06,37.67,37.0274092095,2795775,0.0000,1.0
2018-06-22,39.24,39.38,38.44,38.8,38.1381331917,4298937,0.0000,1.0
2018-06-21,39.39,39.55,38.92,39.1,38.4330156648,2277842,0.0000,1.0
2018-06-20,39.12,39.5,38.98,39.2,38.5313098225,1530535,0.0000,1.0
2018-06-19,38.28,39.07,37.94,38.99,38.3248920913,2164652,0.0000,1.0
2018-06-18,38.87,39.12,38.69,39.05,38.383868586,1418929,0.0000,1.0
2018-06-15,38.87,39.36,38.87,39.34,38.6689216433,3188851,0.0000,1.0
2018-06-14,38.96,39.31,38.69,39.05,38.383868586,2523994,0.0000,1.0
2018-06-13,39.21,39.73,38.91,38.93,38.2659155967,2805319,0.0000,1.0
2018-06-12,39.05,39.23,38.57,39.09,38.423186249,2981862,0.0000,1.0
2018-06-11,38.85,39.25,38.65,39.02,38.3543803386,1601028,0.0000,1.0
2018-06-08,38.3,38.8,37.69,38.69,38.0300096182,3090772,0.0000,1.0
2018-06-07,39.63,40.04,38.55,38.81,38.1479626074,2309622,0.0000,1.0
2018-06-06,39.4,39.63,39.06,39.62,38.9441452849,1748640,0.0000,1.0
2018-06-05,39.66,39.73,39.08,39.46,38.7868746326,3077672,0.0000,1.0
2018-06-04,39.17,39.66,39.03,39.32,38.6492628118,3010039,0.0000,1.0
2018-06-01,38.35,39.35,38.11,39.31,38.639433396,5614303,0.0000,1.0
2018-05-31,38.54,39.14,37.88,37.91,37.2633151881,3651353,0.0000,1.0
2018-05-30,38.92,39.31,38.38,38.57,37.9120566289,2499691,0.0900,1.0
2018-05-29,38.29,38.92,38.0,38.55,37.8041847658,3093608,0.0000,1.0
2018-05-25,38.55,38.9,38.31,38.73,37.98070236,1564600,0.0000,1.0
2018-05-24,38.61,38.81,38.01,38.52,37.7747651668,1732082,0.0000,1.0
2018-05-23,37.85,38.5,37.77,38.47,37.7257325017,1655850,0.0000,1.0
2018-05-22,38.57,38.9,38.26,38.32,37.5786345065,2334084,0.0000,1.0
2018-05-21,37.84,38.29,37.68,38.18,37.4413430443,2716424,0.0000,1.0
2018-05-18,37.17,37.56,36.71,37.39,36.6666269363,3953341,0.0000,1.0
2018-05-17,37.65,38.14,37.35,37.72,36.9902425257,3260795,0.0000,1.0
2018-05-16,36.02,37.75,36.02,37.56,36.8333379975,4451524,0.0000,1.0
2018-05-15,36.27,36.38,35.45,35.87,35.1760339183,2354674,0.0000,1.0
2018-05-14,36.65,37.21,36.57,36.64,35.9311369603,1703329,0.0000,1.0
2018-05-11,36.53,36.86,36.09,36.33,35.6271344369,1542891,0.0000,1.0
2018-05-10,36.87,37.08,36.36,36.68,35.9703630923,2740510,0.0000,1.0
2018-05-09,36.31,36.84,36.21,36.67,35.9605565593,3210504,0.0000,1.0
2018-05-08,36.07,36.17,35.73,36.09,35.3917776446,3435916,0.0000,1.0
2018-05-07,35.94,36.23,35.57,36.14,35.4408103096,4588966,0.0000,1.0
2018-05-04,34.53,35.74,34.36,35.7,35.009322857,5251144,0.0000,1.0
2018-05-03,33.97,34.93,33.61,34.88,34.20518715,5253012,0.0000,1.0
2018-05-02,33.75,34.63,33.55,34.33,33.6658278342,7632601,0.0000,1.0
2018-05-01,32.5,33.57,32.06,33.51,32.8616921272,4885957,0.0000,1.0
2018-04-30,33.16,33.16,32.23,32.55,31.9202649579,5860275,0.0000,1.0
2018-04-27,34.15,34.15,33.04,33.2,32.5576896037,6685672,0.0000,1.0
2018-04-26,34.73,35.45,33.74,34.05,33.3912449099,7442612,0.0000,1.0
2018-04-25,37.04,37.45,34.35,34.7,34.0286695557,20187941,0.0000,1.0
2018-04-24,41.12,41.72,40.34,41.5,40.6971120047,5928253,0.0000,1.0
2018-04-23,41.11,41.7,40.33,40.45,39.6674260383,2839577,0.0000,1.0
2018-04-20,41.29,41.66,40.62,40.9,40.1087200239,5931174,0.0000,1.0
2018-04-19,42.24,42.51,40.85,41.45,40.6480793396,6008880,0.0000,1.0
2018-04-18,44.26,44.26,42.96,43.36,42.5211271451,3693610,0.0000,1.0
2018-04-17,44.86,45.06,44.56,44.72,43.8548156349,2279990,0.0000,1.0
2018-04-16,43.69,44.43,43.39,44.29,43.4331347154,2134637,0.0000,1.0
2018-04-13,44.13,44.13,43.16,43.47,42.6289990083,1771075,0.0000,1.0
2018-04-12,43.5,43.89,43.43,43.71,42.8643558006,2390732,0.0000,1.0
2018-04-11,43.29,44.14,43.0,43.2,42.3642226169,1882261,0.0000,1.0
2018-04-10,43.53,44.05,42.5,43.44,42.5995794092,2419437,0.0000,1.0
2018-04-09,42.94,44.04,42.23,42.4,41.5796999759,3454985,0.0000,1.0
2018-04-06,43.2,43.97,42.45,42.68,41.8542829002,2139367,0.0000,1.0
2018-04-05,44.92,45.28,43.68,43.87,43.0212603288,3036715,0.0000,1.0
2018-04-04,43.13,44.63,43.0,44.58,43.7175241727,2197538,0.0000,1.0
2018-04-03,44.27,44.72,43.41,44.29,43.4331347154,2300710,0.0000,1.0
2018-04-02,45.36,45.68,43.17,43.79,42.9428080647,2506921,0.0000,1.0
2018-03-29,45.1,46.3,44.78,45.71,44.8256624032,1798575,0.0000,1.0
2018-03-28,45.54,45.91,44.47,44.83,43.9626874981,1837089,0.0000,1.0
2018-03-27,48.01,48.08,45.4,45.76,44.8746950683,2026797,0.0000,1.0
2018-03-26,47.3,47.7,46.52,47.7,46.7771624729,1901407,0.0000,1.0
2018-03-23,47.75,47.85,45.64,45.65,44.7668232052,2912567,0.0000,1.0
2018-03-22,48.63,49.12,47.27,47.72,46.7967755389,3017547,0.0000,1.0
2018-03-21,49.15,50.29,49.05,49.5,48.5423384152,1907062,0.0000,1.0
2018-03-20,48.6,49.17,48.43,48.99,48.0422052316,1588994,0.0000,1.0
2018-03-19,49.09,49.19,47.87,48.7,47.7578157742,1775426,0.0000,1.0
2018-03-16,49.26,49.74,49.01,49.23,48.2775620239,2261162,0.0000,1.0
2018-03-15,49.44,49.84,49.11,49.14,48.1893032268,1640320,0.0000,1.0
2018-03-14,49.03,49.8,48.69,49.35,48.39524042,1456732,0.0000,1.0
2018-03-13,50.28,50.68,48.83,49.0,48.0520117646,1993198,0.0000,1.0
2018-03-12,49.68,50.3,49.27,49.92,48.9542128018,2056818,0.0000,1.0
2018-03-09,49.05,49.96,49.05,49.4,48.4442730851,2435538,0.0000,1.0
2018-03-08,48.25,48.49,47.73,48.47,47.5322655149,1866007,0.0000,1.0
2018-03-07,46.86,48.21,46.86,47.92,46.9929061991,2731874,0.0000,1.0
2018-03-06,46.45,47.42,46.35,47.39,46.4731599494,2116452,0.0000,1.0
2018-03-05,45.64,46.35,45.34,46.12,45.2277302568,1894524,0.0000,1.0
2018-03-02,44.4,45.72,43.8,45.65,44.7668232052,1378694,0.0000,1.0
2018-03-01,45.36,46.04,44.48,44.9,44.0313332292,1946094,0.0000,1.0
2018-02-28,45.0,46.23,44.79,45.4,44.5216598798,2212454,0.0000,1.0
2018-02-27,45.32,45.75,44.76,44.76,43.894041767,1809245,0.0000,1.0
2018-02-26,44.67,45.58,44.4,45.52,44.639338276,1501216,0.0000,1.0
2018-02-23,44.3,44.69,43.86,44.42,43.5606196445,1268730,0.0000,1.0
2018-02-22,44.32,44.57,43.48,43.99,43.138938725,2207752,0.0900,1.0
2018-02-21,45.0,45.24,44.05,44.05,43.1095791932,3480301,0.0000,1.0
2018-02-20,43.24,45.21,43.07,44.9,43.9414325942,3182378,0.0000,1.0
2018-02-16,43.37,43.76,42.99,43.31,42.3853774088,2193107,0.0000,1.0
2018-02-15,43.14,43.49,42.16,43.46,42.5321750678,2331890,0.0000,1.0
2018-02-14,40.25,42.93,40.17,42.71,41.7981867728,3057498,0.0000,1.0
2018-02-13,40.04,40.98,40.01,40.48,39.615794909,4178100,0.0000,1.0
2018-02-12,41.67,42.43,41.44,42.03,41.132704052,2172494,0.0000,1.0
2018-02-09,40.29,41.59,39.24,41.27,40.3889292464,4430460,0.0000,1.0
2018-02-08,42.12,42.24,39.61,39.67,38.8230875504,3609158,0.0000,1.0
2018-02-07,42.89,43.31,41.98,41.98,41.083771499,2595794,0.0000,1.0
2018-02-06,42.0,43.74,41.75,43.15,42.2287932392,5191256,0.0000,1.0
2018-02-05,43.69,45.06,42.91,42.97,42.0526360484,2786703,0.0000,1.0
2018-02-02,45.49,45.59,44.33,44.42,43.4716800854,2121500,0.0000,1.0
2018-02-01,45.62,46.55,45.51,45.86,44.8809376118,1939464,0.0000,1.0
2018-01-31,46.77,47.08,45.75,45.84,44.8613645906,2598839,0.0000,1.0
2018-01-30,46.1,46.98,45.79,46.33,45.34090361,2673096,0.0000,1.0
2018-01-29,47.66,47.75,46.39,46.86,45.8595886718,2621361,0.0000,1.0
2018-01-26,45.45,47.72,45.45,47.7,46.6816555622,5016195,0.0000,1.0
2018-01-25,46.75,46.75,44.11,44.8,43.8435674882,7460000,0.0000,1.0
2018-01-24,48.1,48.24,46.63,46.79,45.7910830976,4758063,0.0000,1.0
2018-01-23,47.96,48.53,47.88,48.42,47.3862843254,1992343,0.0000,1.0
2018-01-22,47.48,47.79,46.91,47.77,46.7501611364,2107647,0.0000,1.0
2018-01-19,47.3,47.72,47.09,47.42,46.4076332654,1823000,0.0000,1.0
2018-01-18,46.96,47.3,46.16,47.19,46.1825435216,2756061,0.0000,1.0
2018-01-17,45.84,47.0,45.7,46.76,45.7617235658,3681537,0.0000,1.0
2018-01-16,45.06,46.28,44.87,45.31,44.3426795288,4815961,0.0000,1.0
2018-01-12,44.46,44.86,44.23,44.6,43.6478372762,2130979,0.0000,1.0
2018-01-11,44.35,44.54,44.05,44.53,43.579331702,1552552,0.0000,1.0
2018-01-10,44.82,44.82,43.71,44.29,43.3444554476,4060789,0.0000,1.0
2018-01-09,46.31,46.48,45.37,45.41,44.4405446348,1777528,0.0000,1.0
2018-01-08,45.61,46.32,45.3,46.19,45.2038924616,2507409,0.0000,1.0
2018-01-05,44.84,45.76,44.66,45.61,44.6362748468,2168931,0.0000,1.0
2018-01-04,44.53,44.73,44.03,44.58,43.628264255,1354284,0.0000,1.0
2018-01-03,44.2,44.4,43.49,44.37,43.4227475324,2156516,0.0000,1.0
2018-01-02,43.71,44.5,43.08,44.18,43.236803831,2888667,0.0000,1.0
2017-12-29,42.63,42.71,41.84,41.87,40.9761198824,1057430,0.0000,1.0
2017-12-28,42.59,42.87,42.38,42.58,41.670962135,1313424,0.0000,1.0
2017-12-27,42.2,42.33,42.03,42.3,41.3969398382,1161524,0.0000,1.0
2017-12-26,42.33,42.43,42.05,42.12,41.2207826474,1537552,0.0000,1.0
2017-12-22,42.99,43.06,42.42,42.79,41.8764788576,982445,0.0000,1.0
2017-12-21,42.99,43.27,42.64,42.98,42.062422559,1986330,0.0000,1.0
2017-12-20,42.9,43.31,42.62,43.0,42.0819955802,1599882,0.0000,1.0
2017-12-19,42.31,42.75,42.3,42.46,41.5535240078,1654660,0.0000,1.0
2017-12-18,42.29,42.56,41.82,42.37,41.4654454124,2054386,0.0000,1.0
2017-12-15,41.08,42.09,41.06,41.88,40.985906393,3465047,0.0000,1.0
2017-12-14,40.84,41.5,40.7,41.02,40.1442664814,1895766,0.0000,1.0
2017-12-13,41.18,41.37,40.62,40.83,39.95832278,1556319,0.0000,1.0
2017-12-12,41.73,41.85,40.61,40.95,40.0757609072,1835252,0.0000,1.0
2017-12-11,40.65,40.92,40.12,40.46,39.5962218878,1388191,0.0000,1.0
2017-12-08,40.78,40.98,40.22,40.51,39.6451544408,1777929,0.0000,1.0
2017-12-07,40.27,40.66,40.13,40.3,39.4396377182,1446687,0.0000,1.0
2017-12-06,39.26,40.14,39.111,39.96,39.1068963578,1199556,0.0000,1.0
2017-12-05,39.25,40.29,39.01,39.67,38.8230875504,2129051,0.0000,1.0
2017-12-04,40.65,40.86,38.75,39.24,38.4022675945,2983875,0.0000,1.0
2017-12-01,39.94,40.28,38.9,40.11,39.2536940168,2995329,0.0000,1.0
2017-11-30,41.2,41.47,40.24,40.47,39.6060083984,4259878,0.0000,1.0
2017-11-29,42.85,43.0,39.62,40.82,39.9485362694,4806144,0.0000,1.0
2017-11-28,43.01,43.18,42.65,42.99,42.0722090696,1801441,0.0700,1.0
2017-11-27,43.24,43.44,42.85,42.98,41.9940442594,1891254,0.0000,1.0
2017-11-24,43.43,43.731,43.33,43.64,42.6389039432,1006014,0.0000,1.0
2017-11-22,44.02,44.17,43.21,43.28,42.2871622975,1391846,0.0000,1.0
2017-11-21,43.94,44.22,43.7,44.02,43.0101867915,1983290,0.0000,1.0
2017-11-20,43.96,44.625,43.96,44.43,43.4107814436,1456408,0.0000,1.0
2017-11-17,43.96,44.29,43.44,43.57,42.5705097343,1617888,0.0000,1.0
2017-11-16,42.92,43.91,42.79,43.83,42.8245453674,2021347,0.0000,1.0
2017-11-15,42.92,43.0,42.04,42.74,41.7595498289,1973043,0.0000,1.0
2017-11-14,43.68,43.885,43.11,43.35,42.3555565064,1684909,0.0000,1.0
2017-11-13,43.34,44.33,43.22,43.85,42.8440865699,2223108,0.0000,1.0
2017-11-10,43.67,43.9,43.49,43.7,42.6975275509,1498916,0.0000,1.0
2017-11-09,43.45,43.79,42.8629,43.64,42.6389039432,2610389,0.0000,1.0
2017-11-08,43.34,44.04,43.22,43.89,42.883168975,2271179,0.0000,1.0
2017-11-07,43.44,43.65,43.21,43.53,42.5314273293,2487873,0.0000,1.0
2017-11-06,42.92,43.495,42.565,43.45,42.4532625191,2021614,0.0000,1.0
2017-11-03,42.81,43.0,42.56,42.88,41.8963382467,1233936,0.0000,1.0
2017-11-02,42.44,42.83,41.85,42.55,41.5739084048,2368438,0.0000,1.0
2017-11-01,43.28,43.28,41.9003,42.54,41.5641378035,3068951,0.0000,1.0
2017-10-31,42.73,43.64,42.7,42.89,41.906108848,3010901,0.0000,1.0
2017-10-30,42.9,42.9,42.33,42.69,41.7106968226,2274218,0.0000,1.0
2017-10-27,41.66,42.81,41.63,42.74,41.7595498289,3931393,0.0000,1.0
2017-10-26,41.0,42.25,39.86,42.03,41.0658371387,8395079,0.0000,1.0
2017-10-25,39.16,39.47,38.58,39.1145,38.2172183384,2824916,0.0000,1.0
2017-10-24,39.13,39.5,39.01,39.2,38.3007569793,3371079,0.0000,1.0
2017-10-23,39.35,39.41,38.86,38.94,38.0467213462,2582266,0.0000,1.0
2017-10-20,39.41,39.4686,38.98,39.11,38.2128215678,1512400,0.0000,1.0
2017-10-19,38.9,39.09,38.26,39.06,38.1639685615,2342799,0.0000,1.0
2017-10-18,39.19,39.33,38.54,39.28,38.3789217894,1607969,0.0000,1.0
2017-10-17,38.79,39.2,38.47,39.07,38.1737391627,1711408,0.0000,1.0
2017-10-16,38.59,38.89,38.34,38.63,37.7438327069,1861569,0.0000,1.0
2017-10-13,38.97,39.05,38.59,38.61,37.7242915043,2446660,0.0000,1.0
2017-10-12,38.5,38.96,38.4,38.65,37.7633739094,1164874,0.0000,1.0
2017-10-11,38.3,38.625,38.17,38.61,37.7242915043,1062194,0.0000,1.0
2017-10-10,38.12,38.34,37.7,38.33,37.4507146687,1452465,0.0000,1.0
2017-10-09,37.9,37.97,37.71,37.95,37.0794318205,1273969,0.0000,1.0
2017-10-06,37.68,38.01,37.61,37.9,37.0305788141,1355463,0.0000,1.0
2017-10-05,37.98,38.01,37.61,37.72,36.8547079913,1399634,0.0000,1.0
2017-10-04,37.77,38.0,37.66,37.9,37.0305788141,1509849,0.0000,1.0
2017-10-03,38.08,38.1,37.54,37.71,36.84493739,1768211,0.0000,1.0
2017-10-02,37.47,37.91,37.3,37.86,36.991496409,3384738,0.0000,1.0
2017-09-29,37.21,37.47,36.89,37.29,36.4345721366,2126575,0.0000,1.0
2017-09-28,36.73,37.26,36.49,37.06,36.2098483074,2714716,0.0000,1.0
2017-09-27,35.93,37.31,35.93,36.79,35.9460420731,3710787,0.0000,1.0
2017-09-26,35.91,36.07,35.38,35.62,34.8028817245,1750640,0.0000,1.0
2017-09-25,36.25,36.34,35.42,35.86,35.037376155,2033847,0.0000,1.0
2017-09-22,35.63,36.54,35.62,36.45,35.6138416299,2789302,0.0000,1.0
2017-09-21,35.76,36.05,35.53,35.69,34.8712759334,1360110,0.0000,1.0
2017-09-20,36.07,36.15,35.49,35.79,34.9689819461,1767034,0.0000,1.0
2017-09-19,35.84,36.405,35.73,36.19,35.3598059969,2922568,0.0000,1.0
2017-09-18,35.97,36.2199,35.4214,35.62,34.8028817245,5442998,0.0000,1.0
2017-09-15,35.88,36.935,35.83,36.87,36.0242068833,3966632,0.0000,1.0
2017-09-14,36.03,36.5499,35.775,35.84,35.0178349525,1594917,0.0000,1.0
2017-09-13,36.06,36.16,35.63,36.03,35.2034763766,2615478,0.0000,1.0
2017-09-12,35.76,36.46,35.66,36.1,35.2718705855,1827359,0.0000,1.0
2017-09-11,35.43,36.15,35.43,35.74,34.9201289398,1734139,0.0000,1.0
2017-09-08,35.49,35.65,34.92,35.08,34.2752692559,1704697,0.0000,1.0
2017-09-07,35.77,35.9797,35.355,35.65,34.8321935283,2181290,0.0000,1.0
2017-09-06,35.5,35.7,35.02,35.62,34.8028817245,1469561,0.0700,1.0
2017-09-05,35.85,35.88,34.97,35.45,34.5688472159,1460813,0.0000,1.0
2017-09-01,35.67,35.86,35.395,35.79,34.9003961031,1044380,0.0000,1.0
2017-08-31,35.98,36.03,35.34,35.61,34.7248702216,2193197,0.0000,1.0
2017-08-30,35.03,35.89,35.0,35.87,34.978407606,2307540,0.0000,1.0
2017-08-29,34.41,35.07,34.24,35.02,34.1495353879,1500394,0.0000,1.0
2017-08-28,34.61,34.88,34.41,34.86,33.9935123821,1433311,0.0000,1.0
2017-08-25,34.74,34.84,34.38,34.53,33.6717149327,1321963,0.0000,1.0
2017-08-24,34.89,34.89,34.16,34.51,33.652212057,1380647,0.0000,1.0
2017-08-23,34.5,34.91,34.43,34.78,33.9155008792,1936598,0.0000,1.0
2017-08-22,34.14,34.91,34.09,34.84,33.9740095064,1751776,0.0000,1.0
2017-08-21,34.0,34.04,33.3,33.93,33.0866286611,2544075,0.0000,1.0
2017-08-18,33.87,34.09,33.63,33.87,33.0281200339,1312918,0.0000,1.0
2017-08-17,34.53,34.6599,33.695,33.74,32.9013513417,1634868,0.0000,1.0
2017-08-16,34.7,34.88,34.46,34.65,33.788732187,1662722,0.0000,1.0
2017-08-15,34.35,34.83,34.23,34.6,33.7399749977,2125849,0.0000,1.0
2017-08-14,33.84,34.44,33.84,34.36,33.5059404891,2566015,0.0000,1.0
2017-08-11,32.6,33.5,32.58,33.48,32.6478139573,2336304,0.0000,1.0
2017-08-10,33.33,33.36,32.57,32.62,31.8091903013,2489360,0.0000,1.0
2017-08-09,33.36,33.77,33.09,33.57,32.7355768981,1572346,0.0000,1.0
2017-08-08,33.86,34.335,33.58,33.71,32.8720970281,2106557,0.0000,1.0
2017-08-07,33.47,34.095,33.47,33.89,33.0476229096,3388099,0.0000,1.0
2017-08-04,33.39,33.535,32.9,33.46,32.6283110816,2864277,0.0000,1.0
2017-08-03,33.41,33.63,32.69,33.31,32.4820395137,3948137,0.0000,1.0
2017-08-02,34.79,34.81,33.215,33.32,32.4917909516,4230721,0.0000,1.0
2017-08-01,34.83,34.87,34.24,34.5,33.6424606191,2427811,0.0000,1.0
2017-07-31,34.7,35.0,34.49,34.59,33.7302235599,3447052,0.0000,1.0
2017-07-28,34.32,35.06,34.32,34.48,33.6229577434,4728132,0.0000,1.0
2017-07-27,34.05,35.0,33.0,34.38,33.5254433648,11248400,0.0000,1.0
2017-07-26,36.21,36.86,35.94,36.8,35.885291327,5062261,0.0000,1.0
2017-07-25,35.65,36.11,35.39,36.1,35.2026906768,3353201,0.0000,1.0
2017-07-24,35.2,35.77,35.02,35.66,34.7736274109,2007806,0.0000,1.0
2017-07-21,35.16,35.23,34.735,35.13,34.2568012043,2048580,0.0000,1.0
2017-07-20,35.1,35.455,34.735,35.33,34.4518299615,3209156,0.0000,1.0
2017-07-19,34.71,34.96,34.44,34.81,33.9447551928,2853042,0.0000,1.0
2017-07-18,34.0,34.53,33.9,34.5,33.6424606191,2317332,0.0000,1.0
2017-07-17,34.0,34.2,33.7,34.09,33.2426516668,2329367,0.0000,1.0
2017-07-14,33.32,34.005,33.23,33.99,33.1451372882,3498152,0.0000,1.0
2017-07-13,33.04,33.29,32.91,33.16,32.3357679458,2334530,0.0000,1.0
2017-07-12,33.05,33.5,32.77,33.04,32.2187506915,3215137,0.0000,1.0
2017-07-11,32.34,32.86,32.27,32.66,31.8481960528,3153060,0.0000,1.0
2017-07-10,31.46,32.515,31.2,32.38,31.5751557927,4061655,0.0000,1.0
2017-07-07,30.96,31.485,30.96,31.4,30.6195148823,4754156,0.0000,1.0
2017-07-06,30.61,30.83,30.07,30.8,30.0344286107,4486480,0.0000,1.0
2017-07-05,30.38,31.28,30.3,30.88,30.1124401136,5632885,0.0000,1.0
2017-07-03,30.17,30.36,29.68,29.69,28.9520190082,973900,0.0000,1.0
2017-06-30,30.37,30.63,30.021,30.03,29.2835678954,1866906,0.0000,1.0
2017-06-29,31.08,31.2,29.88,30.3,29.5468567177,3307231,0.0000,1.0
2017-06-28,31.21,31.39,30.6144,31.19,30.4147346872,4555475,0.0000,1.0
2017-06-27,31.83,31.89,30.98,31.01,30.2392088058,3301249,0.0000,1.0
2017-06-26,32.47,32.82,31.64,31.95,31.1558439647,2600482,0.0000,1.0
2017-06-23,31.99,32.54,31.95,32.44,31.6336644198,5796592,0.0000,1.0
2017-06-22,32.49,32.71,31.955,31.98,31.1850982782,2297418,0.0000,1.0
2017-06-21,32.63,32.79,32.34,32.51,31.7019244848,2209643,0.0000,1.0
2017-06-20,32.65,32.88,32.29,32.41,31.6044101062,1928306,0.0000,1.0
2017-06-19,32.98,33.23,32.7,32.75,31.9359589935,3485688,0.0000,1.0
2017-06-16,31.95,32.79,31.9,32.54,31.7311787984,4428256,0.0000,1.0
2017-06-15,31.96,32.42,31.71,31.97,31.1753468404,2580493,0.0000,1.0
2017-06-14,33.4,33.42,32.28,32.59,31.7799359877,2936697,0.0000,1.0
2017-06-13,33.72,34.31,33.15,33.29,32.462536638,2753487,0.0000,1.0
2017-06-12,33.67,33.94,32.4,33.39,32.5600510166,3595921,0.0000,1.0
2017-06-09,35.97,36.0,33.415,34.04,33.1938944775,4975256,0.0000,1.0
2017-06-08,35.52,35.85,35.36,35.78,34.8906446653,2564457,0.0000,1.0
2017-06-07,34.97,35.77,34.97,35.31,34.4323270858,2492166,0.0000,1.0
2017-06-06,34.93,35.42,34.75,34.89,34.0227666957,2110249,0.0000,1.0
2017-06-05,35.17,35.35,35.0,35.15,34.27630408,1500039,0.0000,1.0
2017-06-02,35.51,35.67,35.075,35.27,34.3933213344,2047749,0.0000,1.0
2017-06-01,35.52,35.66,35.165,35.41,34.5298414644,1573772,0.0000,1.0
2017-05-31,35.92,35.98,35.4,35.55,34.6663615945,1681639,0.0000,1.0
2017-05-30,35.44,35.76,35.42,35.68,34.7931302867,1594660,0.0700,1.0
2017-05-26,35.48,35.68,35.14,35.59,34.6374127805,1682394,0.0000,1.0
2017-05-25,35.27,35.41,35.1,35.34,34.3941041771,1321540,0.0000,1.0
2017-05-24,35.08,35.262,34.9,35.15,34.2091896385,1453333,0.0000,1.0
2017-05-23,35.12,35.28,34.55,34.91,33.9756133792,1141001,0.0000,1.0
2017-05-22,35.1,35.1,34.6,34.91,33.9756133792,2259349,0.0000,1.0
2017-05-19,34.99,35.31,34.76,34.85,33.9172193144,1589691,0.0000,1.0
2017-05-18,33.68,34.735,33.14,34.66,33.7323047758,2715067,0.0000,1.0
2017-05-17,35.15,35.21,33.85,33.86,32.9537172449,2592237,0.0000,1.0
2017-05-16,35.87,35.99,35.57,35.78,34.8223273191,1564046,0.0000,1.0
2017-05-15,35.39,35.87,35.36,35.75,34.7931302867,2981024,0.0000,1.0
2017-05-12,35.61,35.72,35.09,35.23,34.2870483916,1747049,0.0000,1.0
2017-05-11,35.6,35.75,35.32,35.64,34.6860745012,1525982,0.0000,1.0
2017-05-10,35.59,36.1,35.48,35.6,34.6471451246,2805542,0.0000,1.0
2017-05-09,35.51,35.64,35.38,35.49,34.5400893391,1929562,0.0000,1.0
2017-05-08,35.84,35.84,35.29,35.37,34.4233012095,2668274,0.0000,1.0
2017-05-05,35.74,35.87,35.32,35.6,34.6471451246,2178565,0.0000,1.0
2017-05-04,35.53,35.635,35.386,35.58,34.6276804363,1366318,0.0000,1.0
2017-05-03,35.67,35.67,35.28,35.42,34.4719629302,2148445,0.0000,1.0
2017-05-02,35.77,35.89,35.3911,35.85,34.890453728,1743948,0.0000,1.0
2017-05-01,35.44,36.23,35.26,35.78,34.8223273191,2761573,0.0000,1.0
2017-04-28,36.14,36.59,35.215,35.27,34.3259777681,5358310,0.0000,1.0
2017-04-27,35.0,36.39,34.54,36.35,35.3770709348,9578628,0.0000,1.0
2017-04-26,33.59,33.91,33.32,33.77,32.8661261477,2591630,0.0000,1.0
2017-04-25,33.29,33.68,33.14,33.56,32.6617469208,2497413,0.0000,1.0
2017-04-24,32.95,33.049,32.69,32.98,32.097270961,2630205,0.0000,1.0
2017-04-21,32.31,32.505,32.03,32.44,31.5717243776,2074805,0.0000,1.0
2017-04-20,32.02,32.44,31.78,32.36,31.4938656245,1978788,0.0000,1.0
2017-04-19,31.56,32.05,31.55,31.88,31.026713106,1942040,0.0000,1.0
2017-04-18,31.18,31.34,31.02,31.27,30.4330401137,1526745,0.0000,1.0
2017-04-17,31.16,31.38,30.92,31.36,30.5206312109,1228157,0.0000,1.0
2017-04-13,31.26,31.52,30.98,30.99,30.1605344779,1525042,0.0000,1.0
2017-04-12,31.75,31.792,31.23,31.35,30.5108988668,1845872,0.0000,1.0
2017-04-11,31.57,31.8,31.23,31.8,30.9488543529,2063504,0.0000,1.0
2017-04-10,32.12,32.155,31.625,31.76,30.9099249763,1767363,0.0000,1.0
2017-04-07,31.74,32.13,31.68,32.02,31.1629659239,2060476,0.0000,1.0
2017-04-06,31.73,31.93,31.34,31.83,30.9780513853,2331262,0.0000,1.0
2017-04-05,31.44,32.26,31.38,31.73,30.8807279439,5047129,0.0000,1.0
2017-04-04,30.94,31.4399,30.94,31.18,30.3454490164,2051976,0.0000,1.0
2017-04-03,31.17,31.33,30.47,30.88,30.0534786924,2456674,0.0000,1.0
2017-03-31,30.82,31.21,30.82,31.1,30.2675902634,1838378,0.0000,1.0
2017-03-30,30.65,30.975,30.65,30.92,30.0924080689,1003090,0.0000,1.0
2017-03-29,30.81,30.88,30.5,30.66,29.8393671214,1434985,0.0000,1.0
2017-03-28,30.76,30.99,30.5789,30.86,30.0340140041,1291623,0.0000,1.0
2017-03-27,30.26,30.91,30.17,30.85,30.02428166,1122623,0.0000,1.0
2017-03-24,30.96,31.17,30.63,30.67,29.8490994655,1357194,0.0000,1.0
2017-03-23,30.34,30.67,30.28,30.55,29.7323113359,986952,0.0000,1.0
2017-03-22,30.0,30.52,29.97,30.47,29.6544525828,1405594,0.0000,1.0
2017-03-21,31.0,31.18,29.98,30.09,29.2846235056,1806309,0.0000,1.0
2017-03-20,30.8,31.19,30.76,30.94,30.1118727572,1835752,0.0000,1.0
2017-03-17,30.95,31.075,30.8,30.83,30.0048169717,1923649,0.0000,1.0
2017-03-16,30.76,30.98,30.68,30.83,30.0048169717,1375754,0.0000,1.0
2017-03-15,30.24,30.81,30.145,30.71,29.8880288421,2496870,0.0000,1.0
2017-03-14,30.0,30.145,29.88,30.06,29.2554264732,930394,0.0000,1.0
2017-03-13,29.74,30.285,29.68,30.1,29.2943558497,3226491,0.0000,1.0
2017-03-10,29.44,29.86,29.44,29.74,28.9439914608,2042908,0.0000,1.0
2017-03-09,28.94,29.33,28.83,29.25,28.4671065982,1128443,0.0000,1.0
2017-03-08,29.11,29.28,29.01,29.17,28.3892478451,1135656,0.0000,1.0
2017-03-07,28.99,29.185,28.81,29.04,28.2627273713,1518673,0.0000,1.0
2017-03-06,28.67,29.14,28.5,29.09,28.311389092,1762760,0.0000,1.0
2017-03-03,28.79,28.92,28.61,28.89,28.1167422093,1932103,0.0000,1.0
2017-03-02,29.02,29.145,28.73,28.75,27.9804893914,1531192,0.0000,1.0
2017-03-01,28.85,29.15,28.7,29.07,28.2919244037,2342883,0.0000,1.0
2017-02-28,28.84,28.91,28.38,28.44,27.6787867231,2604904,0.0000,1.0
2017-02-27,28.96,28.99,28.71,28.86,28.0875451769,2472565,0.0000,1.0
2017-02-24,28.73,29.01,28.52,28.94,28.16540393,2182658,0.0000,1.0
2017-02-23,29.47,29.47,28.96,29.07,28.2919244037,1786813,0.0000,1.0
2017-02-22,29.39,29.5,29.28,29.34,28.5546976954,1600111,0.0700,1.0
2017-02-21,29.24,29.66,29.2,29.46,28.6032435942,2144171,0.0000,1.0
2017-02-17,28.84,29.22,28.76,29.17,28.321677381,20245,0.0000,1.0
2017-02-16,29.14,29.14,28.78,28.93,28.0886570666,11670,0.0000,1.0
2017-02-15,29.07,29.085,28.8018,28.95,28.1080754261,2685052,0.0000,1.0
2017-02-14,28.85,28.98,28.62,28.95,28.1080754261,1231498,0.0000,1.0
2017-02-13,29.02,29.03,28.85,28.9,28.0595295273,1493641,0.0000,1.0
2017-02-10,28.91,28.99,28.55,28.9,28.0595295273,1683300,0.0000,1.0
2017-02-09,28.96,29.03,28.665,28.74,27.904182651,2173557,0.0000,1.0
2017-02-08,28.9,28.94,28.54,28.86,28.0206928082,2426215,0.0000,1.0
2017-02-07,28.81,29.0,28.611,28.88,28.0401111677,1915495,0.0000,1.0
2017-02-06,28.79,28.87,28.41,28.61,27.777963314,1700237,0.0000,1.0
2017-02-03,28.83,29.025,28.68,28.79,27.9527285498,1994618,0.0000,1.0
2017-02-02,28.46,28.99,28.23,28.7,27.8653459319,3470881,0.0000,1.0
2017-02-01,28.6,28.7,28.42,28.61,27.777963314,2376717,0.0000,1.0
2017-01-31,28.72,28.72,27.97,28.38,27.5546521794,3098974,0.0000,1.0
2017-01-30,28.38,28.85,28.11,28.8,27.9624377296,3400355,0.0000,1.0
2017-01-27,27.77,28.61,27.77,28.56,27.7294174152,3413303,0.0000,1.0
2017-01-26,28.51,28.68,27.31,27.57,26.7682086182,8137456,0.0000,1.0
2017-01-25,26.8,27.29,26.78,27.2,26.4089689668,3765020,0.0000,1.0
2017-01-24,26.0,26.6,25.98,26.53,25.7584539224,3229909,0.0000,1.0
2017-01-23,26.12,26.46,25.925,26.02,25.2632857543,1912608,0.0000,1.0
2017-01-20,26.5,26.5,26.19,26.29,25.525433608,1264345,0.0000,1.0
2017-01-19,26.16,26.41,26.06,26.09,25.3312500127,1791692,0.0000,1.0
2017-01-18,26.08,26.33,25.94,26.18,25.4186326306,1305453,0.0000,1.0
2017-01-17,26.54,26.55,25.8,25.86,25.107938878,1780836,0.0000,1.0
2017-01-13,26.39,26.69,26.33,26.54,25.7681631022,1705017,0.0000,1.0
2017-01-12,26.03,26.32,25.72,26.23,25.4671785294,2064799,0.0000,1.0
2017-01-11,26.38,26.5,25.72,26.22,25.4574693497,2723143,0.0000,1.0
2017-01-10,25.68,26.35,25.68,26.31,25.5448519676,2659881,0.0000,1.0
2017-01-09,25.72,25.94,25.7,25.72,24.9720103613,1966471,0.0000,1.0
2017-01-06,25.64,25.72,25.45,25.65,24.9040461029,2353977,0.0000,1.0
2017-01-05,25.58,25.94,25.45,25.64,24.8943369232,1590470,0.0000,1.0
2017-01-04,25.4,25.95,25.38,25.53,24.7875359457,2448377,0.0000,1.0
2017-01-03,25.51,25.915,25.24,25.38,24.6418982492,1650705,0.0000,1.0
2016-12-30,25.7,25.75,25.29,25.4,24.6613166087,1259419,0.0000,1.0
2016-12-29,25.57,25.76,25.37,25.57,24.8263726648,1205431,0.0000,1.0
2016-12-28,26.0,26.01,25.6,25.63,24.8846277434,1296613,0.0000,1.0
2016-12-27,25.71,26.05,25.68,25.92,25.1661939566,799110,0.0000,1.0
2016-12-23,25.61,25.73,25.46,25.72,24.9720103613,754839,0.0000,1.0
2016-12-22,25.94,25.94,25.37,25.59,24.8457910243,1133603,0.0000,1.0
2016-12-21,25.82,25.95,25.5,25.67,24.9234644625,1605425,0.0000,1.0
2016-12-20,25.79,25.91,25.645,25.82,25.069102159,1149450,0.0000,1.0
2016-12-19,25.62,25.8899,25.575,25.78,25.0302654399,1068691,0.0000,1.0
2016-12-16,25.97,26.03,25.5,25.54,24.7972451255,2915324,0.0000,1.0
2016-12-15,25.87,26.11,25.53,25.9,25.1467755971,1727016,0.0000,1.0
2016-12-14,25.58,25.84,25.49,25.51,24.7681175862,1929234,0.0000,1.0
2016-12-13,25.69,25.97,25.655,25.67,24.9234644625,2001073,0.0000,1.0
2016-12-12,26.0,26.0,25.37,25.58,24.8360818446,1622197,0.0000,1.0
2016-12-09,26.51,26.51,25.755,25.84,25.0885205185,2266717,0.0000,1.0
2016-12-08,25.64,26.59,25.6,26.25,25.486596889,6737519,0.0000,1.0
2016-12-07,25.24,25.7,25.1801,25.52,24.777826766,13299339,0.0000,1.0
2016-12-06,24.67,25.23,24.51,24.97,24.2438218788,3817685,0.0000,1.0
2016-12-05,24.23,24.4,24.105,24.27,23.564179295,1340444,0.0000,1.0
2016-12-02,23.54,23.955,23.45,23.94,23.2437763627,1855971,0.0000,1.0
2016-12-01,24.45,24.45,23.39,23.43,22.7486081946,2309902,0.0000,1.0
2016-11-30,24.65,24.805,24.37,24.38,23.6709802725,1990873,0.0000,1.0
2016-11-29,24.95,24.97,24.52,24.59,23.8748730476,1721855,0.0000,1.0
2016-11-28,24.92,25.12,24.855,24.95,24.2244035192,1091492,0.0600,1.0
2016-11-25,24.9,25.18,24.84,25.16,24.369691825,489791,0.0000,1.0
2016-11-23,24.82,24.95,24.6,24.9,24.1178587616,960043,0.0000,1.0
2016-11-22,24.9,24.99,24.615,24.71,23.9338269076,1506780,0.0000,1.0
2016-11-21,24.93,24.95,24.52,24.73,23.9531986817,1557665,0.0000,1.0
2016-11-18,24.59,24.835,24.52,24.73,23.9531986817,2286997,0.0000,1.0
2016-11-17,24.52,24.77,24.38,24.68,23.9047692465,1493365,0.0000,1.0
2016-11-16,24.22,24.5,24.2,24.47,23.7013656184,1384445,0.0000,1.0
2016-11-15,24.12,24.38,24.01,24.28,23.5173337644,1133167,0.0000,1.0
2016-11-14,23.97,24.25,23.9,24.03,23.275186588,1879225,0.0000,1.0
2016-11-11,23.49,23.87,23.26,23.82,23.0717829599,2112466,0.0000,1.0
2016-11-10,23.67,23.95,23.1145,23.4,22.6649757037,2267578,0.0000,1.0
2016-11-09,23.03,23.65,23.0,23.55,22.8102640095,2261405,0.0000,1.0
2016-11-08,23.3,23.7,23.16,23.44,22.7037192519,3372983,0.0000,1.0
2016-11-07,23.07,23.46,23.07,23.34,22.6068603814,1828920,0.0000,1.0
2016-11-04,22.9,23.18,22.68,22.83,22.1128801417,2490424,0.0000,1.0
2016-11-03,22.96,23.08,22.845,22.97,22.2484825604,1719498,0.0000,1.0
2016-11-02,23.25,23.44,22.93,22.97,22.2484825604,2106383,0.0000,1.0
2016-11-01,23.3,23.63,23.01,23.23,22.5003156238,3381297,0.0000,1.0
2016-10-31,23.26,23.435,23.135,23.29,22.5584309461,2382083,0.0000,1.0
2016-10-28,23.09,23.6777,22.99,23.08,22.355027318,3295447,0.0000,1.0
2016-10-27,23.33,23.35,22.31,22.82,22.1031942546,4376218,0.0000,1.0
2016-10-26,21.78,22.105,21.78,22.02,21.3283232904,1610289,0.0000,1.0
2016-10-25,21.92,22.15,21.7,21.93,21.2411503069,1510253,0.0000,1.0
2016-10-24,21.69,22.13,21.63,21.98,21.2895797422,1698082,0.0000,1.0
2016-10-21,20.22,21.45,20.22,21.41,20.7374841802,1368629,0.0000,1.0
2016-10-20,21.34,21.44,21.09,21.29,20.6212535356,1757118,0.0000,1.0
2016-10-19,21.22,21.58,21.14,21.43,20.7568559543,1641202,0.0000,1.0
2016-10-18,21.41,21.41,21.11,21.26,20.5921958744,924787,0.0000,1.0
2016-10-17,21.2,21.345,21.115,21.16,20.4953370039,1474800,0.0000,1.0
2016-10-14,21.11,21.31,21.1,21.2,20.5340805521,1829764,0.0000,1.0
2016-10-13,20.92,21.0,20.53,20.95,20.2919333758,1449119,0.0000,1.0
2016-10-12,21.19,21.22,20.98,21.21,20.5437664391,1226686,0.0000,1.0
2016-10-11,21.49,21.49,20.9625,21.16,20.4953370039,1877788,0.0000,1.0
2016-10-10,21.95,22.13,21.55,21.58,20.9021442601,1042999,0.0000,1.0
2016-10-07,21.83,21.85,21.57,21.82,21.1346055494,1229896,0.0000,1.0
2016-10-06,21.61,21.8675,21.53,21.84,21.1539773235,1007625,0.0000,1.0
2016-10-05,21.35,21.77,21.35,21.62,20.9408878083,1816505,0.0000,1.0
2016-10-04,21.51,21.665,21.22,21.28,20.6115676485,1159801,0.0000,1.0
2016-10-03,21.6,21.725,21.46,21.47,20.7955995025,1495049,0.0000,1.0
2016-09-30,21.42,21.655,21.33,21.58,20.9021442601,1586306,0.0000,1.0
2016-09-29,21.22,21.425,21.015,21.24,20.5728241003,1164477,0.0000,1.0
2016-09-28,21.17,21.54,21.17,21.41,20.7374841802,1260221,0.0000,1.0
2016-09-27,20.95,21.2,20.84,21.18,20.514708778,1066630,0.0000,1.0
2016-09-26,21.12,21.22,20.98,21.06,20.3984781333,1410689,0.0000,1.0
2016-09-23,21.47,21.55,21.29,21.29,20.6212535356,1034689,0.0000,1.0
2016-09-22,21.49,21.63,21.43,21.56,20.882772486,1193833,0.0000,1.0
2016-09-21,21.02,21.33,21.0,21.31,20.6406253097,1207428,0.0000,1.0
2016-09-20,21.21,21.27,20.88,20.94,20.2822474887,1250083,0.0000,1.0
2016-09-19,21.0,21.15,20.955,21.09,20.4275357945,1177328,0.0000,1.0
2016-09-16,21.09,21.09,20.62,20.86,20.2047603923,2163455,0.0000,1.0
2016-09-15,20.4,20.92,20.36,20.88,20.2241321664,1338748,0.0000,1.0
2016-09-14,20.4,20.48,20.16,20.33,19.6914083785,1196740,0.0000,1.0
2016-09-13,20.44,20.56,20.21,20.37,19.7301519267,1457409,0.0000,1.0
2016-09-12,20.11,20.58,20.068,20.52,19.8754402325,2628876,0.0000,1.0
2016-09-09,21.08,21.125,20.28,20.28,19.6429789432,2024259,0.0000,1.0
2016-09-08,21.18,21.34,21.06,21.28,20.6115676485,1277917,0.0000,1.0
2016-09-07,21.19,21.4,21.07,21.26,20.5921958744,1465223,0.0000,1.0
2016-09-06,21.38,21.48,21.05,21.12,20.4565934557,1217663,0.0000,1.0
2016-09-02,21.34,21.39,21.065,21.28,20.6115676485,1174637,0.0600,1.0
2016-09-01,21.07,21.22,20.84,21.21,20.4860051464,2012372,0.0000,1.0
2016-08-31,21.32,21.35,20.87,21.06,20.3411253363,2547917,0.0000,1.0
2016-08-30,21.22,21.45,21.185,21.29,20.5632743785,1819815,0.0000,1.0
2016-08-29,21.13,21.32,21.1,21.11,20.3894186064,1563065,0.0000,1.0
2016-08-26,21.0,21.15,20.92,21.06,20.3411253363,1137160,0.0000,1.0
2016-08-25,20.84,21.02,20.83,20.93,20.2155628343,1190946,0.0000,1.0
2016-08-24,21.06,21.095,20.81,20.84,20.1286349482,1428200,0.0000,1.0
2016-08-23,20.97,21.1,20.94,21.04,20.3218080283,1762347,0.0000,1.0
2016-08-22,20.78,20.88,20.69,20.85,20.1382936022,1227238,0.0000,1.0
2016-08-19,20.63,20.9,20.5,20.84,20.1286349482,1457402,0.0000,1.0
2016-08-18,20.38,20.66,20.38,20.6,19.8968272521,1027514,0.0000,1.0
2016-08-17,20.16,20.43,20.15,20.42,19.72297148,1281837,0.0000,1.0
2016-08-16,20.58,20.61,20.23,20.24,19.5491157079,1016195,0.0000,1.0
2016-08-15,20.19,20.62,20.17,20.6,19.8968272521,2147232,0.0000,1.0
2016-08-12,19.99,20.16,19.92,20.08,19.3945772438,995356,0.0000,1.0
2016-08-11,19.99,20.07,19.94,20.01,19.3269666657,1218415,0.0000,1.0
2016-08-10,19.95,19.98,19.74,19.89,19.2110628177,1492758,0.0000,1.0
2016-08-09,20.16,20.3399,19.87,19.88,19.2014041636,2081845,0.0000,1.0
2016-08-08,20.11,20.12,19.93,20.07,19.3849185898,1405411,0.0000,1.0
2016-08-05,19.75,20.16,19.73,20.13,19.4428705138,1812025,0.0000,1.0
2016-08-04,19.49,19.735,19.49,19.67,18.9985724295,1116221,0.0000,1.0
2016-08-03,19.43,19.63,19.43,19.51,18.8440339654,1570592,0.0000,1.0
2016-08-02,19.73,19.9,19.465,19.48,18.8150580034,1819889,0.0000,1.0
2016-08-01,19.78,19.84,19.69,19.75,19.0758416616,2736325,0.0000,1.0
2016-07-29,19.95,20.2,19.45,19.75,19.0758416616,4472630,0.0000,1.0
2016-07-28,19.74,21.33,19.74,20.45,19.751947442,7153247,0.0000,1.0
2016-07-27,21.21,21.27,20.85,21.15,20.4280532224,1958396,0.0000,1.0
2016-07-26,21.0,21.17,20.87,21.13,20.4087359144,1735333,0.0000,1.0
2016-07-25,20.93,21.1,20.84,20.86,20.1479522562,1333345,0.0000,1.0
2016-07-22,20.72,20.91,20.67,20.88,20.1672695642,1114897,0.0000,1.0
2016-07-21,20.97,21.01,20.63,20.76,20.0513657162,2605377,0.0000,1.0
2016-07-20,20.92,21.33,20.89,21.33,20.6019089945,2149456,0.0000,1.0
2016-07-19,20.8,20.93,20.72,20.81,20.0996589862,1392516,0.0000,1.0
2016-07-18,20.97,21.02,20.82,20.88,20.1672695642,919695,0.0000,1.0
2016-07-15,20.81,20.86,20.65,20.78,20.0706830242,1037111,0.0000,1.0
2016-07-14,21.26,21.37,20.85,20.85,20.1382936022,1873139,0.0000,1.0
2016-07-13,21.0,21.385,20.96,21.17,20.4473705304,3704020,0.0000,1.0
2016-07-12,20.71,20.925,20.67,20.88,20.1672695642,1672819,0.0000,1.0
2016-07-11,20.05,20.57,20.05,20.53,19.829216674,1891592,0.0000,1.0
2016-07-08,19.63,19.92,19.63,19.9,19.2207214717,1334445,0.0000,1.0
2016-07-07,19.39,19.66,19.29,19.42,18.7571060794,1201708,0.0000,1.0
2016-07-06,19.0,19.31,18.87,19.3,18.6412022313,1573730,0.0000,1.0
2016-07-05,19.26,19.42,19.06,19.17,18.5156397292,1031834,0.0000,1.0
2016-07-01,19.55,19.745,19.38,19.45,18.7860820414,1377909,0.0000,1.0
2016-06-30,19.36,19.69,19.19,19.69,19.0178897375,1441772,0.0000,1.0
2016-06-29,19.1,19.37,19.01,19.22,18.5639329993,1192475,0.0000,1.0
2016-06-28,18.49,18.835,18.4332,18.82,18.177586839,1536372,0.0000,1.0
2016-06-27,18.74,18.85,18.07,18.17,17.5497743286,2344370,0.0000,1.0
2016-06-24,19.4,19.72,18.97,19.0,18.3514426111,3331727,0.0000,1.0
2016-06-23,20.09,20.29,20.0,20.28,19.5877503239,1329915,0.0000,1.0
2016-06-22,19.76,20.02,19.745,19.83,19.1531108936,1575069,0.0000,1.0
2016-06-21,19.58,19.78,19.5,19.73,19.0565243536,1858258,0.0000,1.0
2016-06-20,19.52,19.65,19.32,19.51,18.8440339654,1369042,0.0000,1.0
2016-06-17,19.11,19.15,18.87,19.08,18.4287118432,2101734,0.0000,1.0
2016-06-16,19.33,19.37,18.95,19.16,18.5059810752,3386462,0.0000,1.0
2016-06-15,19.69,19.73,19.45,19.47,18.8053993494,1725499,0.0000,1.0
2016-06-14,19.61,19.72,19.52,19.57,18.9019858895,1529162,0.0000,1.0
2016-06-13,19.79,19.93,19.67,19.7,19.0275483915,1537643,0.0000,1.0
2016-06-10,20.0,20.095,19.865,19.9,19.2207214717,1212956,0.0000,1.0
2016-06-09,19.95,20.27,19.89,20.23,19.5394570539,1064904,0.0000,1.0
2016-06-08,19.9,20.19,19.83,20.12,19.4332118598,1612796,0.0000,1.0
2016-06-07,19.78,19.96,19.72,19.93,19.2496974337,1025458,0.0000,1.0
2016-06-06,19.77,19.815,19.58,19.72,19.0468656996,1228942,0.0000,1.0
2016-06-03,19.8,19.8,19.61,19.71,19.0372070455,898912,0.0000,1.0
2016-06-02,19.78,19.87,19.615,19.74,19.0661830076,1402685,0.0000,1.0
2016-06-01,19.78,19.93,19.69,19.79,19.1144762776,1823953,0.0000,1.0
2016-05-31,19.79,19.8507,19.67,19.81,19.1337935856,1724787,0.0000,1.0
2016-05-27,19.38,19.88,19.37,19.74,19.0661830076,1414996,0.0600,1.0
2016-05-26,19.43,19.57,19.36,19.51,18.7869308322,1138492,0.0000,1.0
2016-05-25,19.49,19.59,19.375,19.43,18.7098957493,1443825,0.0000,1.0
2016-05-24,18.91,19.44,18.91,19.38,18.6617488226,1602943,0.0000,1.0
2016-05-23,18.94,19.13,18.84,18.85,18.1513913986,1284717,0.0000,1.0
2016-05-20,18.57,18.9691,18.57,18.85,18.1513913986,1394525,0.0000,1.0
2016-05-19,18.4,18.651,18.38,18.44,17.756586599,1423038,0.0000,1.0
2016-05-18,18.32,18.77,18.26,18.5,17.8143629111,1746121,0.0000,1.0
2016-05-17,18.57,18.67,18.3375,18.35,17.6699221307,1081604,0.0000,1.0
2016-05-16,18.48,18.78,18.38,18.59,17.9010273793,1869884,0.0000,1.0
2016-05-13,18.46,18.61,18.4,18.46,17.7758453697,1468282,0.0000,1.0
2016-05-12,18.91,18.955,18.41,18.5,17.8143629111,2480422,0.0000,1.0
2016-05-11,18.86,19.0,18.83,18.83,18.1321326279,914544,0.0000,1.0
2016-05-10,18.83,19.03,18.78,18.95,18.2476852522,1122408,0.0000,1.0
2016-05-09,18.78,18.91,18.69,18.82,18.1225032425,1222995,0.0000,1.0
2016-05-06,18.65,18.82,18.38,18.72,18.026209389,1729400,0.0000,1.0
2016-05-05,18.8,18.86,18.6,18.8,18.1032444718,2097703,0.0000,1.0
2016-05-04,18.72,18.94,18.71,18.76,18.0647269304,1925663,0.0000,1.0
2016-05-03,18.81,18.96,18.73,18.88,18.1802795547,1595409,0.0000,1.0
2016-05-02,18.93,19.045,18.735,19.0,18.295832179,1943295,0.0000,1.0
2016-04-29,19.05,19.08,18.6,18.91,18.2091677108,4002582,0.0000,1.0
2016-04-28,19.605,19.79,18.91,19.21,18.4980492715,6058859,0.0000,1.0
2016-04-27,20.69,21.06,20.585,20.99,20.2120798651,2684384,0.0000,1.0
2016-04-26,20.62,20.855,20.57,20.72,19.9520864604,1777671,0.0000,1.0
2016-04-25,20.6,20.75,20.4,20.44,19.6824636704,1292684,0.0000,1.0
2016-04-22,20.55,20.955,20.54,20.69,19.9231983044,1612135,0.0000,1.0
2016-04-21,20.67,20.76,20.52,20.55,19.7883869094,1314671,0.0000,1.0
2016-04-20,20.66,20.85,20.485,20.65,19.8846807629,1382738,0.0000,1.0
2016-04-19,20.83,20.9,20.5699,20.69,19.9231983044,1576723,0.0000,1.0
2016-04-18,20.69,20.81,20.57,20.73,19.9617158458,1514569,0.0000,1.0
2016-04-15,20.76,20.9,20.68,20.71,19.9424570751,1880260,0.0000,1.0
2016-04-14,20.93,21.03,20.625,20.81,20.0387509287,1608162,0.0000,1.0
2016-04-13,20.83,21.045,20.77,20.99,20.2120798651,1544984,0.0000,1.0
2016-04-12,20.77,20.81,20.46,20.65,19.8846807629,1524530,0.0000,1.0
2016-04-11,20.99,21.1,20.77,20.79,20.0194921579,1054881,0.0000,1.0
2016-04-08,20.9,21.1625,20.77,20.86,20.0868978554,1326879,0.0000,1.0
2016-04-07,21.12,21.14,20.61,20.63,19.8654219922,3259908,0.0000,1.0
2016-04-06,21.1,21.29,21.01,21.19,20.4046675722,2036062,0.0000,1.0
2016-04-05,21.39,21.39,21.055,21.17,20.3854088015,2222306,0.0000,1.0
2016-04-04,21.75,21.84,21.54,21.66,20.857248684,2489412,0.0000,1.0
2016-04-01,21.42,21.78,21.32,21.75,20.9439131522,1246839,0.0000,1.0
2016-03-31,21.56,21.7,21.395,21.59,20.7898429865,1126664,0.0000,1.0
2016-03-30,21.64,21.83,21.49,21.56,20.7609548305,1016121,0.0000,1.0
2016-03-29,20.95,21.4999,20.81,21.46,20.6646609769,1283493,0.0000,1.0
2016-03-28,21.13,21.18,20.96,21.05,20.2698561772,1065809,0.0000,1.0
2016-03-24,20.88,21.09,20.8,21.09,20.3083737187,923927,0.0000,1.0
2016-03-23,21.18,21.2,20.98,21.06,20.2794855626,1244963,0.0000,1.0
2016-03-22,21.18,21.39,21.11,21.21,20.423926343,1212435,0.0000,1.0
2016-03-21,21.17,21.35,20.865,21.31,20.5202201965,1719833,0.0000,1.0
2016-03-18,20.9,21.47,20.78,21.25,20.4624438844,3425829,0.0000,1.0
2016-03-17,20.66,20.89,20.5,20.8,20.0291215433,1308600,0.0000,1.0
2016-03-16,20.28,20.64,20.14,20.61,19.8461632215,2053743,0.0000,1.0
2016-03-15,19.97,20.3,19.88,20.26,19.509134734,1264813,0.0000,1.0
2016-03-14,20.06,20.225,19.97,20.05,19.3069176415,886853,0.0000,1.0
2016-03-11,20.0,20.28,19.95,20.16,19.4128408804,1216385,0.0000,1.0
2016-03-10,19.75,20.0,19.63,19.85,19.1143299344,1196185,0.0000,1.0
2016-03-09,19.61,19.655,19.5,19.64,18.9121128418,1859687,0.0000,1.0
2016-03-08,19.81,19.87,19.325,19.56,18.835077759,1412303,0.0000,1.0
2016-03-07,19.56,20.0,19.53,19.97,19.2298825586,1482497,0.0000,1.0
2016-03-04,19.84,19.8899,19.535,19.67,18.9410009979,1389622,0.0000,1.0
2016-03-03,19.64,19.78,19.49,19.75,19.0180360808,1003576,0.0000,1.0
2016-03-02,19.49,19.7,19.43,19.6,18.8735953004,1411490,0.0000,1.0
2016-03-01,19.2,19.645,19.12,19.56,18.835077759,1460570,0.0000,1.0
2016-02-29,19.17,19.33,19.05,19.08,18.3728672618,1459594,0.0000,1.0
2016-02-26,19.42,19.42,19.04,19.12,18.4113848033,1525175,0.0000,1.0
2016-02-25,18.98,19.25,18.83,19.24,18.5269374276,1643454,0.0000,1.0
2016-02-24,18.42,19.0,18.3,18.96,18.2573146375,1510703,0.0600,1.0
2016-02-23,18.84,18.97,18.63,18.65,17.9021513139,1250885,0.0000,1.0
2016-02-22,18.98,19.12,18.76,18.88,18.1229285151,1420033,0.0000,1.0
2016-02-19,18.79,19.05,18.74,18.83,18.0749334713,1660175,0.0000,1.0
2016-02-18,18.82,18.94,18.68,18.79,18.0365374364,1954160,0.0000,1.0
2016-02-17,18.37,18.88,18.36,18.72,17.9693443751,2142366,0.0000,1.0
2016-02-16,17.89,18.47,17.89,18.23,17.4989929465,2279438,0.0000,1.0
2016-02-12,17.7,17.76,17.45,17.72,17.0094435004,1447931,0.0000,1.0
2016-02-11,17.64,17.83,17.34,17.55,16.8462603517,1892598,0.0000,1.0
2016-02-10,17.84,18.25,17.77,17.93,17.2110226841,2668777,0.0000,1.0
2016-02-09,17.77,18.12,17.705,17.77,17.0574385441,2413615,0.0000,1.0
2016-02-08,18.07,18.21,17.78,17.95,17.2302207016,2301650,0.0000,1.0
2016-02-05,18.56,18.59,18.25,18.35,17.6141810515,2223143,0.0000,1.0
2016-02-04,18.55,18.97,18.51,18.69,17.9405473489,2429309,0.0000,1.0
2016-02-03,18.72,18.92,18.36,18.54,17.7965622177,3537289,0.0000,1.0
2016-02-02,19.2,19.54,18.75,18.8,18.0461364451,2668814,0.0000,1.0
2016-02-01,19.25,19.57,19.09,19.47,18.6892700312,3446588,0.0000,1.0
2016-01-29,19.13,19.76,19.05,19.43,18.6508739962,6479678,0.0000,1.0
2016-01-28,21.08,21.08,18.53,18.99,18.2285176113,7791769,0.0000,1.0
2016-01-27,19.78,20.56,19.78,19.94,19.1404234423,4176457,0.0000,1.0
2016-01-26,19.5,19.91,19.38,19.82,19.0252353373,2827751,0.0000,1.0
2016-01-25,19.75,19.825,19.39,19.44,18.6604730049,1697134,0.0000,1.0
2016-01-22,19.69,19.98,19.58,19.78,18.9868393023,1649922,0.0000,1.0
2016-01-21,19.5,19.635,19.19,19.35,18.5740819262,2387379,0.0000,1.0
2016-01-20,19.27,19.61,18.82,19.41,18.6316759787,2495020,0.0000,1.0
2016-01-19,19.28,19.34,18.975,19.19,18.4204977863,2175659,0.0000,1.0
2016-01-15,18.55,19.0501,18.55,18.98,18.2189186026,2289795,0.0000,1.0
2016-01-14,19.07,19.705,18.885,19.41,18.6316759787,3192455,0.0000,1.0
2016-01-13,19.44,19.5,18.86,18.95,18.1901215763,2282610,0.0000,1.0
2016-01-12,19.48,19.61,19.19,19.43,18.6508739962,2619078,0.0000,1.0
2016-01-11,19.29,19.34,18.96,19.22,18.4492948125,1778907,0.0000,1.0
2016-01-08,19.58,19.645,19.06,19.11,18.3437057163,2237805,0.0000,1.0
2016-01-07,19.48,19.88,19.46,19.51,18.7276660662,2072071,0.0000,1.0
2016-01-06,20.13,20.28,19.87,20.04,19.2364135298,2162400,0.0000,1.0
2016-01-05,20.41,20.6,20.24,20.51,19.6875669409,2087303,0.0000,1.0
2016-01-04,20.46,20.48,20.125,20.34,19.5243837922,2379766,0.0000,1.0
2015-12-31,21.17,21.2,20.67,20.67,19.8411510809,1959712,0.0000,1.0
2015-12-30,21.47,21.47,21.17,21.24,20.3882945795,1254368,0.0000,1.0
2015-12-29,21.41,21.5,21.3,21.36,20.5034826844,1049418,0.0000,1.0
2015-12-28,21.36,21.36,21.02,21.32,20.4650866494,1191217,0.0000,1.0
2015-12-24,21.5,21.555,21.38,21.46,20.5994727719,470912,0.0000,1.0
2015-12-23,21.25,21.58,21.12,21.48,20.6186707894,1748618,0.0000,1.0
2015-12-22,21.04,21.22,20.9,21.17,20.3211015182,1726732,0.0000,1.0
2015-12-21,20.8,21.005,20.62,20.99,20.1483193608,2072586,0.0000,1.0
2015-12-18,20.54,20.74,20.01,20.64,19.8123540546,3972424,0.0000,1.0
2015-12-17,20.64,21.15,20.56,20.62,19.7931560371,3159378,0.0000,1.0
2015-12-16,20.41,20.47,20.07,20.35,19.5339828009,1305979,0.0000,1.0
2015-12-15,20.09,20.29,20.025,20.26,19.4475917222,1578002,0.0000,1.0
2015-12-14,20.26,20.26,19.72,19.94,19.1404234423,1357240,0.0000,1.0
2015-12-11,20.22,20.435,20.105,20.22,19.4091956872,1886582,0.0000,1.0
2015-12-10,20.33,20.56,20.28,20.4,19.5819778447,1344348,0.0000,1.0
2015-12-09,20.56,20.75,20.22,20.32,19.5051857747,1785953,0.0000,1.0
2015-12-08,20.29,20.75,20.17,20.59,19.7643590109,2327410,0.0000,1.0
2015-12-07,20.63,20.83,20.53,20.6,19.7739580196,1252982,0.0000,1.0
2015-12-04,20.39,21.07,20.36,20.78,19.9467401771,2704520,0.0000,1.0
2015-12-03,21.04,21.09,20.1201,20.38,19.5627798272,2582956,0.0000,1.0
2015-12-02,20.96,21.19,20.84,20.86,20.0235322471,1622904,0.0000,1.0
2015-12-01,20.87,21.05,20.805,21.01,20.1675173783,1475747,0.0000,1.0
2015-11-30,20.68,20.815,20.5,20.78,19.9467401771,1565488,0.0600,1.0
2015-11-27,20.59,20.73,20.51,20.62,19.7361699833,854281,0.0000,1.0
2015-11-25,20.36,20.675,20.24,20.57,19.6883131211,1312793,0.0000,1.0
2015-11-24,20.42,20.55,20.23,20.42,19.5447425344,1898010,0.0000,1.0
2015-11-23,20.53,20.63,20.39,20.44,19.5638852793,2065435,0.0000,1.0
2015-11-20,20.6,20.71,20.53,20.58,19.6978844935,1488705,0.0000,1.0
2015-11-19,20.53,20.635,20.46,20.53,19.6500276313,1828791,0.0000,1.0
2015-11-18,20.14,20.52,20.07,20.5,19.6213135139,2118424,0.0000,1.0
2015-11-17,20.39,20.4,19.97,20.09,19.2288872437,2336025,0.0000,1.0
2015-11-16,19.89,20.29,19.79,20.27,19.4011719477,2627476,0.0000,1.0
2015-11-13,20.02,20.18,19.73,19.92,19.0661739121,3490707,0.0000,1.0
2015-11-12,20.12,20.33,20.01,20.01,19.1523162641,1989442,0.0000,1.0
2015-11-11,20.19,20.67,20.15,20.55,19.6691703762,2064553,0.0000,1.0
2015-11-10,19.9,20.18,19.885,20.11,19.2480299885,1873498,0.0000,1.0
2015-11-09,19.95,20.17,19.91,20.12,19.257601361,1679416,0.0000,1.0
2015-11-06,19.78,20.07,19.745,19.99,19.1331735192,2696217,0.0000,1.0
2015-11-05,19.97,20.16,19.67,19.8,18.9513174427,1774469,0.0000,1.0
2015-11-04,20.1,20.14,19.97,20.0,19.1427448916,1963318,0.0000,1.0
2015-11-03,19.83,20.07,19.83,20.03,19.171459009,1868164,0.0000,1.0
2015-11-02,19.57,19.96,19.51,19.91,19.0566025396,2635764,0.0000,1.0
2015-10-30,19.53,19.69,19.42,19.52,18.6833190142,2251178,0.0000,1.0
2015-10-29,19.73,20.03,19.35,19.38,18.5493198,4289290,0.0000,1.0
2015-10-28,18.36,20.36,18.36,20.34,19.4681715548,7183708,0.0000,1.0
2015-10-27,18.65,18.86,18.47,18.54,17.7453245145,3568699,0.0000,1.0
2015-10-26,18.98,19.01,18.65,18.75,17.9463233359,2487378,0.0000,1.0
2015-10-23,18.84,19.11,18.76,19.05,18.2334645093,2841684,0.0000,1.0
2015-10-22,18.84,18.92,18.09,18.63,17.8314668666,6486217,0.0000,1.0
2015-10-21,18.67,19.29,18.58,18.6,17.8027527492,5487945,0.0000,1.0
2015-10-20,18.19,18.48,18.19,18.29,17.5060402034,2767259,0.0000,1.0
2015-10-19,18.16,18.3,18.11,18.24,17.4581833412,2428362,0.0000,1.0
2015-10-16,18.49,18.56,18.185,18.21,17.4294692238,2711281,0.0000,1.0
2015-10-15,18.73,18.865,18.39,18.5,17.7070390248,2402573,0.0000,1.0
2015-10-14,18.18,18.96,18.11,18.6,17.8027527492,2979005,0.0000,1.0
2015-10-13,18.34,18.4,18.13,18.17,17.3911837341,2278445,0.0000,1.0
2015-10-12,18.75,18.7599,18.5,18.54,17.7453245145,1432410,0.0000,1.0
2015-10-09,19.09,19.18,18.6,18.68,17.8793237288,2323847,0.0000,1.0
2015-10-08,18.9,19.23,18.83,19.09,18.2717499991,1783840,0.0000,1.0
2015-10-07,19.04,19.27,18.79,19.02,18.2047503919,1706915,0.0000,1.0
2015-10-06,19.19,19.19,18.67,18.85,18.0420370604,2053952,0.0000,1.0
2015-10-05,18.4,18.73,18.2275,18.7,17.8984664737,1898304,0.0000,1.0
2015-10-02,17.5,18.22,17.5,18.22,17.4390405963,1739080,0.0000,1.0
2015-10-01,18.0,18.02,17.43,17.8,17.0370429536,2136067,0.0000,1.0
2015-09-30,17.32,18.06,17.32,18.01,17.2380417749,2796454,0.0000,1.0
2015-09-29,16.91,17.19,16.89,17.13,16.3957609997,1585280,0.0000,1.0
2015-09-28,17.14,17.26,16.94,16.96,16.2330476681,1984769,0.0000,1.0
2015-09-25,17.54,17.61,17.22,17.32,16.5776170762,1102371,0.0000,1.0
2015-09-24,17.11,17.5,16.85,17.35,16.6063311935,2243013,0.0000,1.0
2015-09-23,17.52,17.75,17.325,17.33,16.5871884486,1337542,0.0000,1.0
2015-09-22,17.73,17.8201,17.47,17.54,16.78818727,2009439,0.0000,1.0
2015-09-21,18.44,18.89,17.99,18.03,17.2571845198,2466719,0.0000,1.0
2015-09-18,18.54,18.785,18.33,18.43,17.6400394176,2866776,0.0000,1.0
2015-09-17,18.87,19.17,18.8,18.86,18.0516084328,2075809,0.0000,1.0
2015-09-16,18.98,19.39,18.9,19.31,18.4823201929,2943435,0.0000,1.0
2015-09-15,18.31,19.06,18.14,18.97,18.1568935297,3623454,0.0000,1.0
2015-09-14,17.92,17.99,17.71,17.93,17.1614707954,1165979,0.0000,1.0
2015-09-11,18.33,18.33,17.665,17.89,17.1231853056,1296333,0.0000,1.0
2015-09-10,17.77,18.135,17.7,17.89,17.1231853056,1877616,0.0000,1.0
2015-09-09,18.21,18.4,17.71,17.77,17.0083288362,1561625,0.0000,1.0
2015-09-08,18.02,18.185,17.9,18.11,17.3337554994,1616333,0.0000,1.0
2015-09-04,17.69,17.93,17.6,17.62,16.8647582495,1062569,0.0000,1.0
2015-09-03,17.98,18.1799,17.87,18.01,17.2380417749,1452176,0.0000,1.0
2015-09-02,17.81,17.84,17.51,17.81,17.046614326,1688329,0.0600,1.0
2015-09-01,17.68,17.91,17.43,17.56,16.750898017,2360822,0.0000,1.0
2015-08-31,18.01,18.31,17.93,18.04,17.2087813341,1429762,0.0000,1.0
2015-08-28,17.9,18.13,17.77,18.02,17.1897028626,1587793,0.0000,1.0
2015-08-27,17.86,18.0095,17.49,17.99,17.1610851553,2962515,0.0000,1.0
2015-08-26,17.14,17.58,16.96,17.51,16.7032018382,2558903,0.0000,1.0
2015-08-25,17.46,17.67,16.77,16.78,16.0068376268,3187720,0.0000,1.0
2015-08-24,16.19,17.44,16.06,16.79,16.0163768625,3266833,0.0000,1.0
2015-08-21,17.49,17.82,17.26,17.26,16.4647209439,2207445,0.0000,1.0
2015-08-20,18.08,18.14,17.73,17.75,16.9321434967,2123810,0.0000,1.0
2015-08-19,19.23,19.23,18.13,18.25,17.4091052854,2595993,0.0000,1.0
2015-08-18,18.78,18.82,18.42,18.45,17.5998900008,1734910,0.0000,1.0
2015-08-17,18.5,18.86,18.48,18.75,17.886067074,2201714,0.0000,1.0
2015-08-14,18.5,18.745,18.36,18.65,17.7906747163,1442014,0.0000,1.0
2015-08-13,17.35,19.14,17.19,18.57,17.7143608301,1316484,0.0000,1.0
2015-08-12,18.49,18.975,18.4505,18.87,18.0005379033,1492768,0.0000,1.0
2015-08-11,19.04,19.23,18.83,18.92,18.0482340821,1906933,0.0000,1.0
2015-08-10,19.1,19.35,19.08,19.29,18.4011858057,1730157,0.0000,1.0
2015-08-07,18.83,18.95,18.69,18.93,18.0577733179,2250873,0.0000,1.0
2015-08-06,18.96,18.99,18.52,18.9,18.0291556106,2387156,0.0000,1.0
2015-08-05,18.87,19.23,18.77,18.95,18.0768517895,1707499,0.0000,1.0
2015-08-04,18.82,18.94,18.51,18.7,17.8383708951,2393732,0.0000,1.0
2015-08-03,19.19,19.31,18.79,18.82,17.9528417244,3235912,0.0000,1.0
2015-07-31,19.24,19.42,19.142,19.26,18.3725680984,2827164,0.0000,1.0
2015-07-30,19.56,20.0,18.71,19.19,18.305793448,7581440,0.0000,1.0
2015-07-29,18.49,18.73,18.35,18.61,17.7525177732,3385476,0.0000,1.0
2015-07-28,18.33,18.71,18.18,18.56,17.7048215943,2131496,0.0000,1.0
2015-07-27,18.23,18.46,18.08,18.29,17.4472622285,1454694,0.0000,1.0
2015-07-24,18.8,18.89,18.31,18.36,17.5140368789,1755147,0.0000,1.0
2015-07-23,18.76,19.07,18.72,18.82,17.9528417244,1766222,0.0000,1.0
2015-07-22,18.72,18.72,18.45,18.6,17.7429785374,2296512,0.0000,1.0
2015-07-21,18.89,19.15,18.89,18.99,18.1150087326,2072206,0.0000,1.0
2015-07-20,19.24,19.28,18.915,18.93,18.0577733179,1173078,0.0000,1.0
2015-07-17,19.29,19.35,19.09,19.21,18.3248719196,1716176,0.0000,1.0
2015-07-16,19.67,19.67,18.95,19.29,18.4011858057,2733105,0.0000,1.0
2015-07-15,19.53,19.53,19.16,19.26,18.3725680984,1937830,0.0000,1.0
2015-07-14,19.6,19.66,19.41,19.53,18.6301274643,1500007,0.0000,1.0
2015-07-13,19.52,19.61,19.24,19.53,18.6301274643,1540915,0.0000,1.0
2015-07-10,19.3,19.49,19.22,19.34,18.4488819846,1974057,0.0000,1.0
2015-07-09,19.43,19.5,19.015,19.13,18.2485580334,2831351,0.0000,1.0
2015-07-08,19.12,19.24,18.9,19.04,18.1627049114,3181324,0.0000,1.0
2015-07-07,19.38,19.434,18.78,19.36,18.4679604562,2634575,0.0000,1.0
2015-07-06,19.23,19.49,19.2,19.38,18.4870389277,2388654,0.0000,1.0
2015-07-02,19.44,19.49,19.32,19.43,18.5347351066,1284544,0.0000,1.0
2015-07-01,19.53,19.67,19.19,19.35,18.4584212204,1711856,0.0000,1.0
2015-06-30,19.44,19.44,19.11,19.29,18.4011858057,2427123,0.0000,1.0
2015-06-29,19.41,19.68,19.22,19.24,18.3534896269,2642582,0.0000,1.0
2015-06-26,19.95,20.07,19.64,19.71,18.8018337082,3678394,0.0000,1.0
2015-06-25,20.23,20.26,19.99,20.07,19.145246196,1864370,0.0000,1.0
2015-06-24,20.28,20.49,20.04,20.13,19.2024816107,2355164,0.0000,1.0
2015-06-23,20.71,20.74,20.45,20.49,19.5458940985,1876852,0.0000,1.0
2015-06-22,20.45,20.85,20.45,20.62,19.6699041635,1997387,0.0000,1.0
2015-06-19,21.07,21.14,20.7,20.76,19.8034534643,4522612,0.0000,1.0
2015-06-18,20.93,21.22,20.93,21.07,20.0991697733,2040195,0.0000,1.0
2015-06-17,20.93,21.055,20.8,20.91,19.9465420009,2234849,0.0000,1.0
2015-06-16,20.79,20.99,20.73,20.84,19.8797673505,1803675,0.0000,1.0
2015-06-15,20.76,20.88,20.37,20.83,19.8702281148,2260482,0.0000,1.0
2015-06-12,21.21,21.22,21.0,21.02,20.0514735944,2207521,0.0000,1.0
2015-06-11,21.15,21.22,20.98,21.21,20.2327190741,1765365,0.0000,1.0
2015-06-10,21.0,21.155,20.81,21.13,20.1564051879,1404599,0.0000,1.0
2015-06-09,20.8,20.95,20.63,20.85,19.8893065863,1234551,0.0000,1.0
2015-06-08,21.08,21.115,20.725,20.83,19.8702281148,1509496,0.0000,1.0
2015-06-05,20.67,21.18,20.63,21.16,20.1850228953,1807205,0.0000,1.0
2015-06-04,20.92,20.975,20.61,20.75,19.7939142286,1809810,0.0000,1.0
2015-06-03,21.06,21.26,20.93,21.06,20.0896305375,1551865,0.0000,1.0
2015-06-02,21.07,21.1,20.79,20.94,19.9751597083,1530861,0.0000,1.0
2015-06-01,21.27,21.3,20.93,21.21,20.2327190741,2098580,0.0000,1.0
2015-05-29,21.09,21.33,20.94,21.15,20.1754836595,3702703,0.0600,1.0
2015-05-28,21.12,21.28,21.06,21.19,20.1564591582,1980963,0.0000,1.0
2015-05-27,20.63,21.2,20.6,21.15,20.1184101555,2188129,0.0000,1.0
2015-05-26,20.66,20.69,20.33,20.56,19.5571873663,1363792,0.0000,1.0
2015-05-22,20.74,20.84,20.635,20.71,19.6998711263,1240065,0.0000,1.0
2015-05-21,20.66,20.86,20.561,20.8,19.7854813822,1145614,0.0000,1.0
2015-05-20,20.72,20.85,20.56,20.69,19.6808466249,1512271,0.0000,1.0
2015-05-19,20.75,20.82,20.6,20.71,19.6998711263,1336732,0.0000,1.0
2015-05-18,20.66,20.84,20.5604,20.72,19.7093833769,1810243,0.0000,1.0
2015-05-15,20.82,20.89,20.58,20.63,19.6237731209,1663431,0.0000,1.0
2015-05-14,20.48,20.7903,20.27,20.72,19.7093833769,2561542,0.0000,1.0
2015-05-13,20.84,20.91,20.285,20.42,19.424015857,1963419,0.0000,1.0
2015-05-12,20.55,20.74,20.37,20.45,19.452552609,1911069,0.0000,1.0
2015-05-11,20.47,20.7,20.361,20.68,19.6713343743,1672584,0.0000,1.0
2015-05-08,20.15,20.71,20.15,20.51,19.509626113,2422658,0.0000,1.0
2015-05-07,20.0,20.14,19.87,20.05,19.0720625824,2272158,0.0000,1.0
2015-05-06,19.98,20.03,19.72,19.91,18.9388910731,1824984,0.0000,1.0
2015-05-05,20.2,20.26,19.72,19.82,18.8532808171,2498635,0.0000,1.0
2015-05-04,20.35,20.5,20.21,20.28,19.2908443477,3200628,0.0000,1.0
2015-05-01,19.52,20.5,19.51,20.3,19.309868849,8231933,0.0000,1.0
2015-04-30,18.41,18.46,18.2,18.25,17.3598574628,2906042,0.0000,1.0
2015-04-29,18.44,18.68,18.35,18.53,17.6262004814,2223961,0.0000,1.0
2015-04-28,18.05,18.63,18.03,18.57,17.664249484,3538794,0.0000,1.0
2015-04-27,18.38,18.54,18.035,18.12,17.2361982041,4209646,0.0000,1.0
2015-04-24,18.78,18.78,18.3,18.39,17.4930289721,3090842,0.0000,1.0
2015-04-23,18.62,18.81,18.46,18.73,17.8164454947,1489406,0.0000,1.0
2015-04-22,18.47,18.8,18.36,18.74,17.8259577453,1487740,0.0000,1.0
2015-04-21,18.72,18.75,18.42,18.46,17.5596147267,2510613,0.0000,1.0
2015-04-20,18.41,18.7,18.37,18.54,17.6357127321,3367315,0.0000,1.0
2015-04-17,18.52,18.54,18.13,18.24,17.3503452121,2696139,0.0000,1.0
2015-04-16,18.7,18.97,18.6501,18.72,17.806933244,2500062,0.0000,1.0
2015-04-15,18.95,19.13,18.81,18.85,17.9305925027,2837011,0.0000,1.0
2015-04-14,19.14,19.14,18.78,18.87,17.949617004,1571977,0.0000,1.0
2015-04-13,19.34,19.42,19.14,19.16,18.2254722733,927822,0.0000,1.0
2015-04-10,19.24,19.38,19.13,19.37,18.4252295372,756188,0.0000,1.0
2015-04-09,18.84,19.2,18.72,19.19,18.2540090252,1059025,0.0000,1.0
2015-04-08,18.76,19.115,18.755,18.97,18.0447395106,1468945,0.0000,1.0
2015-04-07,18.86,19.0683,18.76,18.82,17.9020557507,1112116,0.0000,1.0
2015-04-06,18.61,19.01,18.54,18.89,17.9686415053,1992329,0.0000,1.0
2015-04-02,18.86,18.97,18.62,18.86,17.9401047533,1151526,0.0000,1.0
2015-04-01,18.79,18.87,18.48,18.73,17.8164454947,1699314,0.0000,1.0
2015-03-31,19.04,19.09,18.62,18.85,17.9305925027,2315152,0.0000,1.0
2015-03-30,18.87,19.14,18.77,19.11,18.1779110199,1962671,0.0000,1.0
2015-03-27,18.43,18.81,18.31,18.75,17.835469996,1972929,0.0000,1.0
2015-03-26,18.46,18.75,18.29,18.43,17.5310779747,2107935,0.0000,1.0
2015-03-25,19.93,19.93,18.78,18.81,17.8925435,1803533,0.0000,1.0
2015-03-24,19.98,20.05,19.8301,19.91,18.9388910731,1815280,0.0000,1.0
2015-03-23,20.05,20.145,19.905,20.01,19.0340135797,1066454,0.0000,1.0
2015-03-20,19.84,20.12,19.75,20.1,19.1196238357,2888816,0.0000,1.0
2015-03-19,19.65,19.75,19.53,19.67,18.7105970571,1331601,0.0000,1.0
2015-03-18,19.65,19.8,19.37,19.72,18.7581583105,1520495,0.0000,1.0
2015-03-17,19.63,19.73,19.5,19.66,18.7010848065,1321582,0.0000,1.0
2015-03-16,19.5,19.88,19.5,19.85,18.8818175691,1658772,0.0000,1.0
2015-03-13,19.2,19.5,19.01,19.46,18.5108397932,1448315,0.0000,1.0
2015-03-12,18.92,19.22,18.9,19.18,18.2444967746,1000021,0.0000,1.0
2015-03-11,19.03,19.08,18.76,19.04,18.1113252653,1314488,0.0000,1.0
2015-03-10,18.87,19.0,18.69,18.91,17.9876660066,1373202,0.0000,1.0
2015-03-09,19.13,19.271,19.1,19.13,18.1969355213,1074297,0.0000,1.0
2015-03-06,19.21,19.37,19.06,19.15,18.2159600226,1247258,0.0000,1.0
2015-03-05,19.5,19.56,19.25,19.3,18.3586437826,872877,0.0000,1.0
2015-03-04,19.55,19.575,19.31,19.45,18.5013275425,1170869,0.0000,1.0
2015-03-03,19.93,20.0,19.6,19.66,18.7010848065,1614436,0.0000,1.0
2015-03-02,19.42,20.0,19.37,19.97,18.9959645771,2104250,0.0000,1.0
2015-02-27,19.61,19.62,19.27,19.32,18.3776682839,1692996,0.0000,1.0
2015-02-26,19.6,19.78,19.54,19.64,18.6820603052,1063483,0.0000,1.0
2015-02-25,19.84,19.99,19.61,19.63,18.6725480545,1561361,0.0600,1.0
2015-02-24,19.63,20.07,19.56,20.0,18.966529258,1457963,0.0000,1.0
2015-02-23,19.82,19.9,19.58,19.61,18.5966819375,1616264,0.0000,1.0
2015-02-20,19.47,19.86,19.26,19.83,18.8053137593,1598600,0.0000,1.0
2015-02-19,19.14,19.58,19.13,19.5,18.4923660265,1221777,0.0000,1.0
2015-02-18,19.29,19.42,19.175,19.24,18.2458011462,1503132,0.0000,1.0
2015-02-17,19.39,19.44,19.25,19.3,18.302700734,1292426,0.0000,1.0
2015-02-13,19.43,19.66,19.32,19.43,18.4259831741,1843357,0.0000,1.0
2015-02-12,19.42,19.5799,19.37,19.39,18.3880501156,2011005,0.0000,1.0
2015-02-11,19.5,19.5,19.23,19.32,18.3216672632,1007646,0.0000,1.0
2015-02-10,19.07,19.5,18.84,19.5,18.4923660265,1902442,0.0000,1.0
2015-02-09,18.83,19.0,18.73,18.98,17.9992362658,1214255,0.0000,1.0
2015-02-06,18.91,19.15,18.85,18.94,17.9613032073,1323568,0.0000,1.0
2015-02-05,18.78,19.0,18.52,18.92,17.9423366781,1679562,0.0000,1.0
2015-02-04,18.5,18.81,18.47,18.68,17.714738327,1601017,0.0000,1.0
2015-02-03,18.13,18.6,18.07,18.59,17.6293889453,2128845,0.0000,1.0
2015-02-02,18.04,18.2,17.6,17.99,17.0603930676,2485440,0.0000,1.0
2015-01-30,18.04,18.45,17.9,18.1,17.1647089785,2771959,0.0000,1.0
2015-01-29,19.24,19.55,18.45,18.62,17.6578387392,4948144,0.0000,1.0
2015-01-28,19.04,19.28,18.7,18.74,17.7716379147,2150407,0.0000,1.0
2015-01-27,19.0,19.14,18.795,18.88,17.9044036195,1560166,0.0000,1.0
2015-01-26,18.94,19.38,18.76,19.36,18.3596003217,1686216,0.0000,1.0
2015-01-23,19.12,19.2,18.985,19.01,18.0276860597,703532,0.0000,1.0
2015-01-22,19.0,19.16,18.62,19.15,18.1604517645,1866189,0.0000,1.0
2015-01-21,18.61,19.13,18.51,18.94,17.9613032073,1441055,0.0000,1.0
2015-01-20,18.61,18.75,18.37,18.67,17.7052550623,1153876,0.0000,1.0
2015-01-16,18.06,18.6,18.04,18.58,17.6199056807,2064556,0.0000,1.0
2015-01-15,18.33,18.54,18.09,18.15,17.2121253016,2264386,0.0000,1.0
2015-01-14,17.95,18.38,17.95,18.25,17.3069579479,2517819,0.0000,1.0
2015-01-13,18.66,19.15,17.98,18.18,17.2405750955,2995802,0.0000,1.0
2015-01-12,18.87,19.17,18.38,18.49,17.534556299,3428550,0.0000,1.0
2015-01-09,19.47,19.56,19.17,19.42,18.4164999095,741401,0.0000,1.0
2015-01-08,19.09,19.54,19.039,19.48,18.4733994973,1626790,0.0000,1.0
2015-01-07,18.86,18.99,18.71,18.89,17.9138868842,902377,0.0000,1.0
2015-01-06,19.35,19.41,18.68,18.74,17.7716379147,2377737,0.0000,1.0
2015-01-05,19.54,19.64,19.32,19.33,18.3311505278,1886184,0.0000,1.0
2015-01-02,19.92,20.0,19.47,19.7,18.6820313191,1030735,0.0000,1.0
2014-12-31,20.03,20.14,19.78,19.79,18.7673807008,1021620,0.0000,1.0
2014-12-30,20.05,20.12,19.865,19.95,18.9191129348,941591,0.0000,1.0
2014-12-29,20.25,20.28,20.07,20.14,19.0992949628,646489,0.0000,1.0
2014-12-26,20.4,20.49,20.25,20.28,19.2320606676,762658,0.0000,1.0
2014-12-24,20.23,20.43,20.13,20.37,19.3174100493,518772,0.0000,1.0
2014-12-23,20.23,20.38,20.08,20.17,19.1277447567,1008741,0.0000,1.0
2014-12-22,19.78,20.245,19.77,20.16,19.118261492,1465999,0.0000,1.0
2014-12-19,20.04,20.05,19.72,19.83,18.8053137593,3145961,0.0000,1.0
2014-12-18,19.4,20.08,19.27,20.08,19.042395375,2427918,0.0000,1.0
2014-12-17,19.03,19.62,18.89,19.61,18.5966819375,1587710,0.0000,1.0
2014-12-16,19.04,19.36,18.89,18.96,17.9802697366,2072049,0.0000,1.0
2014-12-15,19.42,19.67,19.025,19.09,18.1035521767,1500204,0.0000,1.0
2014-12-12,19.34,19.635,19.3,19.31,18.3121839986,999378,0.0000,1.0
2014-12-11,19.66,19.915,19.48,19.56,18.5492656143,1058636,0.0000,1.0
2014-12-10,19.93,20.06,19.48,19.51,18.5018492912,1349067,0.0000,1.0
2014-12-09,19.44,20.06,19.2,20.03,18.9949790519,2086093,0.0000,1.0
2014-12-08,20.08,20.2,19.57,19.77,18.7484141715,1462325,0.0000,1.0
2014-12-05,20.0,20.24,19.96,20.18,19.1372280213,1164890,0.0000,1.0
2014-12-04,20.2,20.21,19.9,20.0,18.966529258,1777451,0.0000,1.0
2014-12-03,19.81,20.255,19.76,20.21,19.1656778152,2408576,0.0000,1.0
2014-12-02,19.64,19.78,19.52,19.77,18.7484141715,1141636,0.0000,1.0
2014-12-01,19.69,19.93,19.6,19.63,18.6156484667,1636669,0.0600,1.0
2014-11-28,20.0,20.0,19.755,19.85,18.7669183374,3343677,0.0000,1.0
2014-11-26,19.47,19.98,19.44,19.98,18.8898251074,1551674,0.0000,1.0
2014-11-25,19.75,19.84,19.49,19.5,18.4360154952,1824924,0.0000,1.0
2014-11-24,19.44,19.75,19.34,19.75,18.6723746682,1671703,0.0000,1.0
2014-11-21,19.37,19.47,19.155,19.44,18.3792892937,1199092,0.0000,1.0
2014-11-20,18.93,19.22,18.93,19.14,18.0956582861,1471220,0.0000,1.0
2014-11-19,19.2,19.24,18.78,19.08,18.0389320846,2099825,0.0000,1.0
2014-11-18,18.86,19.36,18.84,19.2,18.1523844876,1848872,0.0000,1.0
2014-11-17,19.05,19.05,18.64,18.79,17.7647554439,1350331,0.0000,1.0
2014-11-14,18.82,19.13,18.79,19.08,18.0389320846,1723050,0.0000,1.0
2014-11-13,19.29,19.39,18.74,18.87,17.8403903792,2369936,0.0000,1.0
2014-11-12,18.99,19.24,18.97,19.23,18.1807475884,1373250,0.0000,1.0
2014-11-11,19.17,19.23,18.99,19.05,18.0105689838,1184856,0.0000,1.0
2014-11-10,19.07,19.26,18.975,19.19,18.1429301207,2316272,0.0000,1.0
2014-11-07,19.37,19.4,18.87,19.04,18.0011146169,4760620,0.0000,1.0
2014-11-06,19.02,19.34,18.97,19.3,18.2469281568,3445164,0.0000,1.0
2014-11-05,18.63,19.1,18.41,19.1,18.0578408184,4467584,0.0000,1.0
2014-11-04,18.5,18.59,18.33,18.46,17.4527613355,1935730,0.0000,1.0
2014-11-03,18.4,18.73,18.4,18.49,17.4811244362,2157821,0.0000,1.0
2014-10-31,18.16,18.42,18.11,18.4,17.396035134,1811870,0.0000,1.0
2014-10-30,17.75,17.91,17.43,17.79,16.8193187518,2968954,0.0000,1.0
2014-10-29,17.89,18.08,17.66,17.82,16.8476818526,2641428,0.0000,1.0
2014-10-28,17.89,18.03,17.75,17.93,16.9516798887,2922465,0.0000,1.0
2014-10-27,17.84,17.92,17.47,17.8,16.8287731187,2957485,0.0000,1.0
2014-10-24,17.95,18.58,17.95,18.11,17.1218584933,3793780,0.0000,1.0
2014-10-23,16.93,18.17,16.86,17.82,16.8476818526,5559366,0.0000,1.0
2014-10-22,17.86,17.95,17.33,17.38,16.431689708,3848714,0.0000,1.0
2014-10-21,17.48,17.89,17.4,17.83,16.8571362195,3848143,0.0000,1.0
2014-10-20,16.85,17.41,16.72,17.31,16.3655091396,3326060,0.0000,1.0
2014-10-17,17.02,17.11,16.72,16.79,15.8738820597,2312350,0.0000,1.0
2014-10-16,16.17,16.99,16.11,16.77,15.8549733259,3642929,0.0000,1.0
2014-10-15,16.14,16.68,16.02,16.53,15.6280685198,4632706,0.0000,1.0
2014-10-14,16.34,16.725,16.23,16.42,15.5240704837,3731665,0.0000,1.0
2014-10-13,16.56,16.77,16.15,16.16,15.2782569437,4662306,0.0000,1.0
2014-10-10,17.74,17.78,16.52,16.53,15.6280685198,6192638,0.0000,1.0
2014-10-09,18.58,18.59,17.94,17.97,16.9894973564,2718764,0.0000,1.0
2014-10-08,18.14,18.67,17.885,18.66,17.6418486739,3992867,0.0000,1.0
2014-10-07,18.37,18.52,18.08,18.09,17.1029497594,2335235,0.0000,1.0
2014-10-06,18.48,18.61,18.31,18.43,17.4243982347,2918423,0.0000,1.0
2014-10-03,18.61,18.77,18.3,18.35,17.3487632993,4223528,0.0000,1.0
2014-10-02,18.72,18.9,18.51,18.74,17.7174836093,2701344,0.0000,1.0
2014-10-01,19.33,19.35,18.75,18.77,17.74584671,3772787,0.0000,1.0
2014-09-30,19.56,19.57,19.1,19.39,18.3320174591,2959271,0.0000,1.0
2014-09-29,19.31,19.77,19.235,19.61,18.5400135313,2117805,0.0000,1.0
2014-09-26,19.63,19.69,19.41,19.55,18.4832873298,2076078,0.0000,1.0
2014-09-25,19.54,19.7,18.94,19.51,18.4454698621,4427651,0.0000,1.0
2014-09-24,19.71,19.92,19.495,19.88,18.7952814382,2477522,0.0000,1.0
2014-09-23,20.02,20.13,19.64,19.66,18.587285366,2422843,0.0000,1.0
2014-09-22,20.36,20.38,20.07,20.16,19.060003712,1778393,0.0000,1.0
2014-09-19,20.76,20.79,20.33,20.47,19.3530890865,2288200,0.0000,1.0
2014-09-18,20.66,20.83,20.55,20.72,19.5894482595,1159500,0.0000,1.0
2014-09-17,20.7,20.88,20.53,20.57,19.4476327557,2036900,0.0000,1.0
2014-09-16,20.12,20.7,20.09,20.66,19.532722058,3431900,0.0000,1.0
2014-09-15,20.31,20.38,20.08,20.2,19.0978211797,1923100,0.0000,1.0
2014-09-12,20.5,20.54,20.24,20.26,19.1545473812,2296500,0.0000,1.0
2014-09-11,19.94,20.58,19.9,20.57,19.4476327557,4767100,0.0000,1.0
2014-09-10,20.12,20.25,20.0,20.01,18.9181882082,1853100,0.0000,1.0
2014-09-09,20.03,20.44,19.98,20.12,19.0221862443,3197800,0.0000,1.0
2014-09-08,20.2,20.43,19.99,20.03,18.937096942,2273700,0.0000,1.0
2014-09-05,20.15,20.23,19.91,20.21,19.1072755466,1995300,0.0000,1.0
2014-09-04,20.33,20.37,20.02,20.13,19.0316406112,2784700,0.0000,1.0
2014-09-03,20.61,20.63,20.35,20.36,19.2490910504,1942300,0.0600,1.0
2014-09-02,20.6,20.81,20.37,20.57,19.3904898583,2177400,0.0000,1.0
2014-08-29,20.35,20.6,20.3,20.59,19.4093430327,1778000,0.0000,1.0
2014-08-28,20.15,20.34,20.03,20.3,19.1359720041,1751000,0.0000,1.0
2014-08-27,20.21,20.3,20.18,20.23,19.0699858937,1496900,0.0000,1.0
2014-08-26,20.15,20.32,20.1,20.24,19.0794124809,2055100,0.0000,1.0
2014-08-25,20.24,20.25,19.95,20.08,18.9285870858,1915100,0.0000,1.0
2014-08-22,20.07,20.32,20.0,20.14,18.985146609,3533400,0.0000,1.0
2014-08-21,19.94,20.35,19.88,20.13,18.9757200218,3716700,0.0000,1.0
2014-08-20,19.48,20.19,19.48,19.95,18.8060414523,4074900,0.0000,1.0
2014-08-19,19.41,19.71,19.4,19.56,18.4384045517,1638900,0.0000,1.0
2014-08-18,19.28,19.5,19.22,19.38,18.2687259822,2668900,0.0000,1.0
2014-08-15,19.17,19.26,18.93,19.13,18.0330613024,3353800,0.0000,1.0
2014-08-14,18.87,19.19,18.73,18.96,17.8728093201,2514700,0.0000,1.0
2014-08-13,18.82,18.94,18.71,18.84,17.7596902737,1381000,0.0000,1.0
2014-08-12,18.72,18.83,18.56,18.77,17.6937041634,1519600,0.0000,1.0
2014-08-11,18.79,19.0,18.73,18.73,17.6559978146,1635500,0.0000,1.0
2014-08-08,18.5,18.72,18.4,18.71,17.6371446402,1422600,0.0000,1.0
2014-08-07,18.84,18.84,18.47,18.51,17.4486128963,2407200,0.0000,1.0
2014-08-06,18.43,18.84,18.43,18.76,17.6842775762,2069700,0.0000,1.0
2014-08-05,18.37,18.77,18.32,18.57,17.5051724195,3096900,0.0000,1.0
2014-08-04,18.34,18.56,18.17,18.54,17.4768926579,3632400,0.0000,1.0
2014-08-01,18.2,18.37,18.02,18.27,17.2223748037,2227800,0.0000,1.0
2014-07-31,18.57,18.72,18.19,18.22,17.1752418677,3266900,0.0000,1.0
2014-07-30,18.81,18.81,18.52,18.7,17.627718053,2262700,0.0000,1.0
2014-07-29,18.78,18.89,18.54,18.66,17.5900117042,5229800,0.0000,1.0
2014-07-28,18.28,18.79,18.16,18.68,17.6088648786,6087000,0.0000,1.0
2014-07-25,18.06,18.37,17.74,18.29,17.241227978,6485400,0.0000,1.0
2014-07-24,19.24,19.24,18.02,18.12,17.0809759957,9243900,0.0000,1.0
2014-07-23,19.84,19.85,19.23,19.26,18.1556069359,2843900,0.0000,1.0
2014-07-22,19.85,19.91,19.78,19.84,18.7023489931,1953200,0.0000,1.0
2014-07-21,19.6,19.81,19.5,19.7,18.5703767724,2532500,0.0000,1.0
2014-07-18,19.52,19.7,19.48,19.6,18.4761109005,2104300,0.0000,1.0
2014-07-17,19.73,19.75,19.4,19.46,18.3441386798,3016600,0.0000,1.0
2014-07-16,19.92,20.0,19.75,19.78,18.64578947,1974700,0.0000,1.0
2014-07-15,20.01,20.06,19.7,19.84,18.7023489931,1287600,0.0000,1.0
2014-07-14,20.04,20.09,19.83,20.0,18.8531743882,1306000,0.0000,1.0
2014-07-11,19.98,20.1,19.89,19.91,18.7683351035,1235400,0.0000,1.0
2014-07-10,19.7,20.14,19.55,20.0,18.8531743882,1363500,0.0000,1.0
2014-07-09,19.92,20.12,19.77,19.98,18.8343212139,1790300,0.0000,1.0
2014-07-08,19.93,19.97,19.63,19.91,18.7683351035,1962300,0.0000,1.0
2014-07-07,20.03,20.1,19.91,20.02,18.8720275626,1429000,0.0000,1.0
2014-07-03,19.94,20.23,19.91,20.01,18.8626009754,1760300,0.0000,1.0
2014-07-02,19.74,19.98,19.74,19.9,18.7589085163,1614700,0.0000,1.0
2014-07-01,19.61,19.92,19.61,19.78,18.64578947,2725600,0.0000,1.0
2014-06-30,19.42,19.61,19.42,19.6,18.4761109005,2244700,0.0000,1.0
2014-06-27,19.29,19.49,19.25,19.45,18.3347120926,2360400,0.0000,1.0
2014-06-26,19.37,19.37,19.04,19.28,18.1744601103,1247300,0.0000,1.0
2014-06-25,19.27,19.37,19.11,19.33,18.2215930462,2009400,0.0000,1.0
2014-06-24,19.59,19.79,19.3,19.34,18.2310196334,3585800,0.0000,1.0
2014-06-23,19.38,19.63,19.36,19.61,18.4855374877,2142600,0.0000,1.0
2014-06-20,19.17,19.42,18.99,19.42,18.306432331,3280500,0.0000,1.0
2014-06-19,19.23,19.23,19.05,19.17,18.0707676511,1475600,0.0000,1.0
2014-06-18,19.16,19.16,18.85,19.14,18.0424878895,1714700,0.0000,1.0
2014-06-17,19.1,19.29,19.0,19.11,18.014208128,2920400,0.0000,1.0
2014-06-16,19.14,19.26,18.96,19.11,18.014208128,2365900,0.0000,1.0
2014-06-13,19.19,19.38,19.06,19.12,18.0236347152,1007100,0.0000,1.0
2014-06-12,19.17,19.34,19.01,19.11,18.014208128,956900,0.0000,1.0
2014-06-11,19.19,19.23,18.99,19.22,18.1179005871,3304100,0.0000,1.0
2014-06-10,18.99,19.29,18.96,19.25,18.1461803487,3200000,0.0000,1.0
2014-06-09,18.88,19.11,18.84,19.05,17.9576486048,2192300,0.0000,1.0
2014-06-06,18.59,18.9,18.57,18.89,17.8068232097,1868400,0.0000,1.0
2014-06-05,18.3,18.64,18.23,18.52,17.4580394835,1710300,0.0000,1.0
2014-06-04,18.48,18.59,18.28,18.41,17.3543470244,3238200,0.0000,1.0
2014-06-03,17.94,18.15,17.84,18.03,16.996136711,931600,0.0000,1.0
2014-06-02,17.84,18.01,17.77,17.96,16.9301506006,1200800,0.0000,1.0
2014-05-30,17.95,17.99,17.76,17.8,16.7793252055,1997900,0.0000,1.0
2014-05-29,18.0,18.03,17.86,17.94,16.9112974263,936000,0.0000,1.0
2014-05-28,18.02,18.06,17.84,17.94,16.9112974263,1645500,0.0000,1.0
2014-05-27,18.06,18.17,17.93,17.98,16.949003775,2519000,0.0000,1.0
2014-05-23,18.0,18.1,17.89,17.94,16.9112974263,994200,0.0000,1.0
2014-05-22,17.95,18.22,17.92,18.01,16.9772835366,1373500,0.0000,1.0
2014-05-21,17.83,18.03,17.8,17.96,16.9301506006,1583300,0.0000,1.0
2014-05-20,17.93,17.95,17.66,17.77,16.751045444,1489800,0.0000,1.0
2014-05-19,17.76,18.11,17.75,17.98,16.949003775,1732600,0.0000,1.0
2014-05-16,17.65,17.88,17.54,17.81,16.7887517927,1324000,0.0000,1.0
2014-05-15,17.78,17.9,17.34,17.6,16.5907934617,3097300,0.0000,1.0
2014-05-14,17.85,17.93,17.72,17.78,16.7604720311,1888500,0.0000,1.0
2014-05-13,18.0,18.03,17.8,17.89,16.8641644903,2235400,0.0000,1.0
2014-05-12,17.8,18.12,17.76,18.02,16.9867101238,1010800,0.0000,1.0
2014-05-09,17.57,17.7,17.43,17.67,16.656779572,1942300,0.0000,1.0
2014-05-08,17.59,17.97,17.45,17.62,16.609646636,2162500,0.0000,1.0
2014-05-07,17.54,17.67,17.37,17.63,16.6190732232,2338500,0.0600,1.0
2014-05-06,17.69,17.86,17.61,17.64,16.5721001502,2100100,0.0000,1.0
2014-05-05,17.66,17.87,17.51,17.74,16.6660462962,1622700,0.0000,1.0
2014-05-02,17.56,17.95,17.44,17.76,16.6848355254,2395400,0.0000,1.0
2014-05-01,17.65,17.74,17.47,17.57,16.5063378481,3407300,0.0000,1.0
2014-04-30,17.51,17.75,17.4,17.67,16.600283994,2255200,0.0000,1.0
2014-04-29,17.53,17.74,17.31,17.58,16.5157324627,3245300,0.0000,1.0
2014-04-28,17.33,17.47,16.95,17.3,16.2526832539,3801400,0.0000,1.0
2014-04-25,18.11,18.11,17.22,17.32,16.2714724831,7192300,0.0000,1.0
2014-04-24,19.24,19.32,18.12,18.24,17.1357770261,7295700,0.0000,1.0
2014-04-23,19.45,19.46,19.09,19.18,18.0188707983,1937800,0.0000,1.0
2014-04-22,19.05,19.52,18.93,19.38,18.2067630902,1673200,0.0000,1.0
2014-04-21,19.13,19.13,18.79,19.03,17.8779515793,1371600,0.0000,1.0
2014-04-17,18.9,19.22,18.73,19.04,17.8873461939,2207500,0.0000,1.0
2014-04-16,18.73,18.82,18.21,18.79,17.652480829,3396500,0.0000,1.0
2014-04-15,18.66,18.88,18.3,18.75,17.6149023706,3776200,0.0000,1.0
2014-04-14,19.0,19.08,18.47,18.6,17.4739831516,2677700,0.0000,1.0
2014-04-11,19.15,19.3,18.8,18.89,17.746426975,1821400,0.0000,1.0
2014-04-10,19.76,19.92,19.01,19.02,17.8685569647,2518900,0.0000,1.0
2014-04-09,19.54,19.77,19.26,19.74,18.5449692158,1341600,0.0000,1.0
2014-04-08,19.39,19.68,19.27,19.46,18.281920007,1726700,0.0000,1.0
2014-04-07,19.69,19.81,19.23,19.43,18.2537361632,1918300,0.0000,1.0
2014-04-04,20.49,20.57,19.64,19.77,18.5731530595,3379700,0.0000,1.0
2014-04-03,20.35,20.72,20.26,20.37,19.1368299354,2227900,0.0000,1.0
2014-04-02,20.09,20.56,19.98,20.34,19.1086460916,2734800,0.0000,1.0
2014-04-01,19.97,20.09,19.73,20.07,18.8549914975,2162500,0.0000,1.0
2014-03-31,19.66,19.98,19.59,19.89,18.6858884347,1307900,0.0000,1.0
2014-03-28,19.35,19.71,19.34,19.52,18.3382876946,1806700,0.0000,1.0
2014-03-27,19.66,19.71,19.14,19.38,18.2067630902,3075100,0.0000,1.0
2014-03-26,20.2,20.41,19.7,19.71,18.516785372,1721400,0.0000,1.0
2014-03-25,20.06,20.46,19.84,20.13,18.9113591851,2813400,0.0000,1.0
2014-03-24,20.17,20.32,19.81,19.94,18.7328615077,1312200,0.0000,1.0
2014-03-21,20.37,20.43,20.08,20.15,18.9301484143,2728900,0.0000,1.0
2014-03-20,19.64,20.26,19.54,20.21,18.9865161018,2120100,0.0000,1.0
2014-03-19,19.83,19.87,19.5,19.62,18.4322338406,1611200,0.0000,1.0
2014-03-18,19.42,19.87,19.37,19.84,18.6389153617,1713400,0.0000,1.0
2014-03-17,19.38,19.52,19.36,19.41,18.234946934,2026800,0.0000,1.0
2014-03-14,19.25,19.41,19.18,19.28,18.1128169443,1629000,0.0000,1.0
2014-03-13,19.63,19.8,19.07,19.25,18.0846331005,3558700,0.0000,1.0
2014-03-12,19.52,19.72,19.31,19.69,18.4979961428,2694400,0.0000,1.0
2014-03-11,19.6,19.82,19.41,19.61,18.422839226,2797600,0.0000,1.0
2014-03-10,20.25,20.27,19.65,19.65,18.4604176844,2387200,0.0000,1.0
2014-03-07,19.91,20.24,19.91,20.23,19.005305331,3086400,0.0000,1.0
2014-03-06,19.95,19.98,19.7,19.85,18.6483099763,3237600,0.0000,1.0
2014-03-05,20.07,20.1,19.89,19.91,18.7046776639,2565200,0.0000,1.0
2014-03-04,20.14,20.16,19.94,20.06,18.8455968829,2650300,0.0000,1.0
2014-03-03,20.02,20.13,19.76,19.93,18.7234668931,2527800,0.0000,1.0
2014-02-28,20.15,20.52,20.05,20.28,19.052278404,3559300,0.0000,1.0
2014-02-27,20.1,20.28,20.06,20.17,18.9489376435,2685800,0.0000,1.0
2014-02-26,20.08,20.43,19.96,20.09,18.8737807267,3966900,0.0000,1.0
2014-02-25,20.15,20.17,19.83,20.02,18.8080184245,3182000,0.0000,1.0
2014-02-24,20.24,20.41,20.12,20.19,18.9677268726,5540600,0.0000,1.0
2014-02-21,20.5,20.54,20.17,20.23,19.005305331,3753300,0.0000,1.0
2014-02-20,20.15,20.49,20.09,20.46,19.2213814668,4977700,0.0000,1.0
2014-02-19,19.76,20.25,19.75,20.13,18.9113591851,4744500,0.0000,1.0
2014-02-18,19.96,19.97,19.74,19.82,18.6201261325,3212800,0.0000,1.0
2014-02-14,19.27,19.91,19.2,19.87,18.6670992055,5135900,0.0000,1.0
2014-02-13,19.09,19.26,18.82,19.25,18.0846331005,5908800,0.0000,1.0
2014-02-12,19.47,19.55,19.18,19.23,18.0658438713,2945900,0.0000,1.0
2014-02-11,19.07,19.51,19.03,19.33,18.1597900172,4711400,0.0000,1.0
2014-02-10,19.01,19.07,18.86,19.03,17.8779515793,1900100,0.0000,1.0
2014-02-07,18.93,19.11,18.79,19.07,17.9155300377,2609500,0.0000,1.0
2014-02-06,18.78,19.05,18.73,18.87,17.7276377458,3042300,0.0000,1.0
2014-02-05,18.37,18.82,18.14,18.72,17.5867185268,3680400,0.0000,1.0
2014-02-04,18.42,18.44,18.26,18.41,17.2954854743,2224900,0.0000,1.0
2014-02-03,18.77,18.83,18.2,18.3,17.1921447137,4257000,0.0000,1.0
2014-01-31,18.95,19.05,18.78,18.81,17.6712700582,2501200,0.0000,1.0
2014-01-30,19.02,19.14,18.81,19.09,17.9343192669,2839800,0.0000,1.0
2014-01-29,18.89,19.24,18.78,18.84,17.699453902,4115300,0.0000,1.0
2014-01-28,19.0,19.36,18.9,19.19,18.0282654129,3909000,0.0000,1.0
2014-01-27,19.2,19.2,18.79,18.92,17.7746108187,3793800,0.0000,1.0
2014-01-24,19.64,19.64,19.11,19.16,18.0000815691,4651600,0.0000,1.0
2014-01-23,19.53,20.17,19.49,19.68,18.4886015282,8111800,0.0000,1.0
2014-01-22,19.14,19.73,19.13,19.58,18.3946553822,6336600,0.0000,1.0
2014-01-21,19.55,19.66,19.13,19.19,18.0282654129,5233400,0.0000,1.0
2014-01-17,19.36,19.69,19.34,19.49,18.3101038508,3268900,0.0000,1.0
2014-01-16,19.75,19.96,19.42,19.52,18.3382876946,5855500,0.0000,1.0
2014-01-15,19.31,19.8,19.28,19.75,18.5543638304,7453400,0.0000,1.0
2014-01-14,18.57,19.0,18.5,18.98,17.8309785063,5330500,0.0000,1.0
2014-01-13,18.06,18.62,18.06,18.2,17.0981985677,5474200,0.0000,1.0
2014-01-10,18.04,18.15,17.81,18.09,16.9948578071,2151100,0.0000,1.0
2014-01-09,17.97,18.24,17.85,17.98,16.8915170466,4228000,0.0000,1.0
2014-01-08,17.78,18.08,17.59,17.96,16.8727278174,3197700,0.0000,1.0
2014-01-07,17.62,17.82,17.5,17.73,16.6566516816,1695200,0.0000,1.0
2014-01-06,17.59,17.67,17.36,17.58,16.5157324627,2276700,0.0000,1.0
2014-01-03,17.59,17.7,17.5,17.56,16.4969432335,1947600,0.0000,1.0
2014-01-02,17.44,17.66,17.37,17.63,16.5627055356,2665800,0.0000,1.0
2013-12-31,17.59,17.68,17.48,17.62,16.5533109211,1180100,0.0000,1.0
2013-12-30,17.4,17.61,17.4,17.55,16.4875486189,1299200,0.0000,1.0
2013-12-27,17.25,17.55,17.17,17.4,16.3466293999,1621600,0.0000,1.0
2013-12-26,17.4,17.49,17.28,17.29,16.2432886393,1231300,0.0000,1.0
2013-12-24,17.24,17.5,17.17,17.37,16.3184455561,1463200,0.0000,1.0
2013-12-23,16.9,17.23,16.78,17.2,16.158737108,2949300,0.0000,1.0
2013-12-20,16.51,16.84,16.46,16.73,15.7171902219,24930800,0.0000,1.0
2013-12-19,16.67,16.81,16.52,16.57,15.5668763883,3890500,0.0000,1.0
2013-12-18,16.77,16.91,16.54,16.69,15.6796117635,4055100,0.0000,1.0
2013-12-17,16.5,16.85,16.45,16.8,15.782952524,2031700,0.0000,1.0
2013-12-16,16.43,16.61,16.33,16.45,15.4541410131,3134000,0.0000,1.0
2013-12-13,16.38,16.5,16.28,16.39,15.3977733255,2592800,0.0000,1.0
2013-12-12,16.64,16.67,16.21,16.36,15.3695894817,5143400,0.0000,1.0
2013-12-11,17.07,17.1,16.83,16.84,15.8205309824,1551800,0.0000,1.0
2013-12-10,17.05,17.21,16.94,17.03,15.9990286598,1078700,0.0000,1.0
2013-12-09,17.15,17.34,17.09,17.12,16.0835801912,2031500,0.0000,1.0
2013-12-06,16.95,17.24,16.93,17.1,16.064790962,1440300,0.0000,1.0
2013-12-05,16.77,16.98,16.75,16.79,15.7735579094,1676600,0.0000,1.0
2013-12-04,16.81,16.97,16.65,16.8,15.782952524,2872500,0.0000,1.0
2013-12-03,16.88,17.13,16.85,16.91,15.8862932846,1687200,0.0000,1.0
2013-12-02,17.03,17.07,16.8,16.93,15.9050825138,2441900,0.0000,1.0
2013-11-29,17.19,17.23,17.0,17.03,15.9990286598,615200,0.0000,1.0
2013-11-27,17.04,17.16,16.95,17.09,16.0553963474,1567800,0.0000,1.0
2013-11-26,16.99,17.24,16.99,17.05,16.017817889,2380300,0.0000,1.0
2013-11-25,16.86,17.05,16.63,16.97,15.9426609722,4191200,0.0000,1.0
2013-11-22,16.72,16.97,16.63,16.84,15.8205309824,1628200,0.0000,1.0
2013-11-21,16.59,16.77,16.51,16.69,15.6796117635,1267700,0.0000,1.0
2013-11-20,16.66,16.79,16.46,16.54,15.5386925445,1078400,0.0000,1.0
2013-11-19,17.01,17.07,16.58,16.6,15.5950602321,1513800,0.0000,1.0
2013-11-18,17.12,17.21,16.92,16.99,15.9614502014,1487100,0.0000,1.0
2013-11-15,17.08,17.12,16.9,17.1,16.064790962,1766900,0.0000,1.0
2013-11-14,17.27,17.32,16.86,17.04,16.0084232744,2408000,0.0000,1.0
2013-11-13,17.11,17.39,17.07,17.31,16.2620778685,1334900,0.0000,1.0
2013-11-12,17.09,17.19,16.99,17.18,16.1399478788,1345300,0.0000,1.0
2013-11-11,17.17,17.22,16.99,17.14,16.1023694204,1076300,0.0000,1.0
2013-11-08,16.98,17.26,16.9,17.26,16.2151047955,1188200,0.0000,1.0
2013-11-07,17.3,17.37,16.91,16.94,15.9144771284,1605300,0.0000,1.0
2013-11-06,17.44,17.44,17.2,17.29,16.2432886393,1082900,0.0000,1.0
2013-11-05,17.34,17.44,17.14,17.32,16.2714724831,1637600,0.0000,1.0
2013-11-04,17.49,17.5,17.26,17.41,16.3560240145,1273300,0.0000,1.0
2013-11-01,17.56,17.68,17.27,17.48,16.4217863167,2367400,0.0000,1.0
2013-10-31,17.56,17.74,17.41,17.49,16.4311809313,3980700,0.0000,1.0
2013-10-30,17.78,17.9,17.42,17.55,16.4875486189,2258200,0.0000,1.0
2013-10-29,17.31,17.8,17.29,17.78,16.7036247546,3404900,0.0000,1.0
2013-10-28,17.35,17.35,17.13,17.23,16.1869209517,2853200,0.0000,1.0
2013-10-25,16.65,17.35,16.65,17.32,16.2714724831,4871400,0.0000,1.0
2013-10-24,16.18,17.28,16.1,16.76,15.7453740657,7405800,0.0000,1.0
2013-10-23,16.61,16.61,16.07,16.34,15.3508002526,3396200,0.0000,1.0
2013-10-22,17.01,17.07,16.6,16.67,15.6608225343,2399600,0.0000,1.0
2013-10-21,17.01,17.07,16.87,16.97,15.9426609722,965800,0.0000,1.0
2013-10-18,16.94,17.04,16.8,17.0,15.970844816,1838900,0.0000,1.0
2013-10-17,16.66,16.9,16.55,16.86,15.8393202116,1264500,0.0000,1.0
2013-10-16,16.68,16.83,16.63,16.78,15.7641632948,1143200,0.0000,1.0
2013-10-15,16.71,16.89,16.56,16.58,15.5762710029,1915600,0.0000,1.0
2013-10-14,16.59,17.04,16.58,16.95,15.923871743,2217700,0.0000,1.0
2013-10-11,16.28,16.78,16.23,16.74,15.7265848365,2449100,0.0000,1.0
2013-10-10,16.23,16.51,16.23,16.45,15.4541410131,1868700,0.0000,1.0
2013-10-09,15.91,16.16,15.76,16.01,15.0407779708,2647100,0.0000,1.0
2013-10-08,16.07,16.16,15.8,15.85,14.8904641373,3108900,0.0000,1.0
2013-10-07,15.85,16.16,15.75,16.06,15.0877510438,3270800,0.0000,1.0
2013-10-04,15.93,16.11,15.77,16.09,15.1159348876,2818000,0.0000,1.0
2013-10-03,16.15,16.18,15.79,15.91,14.9468318249,3080500,0.0000,1.0
2013-10-02,16.39,16.54,16.22,16.27,15.2850379504,2394300,0.0000,1.0
2013-10-01,16.49,16.71,16.37,16.53,15.5292979299,2006800,0.0000,1.0
2013-09-30,16.52,16.6,16.28,16.52,15.5199033153,2217200,0.0000,1.0
2013-09-27,16.4,16.75,16.32,16.71,15.6984009927,2694400,0.0000,1.0
2013-09-26,16.53,16.62,16.39,16.46,15.4635356277,2894900,0.0000,1.0
2013-09-25,16.49,16.64,16.25,16.52,15.5199033153,3190400,0.0000,1.0
2013-09-24,16.36,16.69,16.23,16.55,15.5480871591,4335600,0.0000,1.0
2013-09-23,16.35,16.41,16.11,16.28,15.294432565,2147700,0.0000,1.0
2013-09-20,16.38,16.44,16.27,16.35,15.3601948672,3682700,0.0000,1.0
2013-09-19,16.35,16.45,16.25,16.35,15.3601948672,2452800,0.0000,1.0
2013-09-18,16.25,16.32,16.11,16.28,15.294432565,1801500,0.0000,1.0
2013-09-17,16.3,16.35,16.18,16.23,15.247459492,1620100,0.0000,1.0
2013-09-16,16.29,16.32,16.14,16.21,15.2286702628,1641600,0.0000,1.0
2013-09-13,16.2,16.27,16.0,16.12,15.1441187314,1540700,0.0000,1.0
2013-09-12,16.37,16.37,16.15,16.17,15.1910918044,2160600,0.0000,1.0
2013-09-11,16.28,16.42,16.12,16.37,15.3789840963,2254500,0.0000,1.0
2013-09-10,16.25,16.44,16.2,16.37,15.3789840963,1875500,0.0000,1.0
2013-09-09,15.98,16.22,15.95,16.16,15.1816971898,1662700,0.0000,1.0
2013-09-06,16.05,16.08,15.77,15.91,14.9468318249,1761700,0.0000,1.0
2013-09-05,15.86,16.08,15.8,16.02,15.0501725854,1602500,0.0000,1.0
2013-09-04,15.48,15.91,15.3,15.87,14.9092533665,1547100,0.0000,1.0
2013-09-03,15.57,15.72,15.28,15.45,14.5146795534,1369200,0.0000,1.0
2013-08-30,15.51,15.51,15.22,15.35,14.4207334074,1489300,0.0000,1.0
2013-08-29,15.26,15.53,15.25,15.45,14.5146795534,1642700,0.0000,1.0
2013-08-28,15.32,15.45,15.22,15.29,14.3643657198,2088700,0.0000,1.0
2013-08-27,15.57,15.6,15.3,15.33,14.4019441782,2049300,0.0000,1.0
2013-08-26,15.87,15.95,15.76,15.76,14.8059126059,1608000,0.0000,1.0
2013-08-23,15.9,15.97,15.8,15.9,14.9374372103,1125000,0.0000,1.0
2013-08-22,15.64,15.85,15.62,15.82,14.8622802935,1065000,0.0000,1.0
2013-08-21,15.69,15.79,15.51,15.59,14.6462041577,1449800,0.0000,1.0
2013-08-20,15.69,15.81,15.61,15.73,14.7777287621,2345900,0.0000,1.0
2013-08-19,15.99,16.02,15.64,15.67,14.7213610745,1946300,0.0000,1.0
2013-08-16,15.95,16.17,15.93,15.98,15.012594127,1915200,0.0000,1.0
2013-08-15,16.29,16.29,15.96,15.96,14.9938048978,1887500,0.0000,1.0
2013-08-14,16.53,16.67,16.44,16.48,15.4823248569,1344600,0.0000,1.0
2013-08-13,16.48,16.59,16.36,16.57,15.5668763883,1891700,0.0000,1.0
2013-08-12,16.11,16.54,16.06,16.49,15.4917194715,2199100,0.0000,1.0
2013-08-09,16.09,16.19,16.04,16.18,15.200486419,1711600,0.0000,1.0
2013-08-08,16.35,16.42,16.15,16.16,15.1816971898,1230800,0.0000,1.0
2013-08-07,16.27,16.34,16.1,16.21,15.2286702628,1897000,0.0000,1.0
2013-08-06,16.46,16.6,16.26,16.35,15.3601948672,3009700,0.0000,1.0
2013-08-05,16.55,16.63,16.42,16.47,15.4729302423,2166300,0.0000,1.0
2013-08-02,16.67,16.67,16.41,16.61,15.6044548467,2236200,0.0000,1.0
2013-08-01,16.65,16.91,16.59,16.9,15.87689867,2829000,0.0000,1.0
2013-07-31,16.62,16.63,16.4,16.49,15.4917194715,2919200,0.0000,1.0
2013-07-30,16.53,16.7,16.45,16.61,15.6044548467,1924600,0.0000,1.0
2013-07-29,16.52,16.65,16.21,16.4,15.4071679401,3266500,0.0000,1.0
2013-07-26,16.58,16.71,16.58,16.59,15.5856656175,3076200,0.0000,1.0
2013-07-25,16.6,17.15,15.55,16.64,15.6326386905,11094900,0.0000,1.0
2013-07-24,17.84,17.84,17.18,17.29,16.2432886393,2745200,0.0000,1.0
2013-07-23,17.97,18.05,17.66,17.71,16.6378624524,1396200,0.0000,1.0
2013-07-22,17.83,17.92,17.66,17.88,16.7975709006,2061000,0.0000,1.0
2013-07-19,17.76,17.85,17.45,17.85,16.7693870568,2392100,0.0000,1.0
2013-07-18,18.0,18.03,17.76,17.8,16.7224139838,2152400,0.0000,1.0
2013-07-17,18.07,18.1,17.73,18.0,16.9103062758,2569300,0.0000,1.0
2013-07-16,18.07,18.21,17.97,17.99,16.9009116612,2205900,0.0000,1.0
2013-07-15,18.57,18.57,17.86,18.06,16.9666739633,4028500,0.0000,1.0
2013-07-12,18.55,18.59,18.4,18.54,17.417615464,1365800,0.0000,1.0
2013-07-11,18.54,18.73,18.34,18.56,17.4364046932,3504800,0.0000,1.0
2013-07-10,17.51,18.42,17.49,18.36,17.2485124013,5154900,0.0000,1.0
2013-07-09,17.54,17.72,17.46,17.48,16.4217863167,2396700,0.0000,1.0
2013-07-08,17.64,17.7,17.37,17.47,16.4123917021,1896000,0.0000,1.0
2013-07-05,17.38,17.59,17.31,17.56,16.4969432335,1232700,0.0000,1.0
2013-07-03,17.06,17.33,16.99,17.26,16.2151047955,883900,0.0000,1.0
2013-07-02,17.41,17.54,16.97,17.17,16.1305532642,2830200,0.0000,1.0
2013-07-01,17.7,17.72,17.21,17.41,16.3560240145,2462500,0.0000,1.0
2013-06-28,17.36,17.68,17.16,17.57,16.5063378481,2832600,0.0000,1.0
2013-06-27,17.38,17.53,17.31,17.43,16.3748132437,1688400,0.0000,1.0
2013-06-26,17.21,17.3,16.98,17.24,16.1963155663,1949900,0.0000,1.0
2013-06-25,16.77,17.03,16.62,17.01,15.9802394306,1760100,0.0000,1.0
2013-06-24,16.69,16.71,16.27,16.56,15.5574817737,2209000,0.0000,1.0
2013-06-21,17.14,17.14,16.73,16.94,15.9144771284,2494700,0.0000,1.0
2013-06-20,17.22,17.27,16.89,17.01,15.9802394306,2901200,0.0000,1.0
2013-06-19,17.81,17.9,17.48,17.53,16.4687593897,1573900,0.0000,1.0
2013-06-18,17.77,17.86,17.73,17.82,16.741203213,926300,0.0000,1.0
2013-06-17,17.51,17.77,17.47,17.64,16.5721001502,1769400,0.0000,1.0
2013-06-14,17.57,17.61,17.26,17.34,16.2902617123,1013700,0.0000,1.0
2013-06-13,17.15,17.62,17.03,17.6,16.5345216919,1671600,0.0000,1.0
2013-06-12,17.71,17.75,17.14,17.2,16.158737108,1621900,0.0000,1.0
2013-06-11,17.62,17.8,17.48,17.55,16.4875486189,1791800,0.0000,1.0
2013-06-10,17.87,17.93,17.69,17.87,16.788176286,1649900,0.0000,1.0
2013-06-07,17.55,17.9,17.44,17.86,16.7787816714,2343300,0.0000,1.0
2013-06-06,17.64,17.73,17.21,17.43,16.3748132437,2818500,0.0000,1.0
2013-06-05,17.72,17.84,17.52,17.61,16.5439163065,2078500,0.0000,1.0
2013-06-04,18.02,18.3,17.68,17.8,16.7224139838,2553900,0.0000,1.0
2013-06-03,18.46,18.57,17.64,18.03,16.9384901196,3992000,0.0000,1.0
2013-05-31,17.78,18.26,17.72,17.94,16.8539385882,2862900,0.0000,1.0
2013-05-30,17.47,18.09,17.47,17.83,16.7505978276,3353300,0.0000,1.0
2013-05-29,17.37,17.53,17.3,17.41,16.3560240145,1148400,0.0000,1.0
2013-05-28,17.46,17.59,17.37,17.52,16.4593647751,1607600,0.0000,1.0
2013-05-24,16.94,17.23,16.92,17.18,16.1399478788,1515700,0.0000,1.0
2013-05-23,17.06,17.17,16.88,17.05,16.017817889,3208100,0.0000,1.0
2013-05-22,17.71,17.77,17.15,17.28,16.2338940247,7249700,0.0000,1.0
2013-05-21,17.75,17.88,17.67,17.72,16.647257067,1995100,0.0000,1.0
2013-05-20,17.68,17.8,17.59,17.69,16.6190732232,1786500,0.0000,1.0
2013-05-17,17.39,17.74,17.39,17.71,16.6378624524,1745000,0.0000,1.0
2013-05-16,17.45,17.76,17.26,17.29,16.2432886393,2564900,0.0000,1.0
2013-05-15,16.73,17.69,16.72,17.48,16.4217863167,5627900,0.0000,1.0
2013-05-14,16.63,16.79,16.53,16.77,15.7547686803,1236800,0.0000,1.0
2013-05-13,16.87,16.9,16.53,16.64,15.6326386905,2038200,0.0000,1.0
2013-05-10,16.66,16.98,16.55,16.97,15.9426609722,2499000,0.0000,1.0
2013-05-09,16.52,16.77,16.52,16.64,15.6326386905,1784200,0.0000,1.0
2013-05-08,16.52,16.64,16.39,16.58,15.5762710029,1670800,0.0000,1.0
2013-05-07,16.59,16.62,16.41,16.57,15.5668763883,1277400,0.0000,1.0
2013-05-06,16.4,16.67,16.33,16.54,15.5386925445,1775000,0.0000,1.0
2013-05-03,16.36,16.67,16.28,16.39,15.3977733255,2720400,0.0000,1.0
2013-05-02,16.14,16.23,15.93,16.15,15.1723025752,2873800,0.0000,1.0
2013-05-01,16.32,16.39,16.07,16.11,15.1347241168,2535600,0.0000,1.0
2013-04-30,16.36,16.56,16.2,16.44,15.4447463985,2586500,0.0000,1.0
2013-04-29,16.37,16.57,16.26,16.42,15.4259571693,2728900,0.0000,1.0
2013-04-26,16.31,16.59,15.84,16.36,15.3695894817,7032000,0.0000,1.0
2013-04-25,15.42,16.64,15.42,16.06,15.0877510438,6678900,0.0000,1.0
2013-04-24,14.84,14.98,14.75,14.84,13.9416080629,2772000,0.0000,1.0
2013-04-23,14.75,14.95,14.59,14.85,13.9510026775,2443400,0.0000,1.0
2013-04-22,14.51,14.68,14.2,14.57,13.6879534688,2806700,0.0000,1.0
2013-04-19,14.39,14.46,14.05,14.45,13.5752180936,3317100,0.0000,1.0
2013-04-18,14.51,14.67,14.11,14.3,13.4342988746,4686900,0.0000,1.0
2013-04-17,15.16,15.16,14.36,14.43,13.5564288644,5028000,0.0000,1.0
2013-04-16,15.1,15.4,14.96,15.36,14.430128022,2563900,0.0000,1.0
2013-04-15,15.35,15.35,14.92,14.94,14.0355542089,2561600,0.0000,1.0
2013-04-12,15.77,15.85,15.2,15.47,14.5334687826,3195900,0.0000,1.0
2013-04-11,15.91,16.05,15.78,15.89,14.9280425957,1398700,0.0000,1.0
2013-04-10,15.6,16.02,15.6,15.97,15.0031995124,1934600,0.0000,1.0
2013-04-09,15.63,15.74,15.37,15.58,14.6368095431,1916500,0.0000,1.0
2013-04-08,15.3,15.62,15.11,15.58,14.6368095431,2311500,0.0000,1.0
2013-04-05,15.09,15.35,14.86,15.31,14.383154949,2436800,0.0000,1.0
2013-04-04,15.23,15.42,15.13,15.35,14.4207334074,2402000,0.0000,1.0
2013-04-03,15.52,15.54,15.11,15.25,14.3267872614,2147700,0.0000,1.0
2013-04-02,15.9,15.94,15.36,15.46,14.524074168,3211900,0.0000,1.0
2013-04-01,16.25,16.25,15.81,15.84,14.8810695227,1702300,0.0000,1.0
2013-03-28,15.86,16.25,15.86,16.22,15.2380648774,2125900,0.0000,1.0
2013-03-27,15.85,15.87,15.44,15.86,14.8998587519,2054000,0.0000,1.0
2013-03-26,15.99,16.06,15.84,16.02,15.0501725854,2084400,0.0000,1.0
2013-03-25,15.9,15.99,15.72,15.9,14.9374372103,2209500,0.0000,1.0
2013-03-22,16.03,16.1,15.74,15.81,14.8528856789,2978700,0.0000,1.0
2013-03-21,16.33,16.42,15.83,15.94,14.9750156686,4997700,0.0000,1.0
2013-03-20,16.55,16.75,16.35,16.45,15.4541410131,3458800,0.0000,1.0
2013-03-19,16.55,16.64,16.18,16.4,15.4071679401,2642300,0.0000,1.0
2013-03-18,16.61,16.73,16.49,16.53,15.5292979299,1774900,0.0000,1.0
2013-03-15,16.93,17.02,16.66,16.83,15.8111363678,2651600,0.0000,1.0
2013-03-14,16.99,17.09,16.93,17.0,15.970844816,2543400,0.0000,1.0
2013-03-13,16.89,16.98,16.66,16.93,15.9050825138,1946100,0.0000,1.0
2013-03-12,16.88,16.95,16.74,16.87,15.8487148262,2513200,0.0000,1.0
2013-03-11,16.98,17.03,16.79,16.9,15.87689867,3569800,0.0000,1.0
2013-03-08,17.23,17.25,17.03,17.06,16.0272125036,1650600,0.0000,1.0
2013-03-07,17.15,17.2,17.04,17.15,16.111764035,1938100,0.0000,1.0
2013-03-06,17.25,17.4,17.11,17.12,16.0835801912,2015200,0.0000,1.0
2013-03-05,16.87,17.48,16.86,17.19,16.1493424934,5110300,0.0000,1.0
2013-03-04,16.62,16.77,16.45,16.74,15.7265848365,2665200,0.0000,1.0
2013-03-01,16.64,16.78,16.42,16.62,15.6138494613,2108400,0.0000,1.0
2013-02-28,16.78,17.0,16.71,16.76,15.7453740657,1922700,0.0000,1.0
2013-02-27,16.48,16.86,16.44,16.81,15.7923471386,2986800,0.0000,1.0
2013-02-26,16.44,16.59,16.28,16.55,15.5480871591,2300300,0.0000,1.0
2013-02-25,17.01,17.15,16.33,16.34,15.3508002526,2599600,0.0000,1.0
2013-02-22,16.78,17.0,16.65,16.89,15.8675040554,1667100,0.0000,1.0
2013-02-21,16.85,16.87,16.53,16.68,15.6702171489,2656000,0.0000,1.0
2013-02-20,17.42,17.45,16.95,16.97,15.9426609722,2006300,0.0000,1.0
2013-02-19,17.31,17.53,17.23,17.42,16.3654186291,2236700,0.0000,1.0
2013-02-15,17.62,17.64,17.19,17.29,16.2432886393,2392600,0.0000,1.0
2013-02-14,17.3,17.66,17.3,17.65,16.5814947648,2172700,0.0000,1.0
2013-02-13,17.29,17.49,17.26,17.43,16.3748132437,2539500,0.0000,1.0
2013-02-12,17.17,17.37,17.14,17.3,16.2526832539,2847900,0.0000,1.0
2013-02-11,17.13,17.24,16.97,17.21,16.1681317225,2256500,0.0000,1.0
2013-02-08,17.0,17.29,16.93,17.18,16.1399478788,2905600,0.0000,1.0
2013-02-07,17.01,17.04,16.85,16.95,15.923871743,4566100,0.0000,1.0
2013-02-06,16.79,17.06,16.64,17.0,15.970844816,4993300,0.0000,1.0
2013-02-05,16.45,16.98,16.35,16.89,15.8675040554,4011100,0.0000,1.0
2013-02-04,16.53,16.69,16.25,16.25,15.2662487212,2306900,0.0000,1.0
2013-02-01,16.29,16.75,16.22,16.64,15.6326386905,3096600,0.0000,1.0
2013-01-31,16.2,16.27,16.08,16.16,15.1816971898,1646800,0.0000,1.0
2013-01-30,16.23,16.41,16.13,16.21,15.2286702628,2278300,0.0000,1.0
2013-01-29,16.23,16.3,15.9,16.28,15.294432565,2536500,0.0000,1.0
2013-01-28,16.53,16.53,16.17,16.3,15.3132217942,3106500,0.0000,1.0
2013-01-25,16.16,16.62,16.08,16.56,15.5574817737,3885400,0.0000,1.0
2013-01-24,15.9,16.82,15.75,16.21,15.2286702628,9240300,0.0000,1.0
2013-01-23,17.07,17.16,16.85,17.03,15.9990286598,2322100,0.0000,1.0
2013-01-22,17.1,17.22,16.94,17.09,16.0553963474,2450200,0.0000,1.0
2013-01-18,17.11,17.29,17.0,17.13,16.0929748058,2839900,0.0000,1.0
2013-01-17,16.91,17.23,16.87,17.08,16.0460017328,3121400,0.0000,1.0
2013-01-16,16.69,16.83,16.62,16.78,15.7641632948,2587500,0.0000,1.0
2013-01-15,16.73,16.76,16.61,16.7,15.6890063781,3046100,0.0000,1.0
2013-01-14,17.05,17.08,16.71,16.84,15.8205309824,2311200,0.0000,1.0
2013-01-11,16.97,17.12,16.87,17.1,16.064790962,2303827,0.0000,1.0
2013-01-10,17.12,17.135,16.835,16.96,15.9332663576,1596679,0.0000,1.0
2013-01-09,17.03,17.05,16.83,17.0,15.970844816,1377400,0.0000,1.0
2013-01-08,17.1,17.14,16.9,16.95,15.923871743,1477900,0.0000,1.0
2013-01-07,17.17,17.22,16.94,17.15,16.111764035,1696600,0.0000,1.0
2013-01-04,17.27,17.37,17.13,17.3,16.2526832539,1904500,0.0000,1.0
2013-01-03,17.44,17.44,17.18,17.26,16.2151047955,2177200,0.0000,1.0
2013-01-02,17.28,17.49,17.18,17.49,16.4311809313,3255700,0.0000,1.0
2012-12-31,16.35,16.9,16.29,16.89,15.8675040554,2124600,0.0000,1.0
2012-12-28,16.43,16.63,16.35,16.42,15.4259571693,1216800,0.0000,1.0
2012-12-27,16.56,16.64,16.24,16.56,15.5574817737,2040900,0.0000,1.0
2012-12-26,16.63,16.89,16.54,16.54,15.5386925445,1202700,0.0000,1.0
2012-12-24,16.53,16.85,16.53,16.54,15.5386925445,1087000,0.0000,1.0
2012-12-21,16.56,16.75,16.39,16.75,15.7359794511,2762600,0.0000,1.0
2012-12-20,16.7,16.88,16.52,16.87,15.8487148262,1464000,0.0000,1.0
2012-12-19,16.77,16.85,16.67,16.69,15.6796117635,2015500,0.0000,1.0
2012-12-18,16.47,16.8,16.41,16.77,15.7547686803,2267500,0.0000,1.0
2012-12-17,16.59,16.68,16.28,16.47,15.4729302423,2713600,0.0000,1.0
2012-12-14,16.47,16.68,16.37,16.49,15.4917194715,1815600,0.0000,1.0
2012-12-13,16.57,16.64,16.24,16.33,15.341405638,2183700,0.0000,1.0
2012-12-12,16.66,16.7,16.5,16.6,15.5950602321,5054100,0.0000,1.0
2012-12-11,16.43,16.63,16.38,16.6,15.5950602321,3024700,0.0000,1.0
2012-12-10,15.9,16.4,15.9,16.33,15.341405638,3001700,0.0000,1.0
2012-12-07,15.96,16.0,15.77,15.84,14.8810695227,2174000,0.0000,1.0
2012-12-06,15.7,15.92,15.7,15.9,14.9374372103,1751800,0.0000,1.0
2012-12-05,15.78,15.88,15.54,15.73,14.7777287621,1631000,0.0000,1.0
2012-12-04,15.6,15.88,15.51,15.78,14.8247018351,1882900,0.0000,1.0
2012-12-03,15.78,15.8,15.51,15.57,14.6274149285,1949100,0.0000,1.0
2012-11-30,15.76,15.8,15.55,15.64,14.6931772307,1993900,0.0000,1.0
2012-11-29,15.77,15.92,15.51,15.76,14.8059126059,3812200,0.0000,1.0
2012-11-28,15.4,15.82,15.18,15.79,14.8340964497,1928300,0.0000,1.0
2012-11-27,15.62,15.78,15.52,15.56,14.6180203139,1585400,0.0000,1.0
2012-11-26,15.87,16.02,15.61,15.67,14.7213610745,1881000,0.0000,1.0
2012-11-23,15.51,16.03,15.51,15.93,14.965621054,1460100,0.0000,1.0
2012-11-21,15.28,15.58,15.25,15.46,14.524074168,1728100,0.0000,1.0
2012-11-20,15.29,15.47,15.13,15.29,14.3643657198,3839300,0.0000,1.0
2012-11-19,15.26,15.45,15.21,15.35,14.4207334074,1894700,0.0000,1.0
2012-11-16,14.91,15.09,14.68,15.03,14.1201057403,2972600,0.0000,1.0
2012-11-15,15.24,15.3,14.82,14.86,13.9603972921,2523600,0.0000,1.0
2012-11-14,15.55,15.68,15.19,15.23,14.3079980322,5926800,0.0000,1.0
2012-11-13,15.32,15.72,15.32,15.54,14.5992310847,1907600,0.0000,1.0
2012-11-12,15.53,15.72,15.45,15.68,14.7307556891,2360200,0.0000,1.0
2012-11-09,15.35,15.72,15.26,15.51,14.5710472409,3254100,0.0000,1.0
2012-11-08,15.53,15.66,15.36,15.39,14.4583118658,2963900,0.0000,1.0
2012-11-07,15.69,15.78,15.3,15.52,14.5804418555,3729900,0.0000,1.0
2012-11-06,15.72,16.15,15.7,15.93,14.965621054,4754700,0.0000,1.0
2012-11-05,15.25,15.75,15.25,15.68,14.7307556891,4002100,0.0000,1.0
2012-11-02,15.37,15.49,15.15,15.31,14.383154949,3483000,0.0000,1.0
2012-11-01,14.69,15.42,14.61,15.42,14.4864957096,3632300,0.0000,1.0
2012-10-31,14.53,14.63,14.3,14.62,13.7349265418,3608200,0.0000,1.0
2012-10-26,14.65,14.8,14.46,14.5,13.6221911666,4013200,0.0000,1.0
2012-10-25,13.84,14.98,13.65,14.73,13.8382673023,12413200,0.0000,1.0
2012-10-24,13.97,14.06,13.6,13.62,12.795465082,5227300,0.0000,1.0
2012-10-23,13.93,13.97,13.74,13.8,12.9645681448,5320200,0.0000,1.0
2012-10-22,14.12,14.25,14.02,14.17,13.3121688849,2993300,0.0000,1.0
2012-10-19,14.16,14.3,14.01,14.12,13.2651958119,4315700,0.0000,1.0
2012-10-18,14.15,14.36,14.07,14.25,13.3873258016,2528000,0.0000,1.0
2012-10-17,14.07,14.31,14.03,14.16,13.3027742703,2398800,0.0000,1.0
2012-10-16,13.8,14.18,13.79,14.1,13.2464065827,1987000,0.0000,1.0
2012-10-15,13.66,13.78,13.4,13.73,12.8988058426,2506800,0.0000,1.0
2012-10-12,13.6,13.73,13.54,13.62,12.795465082,2221000,0.0000,1.0
2012-10-11,13.61,13.81,13.55,13.68,12.8518327696,2545100,0.0000,1.0
2012-10-10,13.79,13.82,13.44,13.49,12.6733350922,2648900,0.0000,1.0
2012-10-09,13.96,14.03,13.67,13.79,12.9551735302,3596000,0.0000,1.0
2012-10-08,13.96,14.1,13.86,14.0,13.1524604367,2285300,0.0000,1.0
2012-10-05,14.19,14.38,14.01,14.07,13.2182227389,2906300,0.0000,1.0
2012-10-04,14.05,14.12,13.86,14.09,13.2370119681,4707100,0.0000,1.0
2012-10-03,14.18,14.21,13.93,13.97,13.1242765929,3765800,0.0000,1.0
2012-10-02,14.24,14.32,14.1,14.16,13.3027742703,3520300,0.0000,1.0
2012-10-01,14.3,14.3,13.95,14.14,13.2839850411,4351200,0.0000,1.0
2012-09-28,14.27,14.32,14.01,14.22,13.3591419579,3491500,0.0000,1.0
2012-09-27,14.17,14.5,13.93,14.43,13.5564288644,4967900,0.0000,1.0
2012-09-26,14.22,14.23,13.8,14.05,13.1994335097,5912700,0.0000,1.0
2012-09-25,14.52,14.69,14.28,14.32,13.4530881038,5523200,0.0000,1.0
2012-09-24,14.5,14.59,14.14,14.41,13.5376396352,4154700,0.0000,1.0
2012-09-21,14.77,14.9,14.58,14.6,13.7161373126,3245800,0.0000,1.0
2012-09-20,14.86,14.87,14.62,14.7,13.8100834585,3716700,0.0000,1.0
2012-09-19,15.09,15.13,14.75,14.98,14.0731326673,5416600,0.0000,1.0
2012-09-18,15.61,15.63,15.11,15.15,14.2328411154,6547600,0.0000,1.0
2012-09-17,16.29,16.31,15.56,15.67,14.7213610745,3263400,0.0000,1.0
2012-09-14,16.21,16.49,16.21,16.43,15.4353517839,3078500,0.0000,1.0
2012-09-13,15.82,16.21,15.49,16.2,15.2192756482,4217600,0.0000,1.0
2012-09-12,15.96,16.11,15.73,15.85,14.8904641373,2186000,0.0000,1.0
2012-09-11,16.05,16.15,15.87,15.89,14.9280425957,2103300,0.0000,1.0
2012-09-10,16.21,16.35,16.0,16.02,15.0501725854,2693800,0.0000,1.0
2012-09-07,15.87,16.28,15.75,16.28,15.294432565,4056100,0.0000,1.0
2012-09-06,15.54,16.19,15.54,15.96,14.9938048978,2515700,0.0000,1.0
2012-09-05,15.55,15.6,15.3,15.43,14.4958903242,2138700,0.0000,1.0
2012-09-04,15.58,15.68,15.18,15.58,14.6368095431,1514700,0.0000,1.0
2012-08-31,15.6,15.71,15.35,15.62,14.6743880015,1468200,0.0000,1.0
2012-08-30,15.49,15.54,15.3,15.45,14.5146795534,1246800,0.0000,1.0
2012-08-29,15.69,15.79,15.51,15.62,14.6743880015,1537100,0.0000,1.0
2012-08-28,15.6,15.83,15.53,15.7,14.7495449183,2342300,0.0000,1.0
2012-08-27,15.8,15.8,15.51,15.6,14.6555987723,1490100,0.0000,1.0
2012-08-24,15.5,15.8,15.32,15.74,14.7871233767,2379300,0.0000,1.0
2012-08-23,15.62,15.71,15.46,15.55,14.6086256993,2053700,0.0000,1.0
2012-08-22,15.72,15.8,15.53,15.7,14.7495449183,2518300,0.0000,1.0
2012-08-21,15.73,15.94,15.69,15.79,14.8340964497,3363500,0.0000,1.0
2012-08-20,15.85,15.86,15.53,15.7,14.7495449183,2446400,0.0000,1.0
2012-08-17,15.83,15.95,15.73,15.94,14.9750156686,1844400,0.0000,1.0
2012-08-16,15.48,15.95,15.45,15.89,14.9280425957,2768300,0.0000,1.0
2012-08-15,15.25,15.53,15.23,15.43,14.4958903242,1260500,0.0000,1.0
2012-08-14,15.59,15.72,15.23,15.28,14.3549711052,1879700,0.0000,1.0
2012-08-13,15.51,15.57,15.33,15.52,14.5804418555,2486200,0.0000,1.0
2012-08-10,15.47,15.61,15.36,15.59,14.6462041577,1766200,0.0000,1.0
2012-08-09,15.35,15.59,15.34,15.49,14.5522580118,2132000,0.0000,1.0
2012-08-08,15.27,15.59,15.26,15.37,14.4395226366,2325400,0.0000,1.0
2012-08-07,14.97,15.44,14.97,15.35,14.4207334074,2767400,0.0000,1.0
2012-08-06,14.89,15.02,14.85,14.86,13.9603972921,2076500,0.0000,1.0
2012-08-03,14.79,14.92,14.48,14.8,13.9040296045,3334400,0.0000,1.0
2012-08-02,14.3,14.61,14.04,14.36,13.4906665622,3072500,0.0000,1.0
2012-08-01,14.84,14.9,14.39,14.49,13.612796552,2945200,0.0000,1.0
2012-07-31,14.64,14.84,14.51,14.71,13.8194780731,3490300,0.0000,1.0
2012-07-30,14.95,15.04,14.57,14.63,13.7443211564,4165600,0.0000,1.0
2012-07-27,14.95,15.12,14.74,14.97,14.0637380527,3825700,0.0000,1.0
2012-07-26,13.89,15.02,13.86,14.85,13.9510026775,8570700,0.0000,1.0
2012-07-25,13.32,13.66,13.25,13.45,12.6357566338,2935100,0.0000,1.0
2012-07-24,13.36,13.43,13.1,13.23,12.4290751127,2512300,0.0000,1.0
2012-07-23,13.35,13.45,13.09,13.38,12.5699943317,2334900,0.0000,1.0
2012-07-20,13.69,13.78,13.5,13.64,12.8142543112,2303100,0.0000,1.0
2012-07-19,13.74,13.99,13.66,13.82,12.9833573739,3861700,0.0000,1.0
2012-07-18,13.18,13.82,13.17,13.63,12.8048596966,2582300,0.0000,1.0
2012-07-17,13.18,13.3,12.98,13.23,12.4290751127,2155000,0.0000,1.0
2012-07-16,13.14,13.25,13.0,13.1,12.3069451229,1695700,0.0000,1.0
2012-07-13,13.11,13.33,13.08,13.21,12.4102858835,3299400,0.0000,1.0
2012-07-12,13.11,13.2,12.95,13.05,12.2599720499,2659600,0.0000,1.0
2012-07-11,13.2,13.39,13.07,13.25,12.4478643419,3066300,0.0000,1.0
2012-07-10,13.36,13.69,12.99,13.16,12.3633128105,2743200,0.0000,1.0
2012-07-09,13.6,13.69,13.19,13.44,12.6263620192,3506300,0.0000,1.0
2012-07-06,14.19,14.21,13.51,13.67,12.842438155,3572800,0.0000,1.0
2012-07-05,14.33,14.45,14.16,14.39,13.518850406,2612000,0.0000,1.0
2012-07-03,14.02,14.35,13.92,14.35,13.4812719476,1260800,0.0000,1.0
2012-07-02,14.1,14.15,13.79,14.01,13.1618550513,2740600,0.0000,1.0
2012-06-29,13.78,14.17,13.69,14.06,13.2088281243,3009500,0.0000,1.0
2012-06-28,13.69,13.78,13.18,13.44,12.6263620192,3524400,0.0000,1.0
2012-06-27,13.77,13.93,13.69,13.86,13.0209358323,2116400,0.0000,1.0
2012-06-26,13.74,13.85,13.51,13.7,12.8706219988,2239000,0.0000,1.0
2012-06-25,14.07,14.09,13.6,13.68,12.8518327696,2422700,0.0000,1.0
2012-06-22,14.16,14.38,14.1,14.31,13.4436934892,2265300,0.0000,1.0
2012-06-21,14.86,14.96,14.05,14.1,13.2464065827,3455900,0.0000,1.0
2012-06-20,14.76,14.99,14.65,14.82,13.9228188337,2800000,0.0000,1.0
2012-06-19,14.6,14.89,14.53,14.75,13.8570565315,2683600,0.0000,1.0
2012-06-18,14.32,14.56,14.26,14.48,13.6034019374,1965000,0.0000,1.0
2012-06-15,14.23,14.49,14.1,14.46,13.5846127082,2879300,0.0000,1.0
2012-06-14,14.04,14.22,13.8,14.13,13.2745904265,3789100,0.0000,1.0
2012-06-13,14.05,14.16,13.92,14.02,13.1712496659,4753000,0.0000,1.0
2012-06-12,13.95,14.11,13.78,14.1,13.2464065827,2620700,0.0000,1.0
2012-06-11,14.46,14.5,13.84,13.88,13.0397250615,2794900,0.0000,1.0
2012-06-08,13.99,14.4,13.84,14.38,13.5094557914,3049000,0.0000,1.0
2012-06-07,14.53,14.59,14.02,14.06,13.2088281243,2342000,0.0000,1.0
2012-06-06,13.99,14.41,13.98,14.24,13.377931187,2880000,0.0000,1.0
2012-06-05,13.49,13.92,13.46,13.88,13.0397250615,3213500,0.0000,1.0
2012-06-04,13.69,13.82,13.37,13.59,12.7672812382,2695600,0.0000,1.0
2012-06-01,14.1,14.14,13.51,13.61,12.7860704674,5723900,0.0000,1.0
2012-05-31,14.7,14.75,14.13,14.45,13.5752180936,4844900,0.0000,1.0
2012-05-30,14.93,14.93,14.64,14.76,13.8664511461,2678900,0.0000,1.0
2012-05-29,14.99,15.24,14.96,15.14,14.2234465008,2327900,0.0000,1.0
2012-05-25,14.73,14.97,14.73,14.79,13.8946349899,2829800,0.0000,1.0
2012-05-24,15.01,15.01,14.67,14.76,13.8664511461,3216400,0.0000,1.0
2012-05-23,14.99,15.05,14.48,14.99,14.0825272819,5600000,0.0000,1.0
2012-05-22,14.67,14.76,14.49,14.59,13.706742698,2207600,0.0000,1.0
2012-05-21,14.38,14.8,14.35,14.64,13.753715771,2855300,0.0000,1.0
2012-05-18,14.62,14.73,14.26,14.32,13.4530881038,3459700,0.0000,1.0
2012-05-17,15.03,15.14,14.59,14.59,13.706742698,2099800,0.0000,1.0
2012-05-16,15.45,15.55,15.01,15.02,14.1107111257,3232000,0.0000,1.0
2012-05-15,15.57,15.79,15.36,15.42,14.4864957096,3195800,0.0000,1.0
2012-05-14,15.47,15.74,15.33,15.6,14.6555987723,2127300,0.0000,1.0
2012-05-11,15.49,16.07,15.47,15.71,14.7589395329,2829000,0.0000,1.0
2012-05-10,15.83,15.88,15.47,15.62,14.6743880015,2669100,0.0000,1.0
2012-05-09,15.55,15.81,15.37,15.67,14.7213610745,2349200,0.0000,1.0
2012-05-08,15.87,15.87,15.31,15.82,14.8622802935,3545500,0.0000,1.0
2012-05-07,16.05,16.14,15.93,16.03,15.0595672,1916900,0.0000,1.0
2012-05-04,16.41,16.51,15.92,16.13,15.153513346,3433600,0.0000,1.0
2012-05-03,17.02,17.16,16.54,16.55,15.5480871591,1924700,0.0000,1.0
2012-05-02,17.11,17.17,16.87,17.06,16.0272125036,2353100,0.0000,1.0
2012-05-01,17.05,17.46,16.94,17.21,16.1681317225,4425000,0.0000,1.0
2012-04-30,17.4,17.45,17.17,17.21,16.1681317225,2055900,0.0000,1.0
2012-04-27,17.3,17.54,17.07,17.39,16.3372347853,3848800,0.0000,1.0
2012-04-26,17.57,18.01,17.1,17.2,16.158737108,11012200,0.0000,1.0
2012-04-25,16.39,16.94,16.39,16.83,15.8111363678,5520300,0.0000,1.0
2012-04-24,16.21,16.27,16.03,16.03,15.0595672,2647000,0.0000,1.0
2012-04-23,16.05,16.2,15.87,16.14,15.1629079606,1885100,0.0000,1.0
2012-04-20,16.65,16.72,16.3,16.3,15.3132217942,2788700,0.0000,1.0
2012-04-19,16.72,17.02,16.45,16.57,15.5668763883,2333000,0.0000,1.0
2012-04-18,16.68,16.84,16.57,16.74,15.7265848365,2257400,0.0000,1.0
2012-04-17,16.41,16.86,16.4,16.83,15.8111363678,2411400,0.0000,1.0
2012-04-16,16.49,16.54,16.13,16.29,15.3038271796,3077100,0.0000,1.0
2012-04-13,16.67,16.78,16.29,16.29,15.3038271796,1374600,0.0000,1.0
2012-04-12,16.2,16.79,16.11,16.78,15.7641632948,2493600,0.0000,1.0
2012-04-11,15.88,16.18,15.8,16.11,15.1347241168,2720300,0.0000,1.0
2012-04-10,16.01,16.14,15.67,15.67,14.7213610745,2949000,0.0000,1.0
2012-04-09,16.05,16.1,15.85,16.08,15.106540273,2443300,0.0000,1.0
2012-04-05,16.08,16.43,15.94,16.42,15.4259571693,4112000,0.0000,1.0
2012-04-04,16.46,16.5,16.1,16.17,15.1910918044,3917600,0.0000,1.0
2012-04-03,16.91,16.99,16.62,16.66,15.6514279197,1878200,0.0000,1.0
2012-04-02,16.79,17.05,16.51,17.02,15.9896340452,2095600,0.0000,1.0
2012-03-30,16.86,16.9,16.53,16.89,15.8675040554,2523700,0.0000,1.0
2012-03-29,16.62,16.79,16.43,16.74,15.7265848365,2248300,0.0000,1.0
2012-03-28,17.18,17.19,16.68,16.76,15.7453740657,2568900,0.0000,1.0
2012-03-27,17.17,17.39,17.16,17.24,16.1963155663,2848100,0.0000,1.0
2012-03-26,17.02,17.32,16.97,17.18,16.1399478788,2586200,0.0000,1.0
2012-03-23,16.7,16.85,16.53,16.82,15.8017417532,1277300,0.0000,1.0
2012-03-22,16.75,16.88,16.51,16.74,15.7265848365,2507500,0.0000,1.0
2012-03-21,16.85,17.03,16.82,16.87,15.8487148262,2140700,0.0000,1.0
2012-03-20,16.86,16.96,16.65,16.83,15.8111363678,2054500,0.0000,1.0
2012-03-19,16.95,17.15,16.79,17.04,16.0084232744,1990400,0.0000,1.0
2012-03-16,16.86,17.14,16.75,17.05,16.017817889,4283100,0.0000,1.0
2012-03-15,16.6,16.9,16.57,16.84,15.8205309824,3644100,0.0000,1.0
2012-03-14,16.64,16.77,16.42,16.48,15.4823248569,2069500,0.0000,1.0
2012-03-13,16.17,16.65,16.12,16.64,15.6326386905,3981000,0.0000,1.0
2012-03-12,16.26,16.26,15.92,16.11,15.1347241168,2023400,0.0000,1.0
2012-03-09,15.88,16.26,15.78,16.21,15.2286702628,2335700,0.0000,1.0
2012-03-08,15.91,16.08,15.85,15.9,14.9374372103,3861600,0.0000,1.0
2012-03-07,15.27,15.75,15.23,15.74,14.7871233767,4575400,0.0000,1.0
2012-03-06,15.07,15.25,15.06,15.14,14.2234465008,4628200,0.0000,1.0
2012-03-05,16.11,16.15,15.21,15.31,14.383154949,6580000,0.0000,1.0
2012-03-02,16.32,16.48,16.01,16.11,15.1347241168,3430400,0.0000,1.0
2012-03-01,16.51,16.61,16.24,16.32,15.3320110234,1936300,0.0000,1.0
2012-02-29,16.8,16.82,16.29,16.42,15.4259571693,2734000,0.0000,1.0
2012-02-28,16.57,16.99,16.5,16.79,15.7735579094,2508500,0.0000,1.0
2012-02-27,16.19,16.78,16.14,16.53,15.5292979299,2845000,0.0000,1.0
2012-02-24,16.59,16.65,16.31,16.38,15.3883787109,1545700,0.0000,1.0
2012-02-23,16.22,16.62,16.02,16.58,15.5762710029,3166600,0.0000,1.0
2012-02-22,16.44,16.58,16.15,16.23,15.247459492,3946800,0.0000,1.0
2012-02-21,17.04,17.04,16.41,16.54,15.5386925445,3299500,0.0000,1.0
2012-02-17,17.4,17.49,17.0,17.01,15.9802394306,3323600,0.0000,1.0
2012-02-16,16.82,17.46,16.79,17.3,16.2526832539,5285000,0.0000,1.0
2012-02-15,16.9,17.03,16.72,16.8,15.782952524,4692600,0.0000,1.0
2012-02-14,16.42,16.83,16.38,16.8,15.782952524,4254800,0.0000,1.0
2012-02-13,16.69,16.78,16.31,16.48,15.4823248569,2638700,0.0000,1.0
2012-02-10,16.67,16.74,16.44,16.5,15.5011140861,2458000,0.0000,1.0
2012-02-09,16.83,16.94,16.73,16.78,15.7641632948,2607600,0.0000,1.0
2012-02-08,16.59,17.0,16.58,16.78,15.7641632948,3812700,0.0000,1.0
2012-02-07,16.58,16.68,16.45,16.6,15.5950602321,4239200,0.0000,1.0
2012-02-06,16.83,16.87,16.59,16.68,15.6702171489,3253900,0.0000,1.0
2012-02-03,17.04,17.13,16.85,17.03,15.9990286598,3531100,0.0000,1.0
2012-02-02,16.62,16.95,16.62,16.78,15.7641632948,4427100,0.0000,1.0
2012-02-01,16.53,16.84,16.5,16.52,15.5199033153,5385300,0.0000,1.0
2012-01-31,16.55,16.77,16.25,16.35,15.3601948672,3582600,0.0000,1.0
2012-01-30,16.7,16.7,16.26,16.51,15.5105087007,6496600,0.0000,1.0
2012-01-27,16.44,17.0,16.39,16.95,15.923871743,6306500,0.0000,1.0
2012-01-26,17.25,17.5,16.29,16.41,15.4165625547,14683500,0.0000,1.0
2012-01-25,16.29,16.33,16.03,16.13,15.153513346,7331400,0.0000,1.0
2012-01-24,15.98,16.49,15.98,16.3,15.3132217942,7087700,0.0000,1.0
2012-01-23,16.13,16.24,15.93,16.1,15.1253295022,6302800,0.0000,1.0
2012-01-20,16.04,16.17,15.98,16.14,15.1629079606,4378800,0.0000,1.0
2012-01-19,15.75,16.15,15.69,16.12,15.1441187314,5559600,0.0000,1.0
2012-01-18,15.2,15.97,15.08,15.77,14.8153072205,7104800,0.0000,1.0
2012-01-17,14.91,15.22,14.86,15.17,14.2516303446,4370500,0.0000,1.0
2012-01-13,14.92,14.98,14.72,14.84,13.9416080629,3015900,0.0000,1.0
2012-01-12,15.22,15.25,14.91,15.07,14.1576841987,4814600,0.0000,1.0
2012-01-11,14.96,15.22,14.95,15.11,14.195262657,3375700,0.0000,1.0
2012-01-10,15.09,15.15,14.92,15.04,14.1295003549,5715600,0.0000,1.0
2012-01-09,14.68,14.99,14.54,14.89,13.9885811359,5594200,0.0000,1.0
2012-01-06,14.6,14.78,14.49,14.63,13.7443211564,3583900,0.0000,1.0
2012-01-05,14.08,14.66,13.99,14.62,13.7349265418,6030700,0.0000,1.0
2012-01-04,13.66,14.31,13.53,14.18,13.3215634995,5365000,0.0000,1.0
2012-01-03,13.95,14.03,13.73,13.75,12.9175950718,4792900,0.0000,1.0
2011-12-30,13.53,13.72,13.46,13.63,12.8048596966,1709700,0.0000,1.0
2011-12-29,13.35,13.54,13.22,13.49,12.6733350922,1611900,0.0000,1.0
2011-12-28,13.63,13.71,13.22,13.24,12.4384697273,3054400,0.0000,1.0
2011-12-27,13.66,13.84,13.63,13.63,12.8048596966,1773400,0.0000,1.0
2011-12-23,13.72,13.76,13.41,13.75,12.9175950718,2917400,0.0000,1.0
2011-12-22,13.53,13.82,13.42,13.69,12.8612273842,3078700,0.0000,1.0
2011-12-21,13.5,13.53,12.99,13.42,12.60757279,3572200,0.0000,1.0
2011-12-20,13.09,13.63,13.09,13.56,12.7390973944,3338200,0.0000,1.0
2011-12-19,13.28,13.34,12.77,12.81,12.0345012996,8213100,0.0000,1.0
2011-12-16,12.93,13.33,12.85,13.2,12.4008912689,4614500,0.0000,1.0
2011-12-15,13.24,13.36,12.73,12.87,12.0908689872,6792900,0.0000,1.0
2011-12-14,13.13,13.26,12.82,12.88,12.1002636018,4097800,0.0000,1.0
2011-12-13,13.78,13.85,13.16,13.26,12.4572589565,4990600,0.0000,1.0
2011-12-12,13.86,13.86,13.49,13.72,12.889411228,3712800,0.0000,1.0
2011-12-09,13.54,14.18,13.34,14.12,13.2651958119,5029400,0.0000,1.0
2011-12-08,13.46,13.66,13.27,13.38,12.5699943317,3557100,0.0000,1.0
2011-12-07,13.43,13.69,13.31,13.63,12.8048596966,2411800,0.0000,1.0
2011-12-06,13.55,13.77,13.48,13.61,12.7860704674,2719000,0.0000,1.0
2011-12-05,13.43,13.69,13.33,13.49,12.6733350922,2860600,0.0000,1.0
2011-12-02,13.5,13.71,13.16,13.16,12.3633128105,3558900,0.0000,1.0
2011-12-01,13.4,13.64,13.2,13.37,12.5605997171,4701500,0.0000,1.0
2011-11-30,12.53,13.49,12.43,13.46,12.6451512484,6941700,0.0000,1.0
2011-11-29,12.25,12.27,11.92,12.08,11.348694434,3305100,0.0000,1.0
2011-11-28,12.17,12.22,11.97,12.11,11.3768782777,3654400,0.0000,1.0
2011-11-25,11.79,12.03,11.68,11.68,10.9729098501,1182400,0.0000,1.0
2011-11-23,12.14,12.24,11.8,11.82,11.1044344544,4787700,0.0000,1.0
2011-11-22,12.88,13.0,12.27,12.3,11.5553759551,5190000,0.0000,1.0
2011-11-21,12.82,13.03,12.62,12.87,12.0908689872,4166100,0.0000,1.0
2011-11-18,13.61,13.73,13.14,13.17,12.3727074251,3780900,0.0000,1.0
2011-11-17,14.2,14.22,13.32,13.54,12.7203081652,4526000,0.0000,1.0
2011-11-16,14.29,14.6,14.15,14.29,13.42490426,3567500,0.0000,1.0
2011-11-15,14.06,14.59,14.05,14.55,13.6691642396,2953900,0.0000,1.0
2011-11-14,14.28,14.38,13.99,14.16,13.3027742703,2188900,0.0000,1.0
2011-11-11,13.97,14.34,13.97,14.3,13.4342988746,2241300,0.0000,1.0
2011-11-10,14.02,14.02,13.6,13.83,12.9927519885,2289600,0.0000,1.0
2011-11-09,14.05,14.19,13.75,13.8,12.9645681448,2917900,0.0000,1.0
2011-11-08,14.45,14.59,14.17,14.45,13.5752180936,5200600,0.0000,1.0
2011-11-07,14.3,14.53,14.03,14.3,13.4342988746,4126800,0.0000,1.0
2011-11-04,14.45,14.74,14.27,14.58,13.6973480834,3152700,0.0000,1.0
2011-11-03,14.26,14.61,13.81,14.58,13.6973480834,4750600,0.0000,1.0
2011-11-02,13.89,14.15,13.71,14.03,13.1806442805,3218600,0.0000,1.0
2011-11-01,13.75,13.92,13.4,13.64,12.8142543112,6566700,0.0000,1.0
2011-10-31,14.84,14.9,14.21,14.32,13.4530881038,4798700,0.0000,1.0
2011-10-28,14.42,15.05,14.35,15.02,14.1107111257,5266900,0.0000,1.0
2011-10-27,14.11,14.7,14.0,14.58,13.6973480834,6547700,0.0000,1.0
2011-10-26,13.77,13.89,13.43,13.65,12.8236489258,5970300,0.0000,1.0
2011-10-25,14.06,14.06,13.53,13.57,12.748492009,5009600,0.0000,1.0
2011-10-24,13.63,14.36,13.62,14.2,13.3403527287,4501200,0.0000,1.0
2011-10-21,13.62,13.82,13.15,13.56,12.7390973944,5610100,0.0000,1.0
2011-10-20,12.74,13.51,12.44,13.35,12.5418104879,8527600,0.0000,1.0
2011-10-19,12.84,13.08,12.73,12.81,12.0345012996,4335800,0.0000,1.0
2011-10-18,12.55,12.94,12.32,12.9,12.119052831,4336800,0.0000,1.0
2011-10-17,12.85,12.88,12.45,12.54,11.7808467054,2780200,0.0000,1.0
2011-10-14,13.17,13.17,12.68,12.96,12.1754205185,3307800,0.0000,1.0
2011-10-13,12.78,13.04,12.67,12.92,12.1378420602,3410400,0.0000,1.0
2011-10-12,12.53,13.21,12.51,12.89,12.1096582164,4456400,0.0000,1.0
2011-10-11,12.44,12.5,12.25,12.42,11.6681113303,2881800,0.0000,1.0
2011-10-10,12.26,12.67,12.23,12.53,11.7714520909,2681000,0.0000,1.0
2011-10-07,12.21,12.48,11.93,12.05,11.3205105902,3709200,0.0000,1.0
2011-10-06,11.57,12.15,11.36,12.14,11.4050621215,3839500,0.0000,1.0
2011-10-05,11.11,11.71,10.85,11.64,10.9353313917,4253100,0.0000,1.0
2011-10-04,10.44,11.19,10.37,11.09,10.4186275888,6400000,0.0000,1.0
2011-10-03,10.9,11.17,10.52,10.55,9.91131840052,4719200,0.0000,1.0
2011-09-30,11.11,11.41,11.01,11.01,10.343470672,4879100,0.0000,1.0
2011-09-29,11.49,11.55,10.96,11.17,10.4937845056,4856100,0.0000,1.0
2011-09-28,11.83,11.86,11.2,11.25,10.5689414224,2960100,0.0000,1.0
2011-09-27,11.65,12.14,11.51,11.75,11.0386721522,3479600,0.0000,1.0
2011-09-26,11.53,11.55,10.86,11.39,10.7004660267,4159600,0.0000,1.0
2011-09-23,11.07,11.65,11.02,11.41,10.7192552559,4787900,0.0000,1.0
2011-09-22,11.38,11.4,11.0,11.23,10.5501521932,4788000,0.0000,1.0
2011-09-21,12.15,12.34,11.73,11.75,11.0386721522,4278600,0.0000,1.0
2011-09-20,12.51,12.65,12.15,12.19,11.4520351945,2374800,0.0000,1.0
2011-09-19,12.55,12.6,12.2,12.49,11.7338736325,3311000,0.0000,1.0
2011-09-16,12.66,12.82,12.52,12.77,11.9969228412,2913800,0.0000,1.0
2011-09-15,12.79,12.9,12.44,12.62,11.8560036222,5329700,0.0000,1.0
2011-09-14,12.34,12.76,12.15,12.6,11.837214393,3913400,0.0000,1.0
2011-09-13,11.86,12.27,11.8,12.17,11.4332459653,3253300,0.0000,1.0
2011-09-12,11.37,11.84,11.37,11.82,11.1044344544,3484500,0.0000,1.0
2011-09-09,11.53,11.88,11.43,11.52,10.8225960165,3017800,0.0000,1.0
2011-09-08,11.94,12.3,11.64,11.7,10.9916990792,2378500,0.0000,1.0
2011-09-07,11.41,12.06,11.41,11.98,11.254748288,3075000,0.0000,1.0
2011-09-06,11.05,11.31,10.93,11.16,10.484389891,3922100,0.0000,1.0
2011-09-02,11.6,11.76,11.38,11.49,10.7944121727,1998000,0.0000,1.0
2011-09-01,12.06,12.27,11.84,11.87,11.1514075274,2981300,0.0000,1.0
2011-08-31,12.36,12.49,12.0,12.1,11.3674836632,3856000,0.0000,1.0
2011-08-30,12.24,12.37,12.06,12.26,11.5177974967,2685000,0.0000,1.0
2011-08-29,12.0,12.33,12.0,12.31,11.5647705697,2212500,0.0000,1.0
2011-08-26,11.26,11.89,11.13,11.84,11.1232236836,3599600,0.0000,1.0
2011-08-25,11.51,11.62,11.23,11.34,10.6534929537,4572100,0.0000,1.0
2011-08-24,11.51,11.65,11.19,11.47,10.7756229435,4546700,0.0000,1.0
2011-08-23,11.01,11.62,11.0,11.54,10.8413852457,4269900,0.0000,1.0
2011-08-22,11.17,11.27,10.9,10.91,10.249524526,3001000,0.0000,1.0
2011-08-19,10.91,11.38,10.76,10.9,10.2401299114,4846600,0.0000,1.0
2011-08-18,11.53,11.53,10.95,11.04,10.3716545158,4113200,0.0000,1.0
2011-08-17,11.95,12.26,11.81,11.91,11.1889859858,4047800,0.0000,1.0
2011-08-16,12.32,12.34,11.78,11.87,11.1514075274,4827700,0.0000,1.0
2011-08-15,12.05,12.47,12.0,12.47,11.7150844033,4072600,0.0000,1.0
2011-08-12,11.94,12.19,11.75,11.93,11.207775215,3485800,0.0000,1.0
2011-08-11,11.39,11.99,11.36,11.82,11.1044344544,5970600,0.0000,1.0
2011-08-10,11.46,11.75,11.02,11.27,10.5877306515,8030300,0.0000,1.0
2011-08-09,11.5,11.86,11.01,11.81,11.0950398398,8324800,0.0000,1.0
2011-08-08,11.52,11.74,11.0,11.21,10.531362964,8673600,0.0000,1.0
2011-08-05,12.3,12.53,11.45,11.89,11.1701967566,8659300,0.0000,1.0
2011-08-04,12.7,12.7,12.07,12.07,11.3392998194,5792500,0.0000,1.0
2011-08-03,12.66,13.01,12.54,12.91,12.1284474456,5046600,0.0000,1.0
2011-08-02,13.31,13.37,12.71,12.72,11.9499497682,5440200,0.0000,1.0
2011-08-01,13.67,13.87,13.13,13.49,12.6733350922,3704100,0.0000,1.0
2011-07-29,13.41,13.76,13.19,13.49,12.6733350922,4110800,0.0000,1.0
2011-07-28,12.66,14.01,12.55,13.61,12.7860704674,6706900,0.0000,1.0
2011-07-27,14.24,14.24,13.62,13.76,12.9269896864,3355000,0.0000,1.0
2011-07-26,14.34,14.57,14.27,14.39,13.518850406,2100100,0.0000,1.0
2011-07-25,14.48,14.54,14.17,14.32,13.4530881038,2841500,0.0000,1.0
2011-07-22,14.26,14.73,14.14,14.69,13.8006888439,3178400,0.0000,1.0
2011-07-21,13.83,14.34,13.69,14.24,13.377931187,4181000,0.0000,1.0
2011-07-20,14.07,14.11,13.75,13.83,12.9927519885,2137500,0.0000,1.0
2011-07-19,13.67,14.01,13.64,13.98,13.1336712075,3772700,0.0000,1.0
2011-07-18,13.59,13.66,13.21,13.48,12.6639404776,2670300,0.0000,1.0
2011-07-15,13.71,13.74,13.43,13.69,12.8612273842,2801600,0.0000,1.0
2011-07-14,13.87,14.08,13.45,13.61,12.7860704674,3609600,0.0000,1.0
2011-07-13,13.86,14.12,13.77,13.8,12.9645681448,3908300,0.0000,1.0
2011-07-12,14.22,14.25,13.51,13.74,12.9082004572,6784800,0.0000,1.0
2011-07-11,14.67,14.89,14.38,14.42,13.5470342498,2895800,0.0000,1.0
2011-07-08,14.94,14.96,14.68,14.91,14.0073703651,2097800,0.0000,1.0
2011-07-07,14.99,15.3,14.94,15.19,14.2704195738,2774900,0.0000,1.0
2011-07-06,14.93,14.95,14.69,14.81,13.9134242191,2236900,0.0000,1.0
2011-07-05,15.17,15.17,14.85,15.05,14.1388949695,2163800,0.0000,1.0
2011-07-01,14.78,15.2,14.57,15.18,14.2610249592,3130400,0.0000,1.0
2011-06-30,14.56,14.92,14.55,14.8,13.9040296045,1909000,0.0000,1.0
2011-06-29,14.6,14.64,14.32,14.52,13.6409803958,1923200,0.0000,1.0
2011-06-28,14.33,14.51,14.23,14.5,13.6221911666,2467900,0.0000,1.0
2011-06-27,14.18,14.38,13.99,14.32,13.4530881038,2405100,0.0000,1.0
2011-06-24,14.34,14.34,13.99,14.13,13.2745904265,5142900,0.0000,1.0
2011-06-23,13.94,14.37,13.75,14.36,13.4906665622,3756000,0.0000,1.0
2011-06-22,14.06,14.35,14.0,14.18,13.3215634995,3205300,0.0000,1.0
2011-06-21,13.7,14.2,13.65,14.15,13.2933796557,3128300,0.0000,1.0
2011-06-20,13.72,13.92,13.51,13.61,12.7860704674,4941800,0.0000,1.0
2011-06-17,14.06,14.08,13.58,13.78,12.9457789156,2988000,0.0000,1.0
2011-06-16,14.07,14.25,13.64,13.8,12.9645681448,3016500,0.0000,1.0
2011-06-15,14.21,14.39,14.02,14.06,13.2088281243,4082100,0.0000,1.0
2011-06-14,14.2,14.45,14.18,14.37,13.5000611768,2343100,0.0000,1.0
2011-06-13,14.26,14.27,13.85,13.94,13.0960927491,4186200,0.0000,1.0
2011-06-10,14.56,14.59,14.07,14.21,13.3497473433,4296600,0.0000,1.0
2011-06-09,14.58,14.78,14.32,14.59,13.706742698,2304800,0.0000,1.0
2011-06-08,14.73,14.76,14.44,14.52,13.6409803958,2932900,0.0000,1.0
2011-06-07,14.92,15.11,14.8,14.8,13.9040296045,2829200,0.0000,1.0
2011-06-06,14.95,15.06,14.8,14.83,13.9322134483,2529400,0.0000,1.0
2011-06-03,15.19,15.4,14.92,14.93,14.0261595943,4014000,0.0000,1.0
2011-06-02,15.55,15.77,15.39,15.45,14.5146795534,2999900,0.0000,1.0
2011-06-01,15.95,15.97,15.5,15.52,14.5804418555,3226100,0.0000,1.0
2011-05-31,15.76,16.01,15.68,16.01,15.0407779708,3507800,0.0000,1.0
2011-05-27,15.53,15.68,15.48,15.63,14.6837826161,2423000,0.0000,1.0
2011-05-26,15.48,15.55,15.28,15.44,14.5052849388,2889000,0.0000,1.0
2011-05-25,15.31,15.58,15.21,15.51,14.5710472409,2552700,0.0000,1.0
2011-05-24,15.61,15.71,15.29,15.36,14.430128022,1815400,0.0000,1.0
2011-05-23,15.38,15.64,15.27,15.56,14.6180203139,3101500,0.0000,1.0
2011-05-20,15.97,16.04,15.69,15.84,14.8810695227,2887700,0.0000,1.0
2011-05-19,15.86,16.09,15.59,16.05,15.0783564292,5245900,0.0000,1.0
2011-05-18,15.54,15.93,15.47,15.78,14.8247018351,4022200,0.0000,1.0
2011-05-17,15.74,15.78,15.28,15.49,14.5522580118,3556700,0.0000,1.0
2011-05-16,16.12,16.33,15.74,15.8,14.8434910643,2840400,0.0000,1.0
2011-05-13,16.15,16.47,16.04,16.18,15.200486419,2787500,0.0000,1.0
2011-05-12,16.12,16.35,15.88,16.15,15.1723025752,3500000,0.0000,1.0
2011-05-11,16.6,16.62,16.07,16.18,15.200486419,3201000,0.0000,1.0
2011-05-10,16.44,16.75,16.33,16.63,15.6232440759,3776400,0.0000,1.0
2011-05-09,16.11,16.57,16.06,16.36,15.3695894817,5727400,0.0000,1.0
2011-05-06,16.24,16.3,15.94,16.09,15.1159348876,2654200,0.0000,1.0
2011-05-05,15.81,16.44,15.75,15.94,14.9750156686,5990200,0.0000,1.0
2011-05-04,15.93,16.17,15.52,15.9,14.9374372103,6313000,0.0000,1.0
2011-05-03,15.79,16.03,15.49,15.7,14.7495449183,4155300,0.0000,1.0
2011-05-02,16.15,16.21,15.75,15.82,14.8622802935,4711200,0.0000,1.0
2011-04-29,16.01,16.22,15.92,16.1,15.1253295022,4300000,0.0000,1.0
2011-04-28,16.9,17.04,15.51,16.03,15.0595672,17319200,0.0000,1.0
2011-04-27,18.31,18.42,18.03,18.29,17.1827500991,3148800,0.0000,1.0
2011-04-26,17.88,18.34,17.85,18.22,17.1169877969,3100000,0.0000,1.0
2011-04-25,17.76,17.98,17.66,17.76,16.6848355254,2776000,0.0000,1.0
2011-04-21,17.89,17.93,17.64,17.81,16.7318085984,3339600,0.0000,1.0
2011-04-20,17.62,17.81,17.39,17.77,16.69423014,4293800,0.0000,1.0
2011-04-19,16.83,16.89,16.61,16.79,15.7735579094,4333400,0.0000,1.0
2011-04-18,16.87,16.9,16.55,16.8,15.782952524,3661200,0.0000,1.0
2011-04-15,16.9,17.2,16.7,17.12,16.0835801912,3011000,0.0000,1.0
2011-04-14,16.84,16.92,16.59,16.88,15.8581094408,4258100,0.0000,1.0
2011-04-13,16.96,17.27,16.78,17.02,15.9896340452,4043900,0.0000,1.0
2011-04-12,17.57,17.59,16.71,16.78,15.7641632948,6503600,0.0000,1.0
2011-04-11,18.18,18.18,17.61,17.67,16.600283994,4026600,0.0000,1.0
2011-04-08,18.58,18.68,17.79,17.95,16.8633332028,3584600,0.0000,1.0
2011-04-07,18.43,18.59,18.15,18.48,17.3612477764,5484500,0.0000,1.0
2011-04-06,18.55,18.64,18.09,18.5,17.3800370056,4470400,0.0000,1.0
2011-04-05,18.03,18.58,17.76,18.4,17.2860908597,5638000,0.0000,1.0
2011-04-04,17.97,18.0,17.55,17.8,16.7224139838,3019900,0.0000,1.0
2011-04-01,17.97,18.09,17.75,17.84,16.7599924422,2846900,0.0000,1.0
2011-03-31,17.96,18.17,17.77,17.81,16.7318085984,3415100,0.0000,1.0
2011-03-30,18.13,18.25,17.86,17.96,16.8727278174,5259600,0.0000,1.0
2011-03-29,17.82,18.02,17.63,17.96,16.8727278174,2848300,0.0000,1.0
2011-03-28,18.15,18.27,17.89,17.89,16.8069655152,2276800,0.0000,1.0
2011-03-25,18.18,18.33,17.92,18.06,16.9666739633,2796100,0.0000,1.0
2011-03-24,17.74,18.21,17.54,18.08,16.9854631925,3825100,0.0000,1.0
2011-03-23,17.32,17.62,17.0,17.57,16.5063378481,2751000,0.0000,1.0
2011-03-22,17.57,17.57,17.13,17.31,16.2620778685,3039300,0.0000,1.0
2011-03-21,17.29,17.85,17.26,17.58,16.5157324627,3983500,0.0000,1.0
2011-03-18,17.33,17.36,16.82,16.94,15.9144771284,3922200,0.0000,1.0
2011-03-17,16.76,17.34,16.71,16.99,15.9614502014,3851600,0.0000,1.0
2011-03-16,16.92,17.23,16.23,16.47,15.4729302423,5879300,0.0000,1.0
2011-03-15,16.3,17.14,16.07,16.99,15.9614502014,4778900,0.0000,1.0
2011-03-14,16.82,17.21,16.65,17.09,16.0553963474,4600800,0.0000,1.0
2011-03-11,16.91,17.21,16.78,16.99,15.9614502014,4381000,0.0000,1.0
2011-03-10,17.16,17.37,16.78,16.97,15.9426609722,5563700,0.0000,1.0
2011-03-09,18.18,18.2,17.37,17.46,16.4029970875,6267800,0.0000,1.0
2011-03-08,18.05,18.49,17.67,18.26,17.1545662553,5065300,0.0000,1.0
2011-03-07,18.73,18.8,17.54,17.96,16.8727278174,8284800,0.0000,1.0
2011-03-04,18.99,19.19,18.72,18.98,17.8309785063,3559900,0.0000,1.0
2011-03-03,19.04,19.18,18.75,19.07,17.9155300377,4732000,0.0000,1.0
2011-03-02,18.18,18.89,18.12,18.62,17.4927723808,4427000,0.0000,1.0
2011-03-01,18.81,18.95,18.12,18.19,17.0888039531,4670600,0.0000,1.0
2011-02-28,18.76,19.08,18.37,18.63,17.5021669954,5526200,0.0000,1.0
2011-02-25,18.33,18.8,18.3,18.65,17.5209562246,3368700,0.0000,1.0
2011-02-24,17.83,18.35,17.64,18.16,17.0606201093,5490700,0.0000,1.0
2011-02-23,18.23,18.23,17.42,17.87,16.788176286,5590200,0.0000,1.0
2011-02-22,18.63,18.63,18.02,18.08,16.9854631925,7898100,0.0000,1.0
2011-02-18,19.01,19.11,18.82,18.92,17.7746108187,3387700,0.0000,1.0
2011-02-17,18.79,19.11,18.59,18.92,17.7746108187,5763600,0.0000,1.0
2011-02-16,18.05,19.0,17.94,18.92,17.7746108187,9124800,0.0000,1.0
2011-02-15,18.12,18.13,17.68,17.87,16.788176286,11942100,0.0000,1.0
2011-02-14,18.03,18.3,17.95,18.2,17.0981985677,6268400,0.0000,1.0
2011-02-11,17.93,18.21,17.84,18.02,16.929095505,3313200,0.0000,1.0
2011-02-10,17.83,18.0,17.65,17.98,16.8915170466,5698200,0.0000,1.0
2011-02-09,17.87,18.24,17.81,17.96,16.8727278174,7586600,0.0000,1.0
2011-02-08,17.96,18.12,17.7,17.99,16.9009116612,5745000,0.0000,1.0
2011-02-07,18.2,18.35,17.79,17.92,16.835149359,7917200,0.0000,1.0
2011-02-04,17.35,18.12,17.35,17.79,16.7130193692,8695900,0.0000,1.0
2011-02-03,17.17,17.46,17.12,17.36,16.3090509415,5748000,0.0000,1.0
2011-02-02,17.08,17.57,16.83,17.25,16.2057101809,7392700,0.0000,1.0
2011-02-01,16.83,17.38,16.79,17.0,15.970844816,11393300,0.0000,1.0
2011-01-31,16.22,16.74,16.2,16.68,15.6702171489,6638000,0.0000,1.0
2011-01-28,16.5,16.67,16.06,16.23,15.247459492,7089600,0.0000,1.0
2011-01-27,16.28,16.69,15.88,16.35,15.3601948672,19659300,0.0000,1.0
2011-01-26,14.72,14.83,14.37,14.63,13.7443211564,7438400,0.0000,1.0
2011-01-25,14.27,14.35,13.96,14.14,13.2839850411,3275500,0.0000,1.0
2011-01-24,13.77,14.39,13.72,14.3,13.4342988746,3786700,0.0000,1.0
2011-01-21,14.0,14.1,13.71,13.75,12.9175950718,4367400,0.0000,1.0
2011-01-20,14.09,14.1,13.62,13.86,13.0209358323,6000200,0.0000,1.0
2011-01-19,14.54,14.55,14.1,14.17,13.3121688849,4259600,0.0000,1.0
2011-01-18,14.55,14.64,14.28,14.5,13.6221911666,4898900,0.0000,1.0
2011-01-14,13.95,14.74,13.95,14.7,13.8100834585,5493400,0.0000,1.0
2011-01-13,14.01,14.23,13.96,14.02,13.1712496659,3839600,0.0000,1.0
2011-01-12,13.79,14.0,13.73,13.95,13.1054873637,3091800,0.0000,1.0
2011-01-11,13.7,13.8,13.59,13.66,12.8330435404,3521500,0.0000,1.0
2011-01-10,13.56,13.71,13.45,13.64,12.8142543112,3293700,0.0000,1.0
2011-01-07,13.52,13.89,13.38,13.7,12.8706219988,4428300,0.0000,1.0
2011-01-06,13.51,13.59,13.38,13.52,12.701518936,8149800,0.0000,1.0
2011-01-05,13.59,13.61,13.45,13.48,12.6639404776,5896500,0.0000,1.0
2011-01-04,13.83,13.85,13.56,13.71,12.8800166134,4052000,0.0000,1.0
2011-01-03,14.13,14.13,13.68,13.71,12.8800166134,6904100,0.0000,1.0
2010-12-31,14.2,14.24,14.02,14.04,13.1900388951,1585900,0.0000,1.0
2010-12-30,14.03,14.32,14.0,14.2,13.3403527287,1959500,0.0000,1.0
2010-12-29,14.15,14.26,13.97,14.04,13.1900388951,4288500,0.0000,1.0
2010-12-28,14.33,14.33,14.1,14.15,13.2933796557,2497700,0.0000,1.0
2010-12-27,14.29,14.44,14.13,14.28,13.4155096454,3729400,0.0000,1.0
2010-12-23,14.03,14.44,14.03,14.39,13.518850406,3874800,0.0000,1.0
2010-12-22,14.2,14.24,13.97,14.06,13.2088281243,3769000,0.0000,1.0
2010-12-21,13.85,14.26,13.8,14.21,13.3497473433,3239200,0.0000,1.0
2010-12-20,13.97,13.99,13.76,13.81,12.9739627593,4310700,0.0000,1.0
2010-12-17,13.81,13.98,13.79,13.87,13.0303304469,3113300,0.0000,1.0
2010-12-16,13.68,13.81,13.55,13.8,12.9645681448,3789300,0.0000,1.0
2010-12-15,13.58,13.78,13.52,13.59,12.7672812382,6836300,0.0000,1.0
2010-12-14,13.88,13.9,13.64,13.66,12.8330435404,3679700,0.0000,1.0
2010-12-13,14.15,14.19,13.71,13.74,12.9082004572,4447600,0.0000,1.0
2010-12-10,13.88,14.1,13.77,14.06,13.2088281243,4192300,0.0000,1.0
2010-12-09,13.92,14.02,13.55,13.7,12.8706219988,11524300,0.0000,1.0
2010-12-08,13.71,13.96,13.5,13.87,13.0303304469,6355700,0.0000,1.0
2010-12-07,13.64,14.11,13.44,13.47,12.654545863,8771400,0.0000,1.0
2010-12-06,12.9,13.78,12.86,13.48,12.6639404776,10853000,0.0000,1.0
2010-12-03,12.34,12.75,12.25,12.73,11.9593443828,3140000,0.0000,1.0
2010-12-02,12.29,12.56,12.24,12.43,11.6775059449,4167100,0.0000,1.0
2010-12-01,12.18,12.4,12.08,12.27,11.5271921113,6290600,0.0000,1.0
2010-11-30,11.92,12.06,11.72,11.86,11.1420129128,6468900,0.0000,1.0
2010-11-29,12.46,12.53,11.68,11.96,11.2359590588,20208500,0.0000,1.0
2010-11-26,12.59,12.74,12.54,12.58,11.8184251638,2053400,0.0000,1.0
2010-11-24,12.61,12.85,12.57,12.79,12.0157120704,7153800,0.0000,1.0
2010-11-23,12.32,12.79,12.26,12.53,11.7714520909,11561300,0.0000,1.0
2010-11-22,12.15,12.61,12.0,12.53,11.7714520909,8999300,0.0000,1.0
2010-11-19,11.61,11.87,11.6,11.86,11.1420129128,2020600,0.0000,1.0
2010-11-18,11.44,11.73,11.4,11.66,10.9541206209,3534500,0.0000,1.0
2010-11-17,11.33,11.53,11.21,11.28,10.5971252661,4134900,0.0000,1.0
2010-11-16,11.65,11.82,11.26,11.3,10.6159144953,6675600,0.0000,1.0
2010-11-15,11.72,12.02,11.64,11.78,11.066855996,6598300,0.0000,1.0
2010-11-12,11.73,11.86,11.52,11.58,10.8789637041,3700500,0.0000,1.0
2010-11-11,11.39,11.84,11.27,11.8,11.0856452252,5460100,0.0000,1.0
2010-11-10,11.67,11.75,11.28,11.6,10.8977529333,6651500,0.0000,1.0
2010-11-09,12.06,12.09,11.62,11.68,10.9729098501,10119300,0.0000,1.0
2010-11-08,11.84,12.15,11.77,12.11,11.3768782777,4342200,0.0000,1.0
2010-11-05,11.66,11.91,11.61,11.86,11.1420129128,4303100,0.0000,1.0
2010-11-04,11.64,11.85,11.55,11.67,10.9635152355,7339300,0.0000,1.0
2010-11-03,11.26,11.51,11.22,11.51,10.8132014019,5714600,0.0000,1.0
2010-11-02,11.38,11.41,11.08,11.26,10.5783360369,7086600,0.0000,1.0
2010-11-01,11.38,11.45,11.13,11.24,10.5595468078,4027800,0.0000,1.0
2010-10-29,11.0,11.3,10.93,11.24,10.5595468078,9028400,0.0000,1.0
2010-10-28,10.8,11.24,10.71,10.95,10.2871029844,20240600,0.0000,1.0
2010-10-27,11.58,11.91,11.58,11.89,11.1701967566,5807100,0.0000,1.0
2010-10-26,11.62,11.84,11.43,11.75,11.0386721522,6361500,0.0000,1.0
2010-10-25,11.57,11.8,11.57,11.69,10.9823044646,4979000,0.0000,1.0
2010-10-22,11.34,11.6,11.2,11.45,10.7568337143,5853600,0.0000,1.0
2010-10-21,11.33,11.33,11.1,11.28,10.5971252661,6005700,0.0000,1.0
2010-10-20,11.18,11.46,11.18,11.27,10.5877306515,4802200,0.0000,1.0
2010-10-19,11.17,11.43,11.0,11.16,10.484389891,4640500,0.0000,1.0
2010-10-18,11.45,11.45,11.22,11.41,10.7192552559,2558400,0.0000,1.0
2010-10-15,11.3,11.4,11.03,11.4,10.7098606413,5517400,0.0000,1.0
2010-10-14,11.32,11.36,11.09,11.15,10.4749952764,5303500,0.0000,1.0
2010-10-13,11.33,11.46,11.18,11.36,10.6722821829,3815200,0.0000,1.0
2010-10-12,11.26,11.41,11.2,11.28,10.5971252661,4805700,0.0000,1.0
2010-10-11,10.92,11.33,10.83,11.21,10.531362964,4575000,0.0000,1.0
2010-10-08,10.93,11.01,10.51,10.95,10.2871029844,14276900,0.0000,1.0
2010-10-07,11.18,11.25,11.01,11.17,10.4937845056,4191000,0.0000,1.0
2010-10-06,11.23,11.26,10.84,11.15,10.4749952764,7523600,0.0000,1.0
2010-10-05,11.05,11.32,11.03,11.29,10.6065198807,8118000,0.0000,1.0
2010-10-04,11.13,11.13,10.7,10.92,10.2589191406,5488400,0.0000,1.0
2010-10-01,11.14,11.33,10.96,11.1,10.4280222034,5160700,0.0000,1.0
2010-09-30,11.4,11.5,10.86,11.14,10.4656006618,9312900,0.0000,1.0
2010-09-29,11.3,11.64,11.27,11.3,10.6159144953,8777500,0.0000,1.0
2010-09-28,11.25,11.41,10.94,11.4,10.7098606413,5259800,0.0000,1.0
2010-09-27,10.99,11.38,10.89,11.15,10.4749952764,5619900,0.0000,1.0
2010-09-24,10.61,11.14,10.58,11.05,10.3810491304,7051300,0.0000,1.0
2010-09-23,10.2,10.62,10.06,10.42,9.78918841075,5572600,0.0000,1.0
2010-09-22,10.35,10.43,10.16,10.41,9.77979379615,7324100,0.0000,1.0
2010-09-21,10.44,10.6,10.35,10.44,9.80797763994,4765700,0.0000,1.0
2010-09-20,10.35,10.46,10.23,10.43,9.79858302534,3910700,0.0000,1.0
2010-09-17,10.48,10.55,10.17,10.3,9.67645303558,7590600,0.0000,1.0
2010-09-16,10.13,10.43,10.05,10.39,9.76100456695,7811100,0.0000,1.0
2010-09-15,9.88,10.19,9.79,10.13,9.51674458742,6833300,0.0000,1.0
2010-09-14,9.8,10.3,9.6,9.94,9.33824691006,9563600,0.0000,1.0
2010-09-13,9.63,10.05,9.55,10.05,9.44158767063,10431300,0.0000,1.0
2010-09-10,9.22,9.64,9.1,9.54,8.96246232615,8185700,0.0000,1.0
2010-09-09,9.4,9.51,9.2,9.28,8.71820234662,5691700,0.0000,1.0
2010-09-08,9.47,9.54,9.17,9.3,8.73699157581,8518300,0.0000,1.0
2010-09-07,9.92,10.07,9.56,9.64,9.05640847213,4313800,0.0000,1.0
2010-09-03,9.95,10.02,9.77,9.98,9.37582536845,7209800,0.0000,1.0
2010-09-02,9.33,9.81,9.33,9.79,9.1973276911,8393500,0.0000,1.0
2010-09-01,9.19,9.43,9.11,9.26,8.69941311742,4020400,0.0000,1.0
2010-08-31,9.23,9.29,8.91,8.98,8.43636390869,5654000,0.0000,1.0
2010-08-30,9.33,9.48,9.22,9.32,8.75578080501,8658000,0.0000,1.0
2010-08-27,9.16,9.37,8.84,9.32,8.75578080501,7684200,0.0000,1.0
2010-08-26,9.4,9.41,9.03,9.06,8.51152082547,4758200,0.0000,1.0
2010-08-25,9.04,9.38,9.0,9.32,8.75578080501,8326300,0.0000,1.0
2010-08-24,9.29,9.34,9.06,9.16,8.60546697144,5082000,0.0000,1.0
2010-08-23,9.64,9.69,9.45,9.47,8.89670002397,6140800,0.0000,1.0
2010-08-20,9.6,9.72,9.43,9.49,8.91548925317,4786800,0.0000,1.0
2010-08-19,9.84,10.01,9.63,9.68,9.09398693052,5829200,0.0000,1.0
2010-08-18,9.68,9.91,9.64,9.86,9.26308999328,7338100,0.0000,1.0
2010-08-17,9.63,9.79,9.52,9.7,9.11277615972,8294400,0.0000,1.0
2010-08-16,9.58,9.61,9.41,9.5,8.92488386776,8482500,0.0000,1.0
2010-08-13,9.5,9.78,9.5,9.61,9.02822462834,5305100,0.0000,1.0
2010-08-12,9.58,9.88,9.39,9.56,8.98125155535,10911900,0.0000,1.0
2010-08-11,10.09,10.14,9.82,9.88,9.28187922247,8263400,0.0000,1.0
2010-08-10,10.79,10.79,10.32,10.45,9.81737225454,6254300,0.0000,1.0
2010-08-09,10.95,10.99,10.85,10.89,10.2307352968,4397200,0.0000,1.0
2010-08-06,10.98,11.15,10.83,10.84,10.1837622238,6296500,0.0000,1.0
2010-08-05,11.0,11.26,10.94,11.15,10.4749952764,1704400,0.0000,1.0
2010-08-04,11.1,11.21,10.91,11.11,10.437416818,992300,0.0000,1.0
2010-08-03,11.2,11.23,10.95,11.05,10.3810491304,4883800,0.0000,1.0
2010-08-02,11.08,11.31,10.96,11.25,10.5689414224,7572000,0.0000,1.0
2010-07-30,10.84,10.88,10.53,10.76,10.1086053071,7352500,0.0000,1.0
2010-07-29,11.1,11.24,10.8,11.07,10.3998383596,22630000,0.0000,1.0
2010-07-28,10.37,10.5,10.05,10.21,9.5919015042,7324900,0.0000,1.0
2010-07-27,10.78,10.79,10.37,10.5,9.86434532753,4990300,0.0000,1.0
2010-07-26,10.24,10.66,10.09,10.64,9.9958699319,6272300,0.0000,1.0
2010-07-23,10.2,10.21,9.91,10.15,9.53553381661,5801200,0.0000,1.0
2010-07-22,9.95,10.26,9.84,10.14,9.52613920201,5742700,0.0000,1.0
2010-07-21,10.35,10.35,9.7,9.77,9.1785384619,6076200,0.0000,1.0
2010-07-20,9.72,10.19,9.59,10.18,9.5637176604,4498400,0.0000,1.0
2010-07-19,9.97,10.16,9.86,10.04,9.43219305604,3404600,0.0000,1.0
2010-07-16,10.16,10.17,9.88,9.93,9.32885229546,5577700,0.0000,1.0
2010-07-15,10.31,10.41,10.0,10.25,9.62947996259,6784300,0.0000,1.0
2010-07-14,10.77,10.91,10.3,10.37,9.74221533776,8611800,0.0000,1.0
2010-07-13,10.46,10.74,10.37,10.69,10.0428430049,4307300,0.0000,1.0
2010-07-12,10.19,10.4,10.08,10.26,9.63887457718,3625300,0.0000,1.0
2010-07-09,10.03,10.24,9.89,10.23,9.61069073339,3003100,0.0000,1.0
2010-07-08,10.06,10.1,9.81,9.98,9.37582536845,5820000,0.0000,1.0
2010-07-07,9.54,9.95,9.46,9.93,9.32885229546,5974800,0.0000,1.0
2010-07-06,9.64,9.91,9.36,9.49,8.91548925317,4882900,0.0000,1.0
2010-07-02,9.6,9.64,9.29,9.48,8.90609463857,4724100,0.0000,1.0
2010-07-01,9.72,9.86,9.25,9.55,8.97185694075,9641300,0.0000,1.0
2010-06-30,9.94,10.21,9.7,9.75,9.1597492327,5766700,0.0000,1.0
2010-06-29,10.49,10.49,9.86,9.95,9.34764152466,7750000,0.0000,1.0
2010-06-28,10.58,11.12,10.52,10.78,10.1273945363,5539100,0.0000,1.0
2010-06-25,10.86,10.86,10.3,10.64,9.9958699319,8100000,0.0000,1.0
2010-06-24,11.14,11.18,10.67,10.76,10.1086053071,6320100,0.0000,1.0
2010-06-23,11.36,11.43,10.93,11.28,10.5971252661,6623300,0.0000,1.0
2010-06-22,11.67,11.86,11.29,11.33,10.6440983391,4679500,0.0000,1.0
2010-06-21,12.01,12.06,11.49,11.6,10.8977529333,3704400,0.0000,1.0
2010-06-18,11.81,11.92,11.7,11.8,11.0856452252,4269300,0.0000,1.0
2010-06-17,11.93,11.94,11.41,11.76,11.0480667668,6637000,0.0000,1.0
2010-06-16,11.64,11.93,11.34,11.75,11.0386721522,6495100,0.0000,1.0
2010-06-15,10.88,11.82,10.73,11.77,11.0574613814,12406700,0.0000,1.0
2010-06-14,10.74,10.94,10.62,10.65,10.0052645465,3986700,0.0000,1.0
2010-06-11,10.02,10.59,10.02,10.54,9.90192378592,4931100,0.0000,1.0
2010-06-10,10.1,10.33,9.99,10.28,9.65766380638,5400400,0.0000,1.0
2010-06-09,10.17,10.38,9.81,9.88,9.28187922247,5191000,0.0000,1.0
2010-06-08,10.08,10.13,9.62,9.94,9.33824691006,7709700,0.0000,1.0
2010-06-07,10.6,10.75,9.98,10.04,9.43219305604,9155500,0.0000,1.0
2010-06-04,10.88,11.1,10.45,10.51,9.87373994213,6400600,0.0000,1.0
2010-06-03,11.0,11.25,10.92,11.22,10.5407575786,5800700,0.0000,1.0
2010-06-02,10.68,10.91,10.53,10.9,10.2401299114,4435500,0.0000,1.0
2010-06-01,10.88,11.09,10.53,10.53,9.89252917132,5672900,0.0000,1.0
2010-05-28,11.32,11.39,10.82,10.98,10.3152868282,4614200,0.0000,1.0
2010-05-27,11.03,11.32,10.95,11.32,10.6347037245,5253700,0.0000,1.0
2010-05-26,10.84,11.13,10.65,10.72,10.0710268487,7154800,0.0000,1.0
2010-05-25,10.21,10.74,10.17,10.72,10.0710268487,6657900,0.0000,1.0
2010-05-24,10.65,10.98,10.54,10.71,10.0616322341,5741200,0.0000,1.0
2010-05-21,10.24,11.09,10.13,10.86,10.202551453,9116400,0.0000,1.0
2010-05-20,10.52,10.92,10.23,10.54,9.90192378592,12163300,0.0000,1.0
2010-05-19,10.76,11.19,10.6,10.9,10.2401299114,6453100,0.0000,1.0
2010-05-18,11.48,11.57,10.8,10.84,10.1837622238,9945000,0.0000,1.0
2010-05-17,11.16,11.38,10.81,11.32,10.6347037245,6095800,0.0000,1.0
2010-05-14,11.56,11.56,10.88,11.19,10.5125737348,8097400,0.0000,1.0
2010-05-13,12.03,12.28,11.68,11.73,11.019882923,5664700,0.0000,1.0
2010-05-12,11.75,12.21,11.75,12.19,11.4520351945,5402900,0.0000,1.0
2010-05-11,11.61,11.96,11.4,11.66,10.9541206209,5995600,0.0000,1.0
2010-05-10,11.71,11.89,11.52,11.87,11.1514075274,7146600,0.0000,1.0
2010-05-07,11.29,11.47,10.63,11.01,10.343470672,9364800,0.0000,1.0
2010-05-06,11.76,11.95,10.29,11.3,10.6159144953,9797200,0.0000,1.0
2010-05-05,11.95,12.15,11.65,11.88,11.160802142,8626200,0.0000,1.0
2010-05-04,12.88,12.88,11.97,12.11,11.3768782777,8643200,0.0000,1.0
2010-05-03,12.46,13.07,12.45,12.98,12.1942097477,7010300,0.0000,1.0
2010-04-30,12.74,12.74,12.18,12.23,11.4896136529,5911800,0.0000,1.0
2010-04-29,12.66,12.74,12.35,12.7,11.931160539,5444900,0.0000,1.0
2010-04-28,12.71,12.8,12.36,12.56,11.7996359346,7340200,0.0000,1.0
2010-04-27,13.04,13.29,12.58,12.6,11.837214393,11530500,0.0000,1.0
2010-04-26,12.94,13.34,12.94,13.1,12.3069451229,9209900,0.0000,1.0
2010-04-23,13.03,13.04,12.67,12.92,12.1378420602,9045100,0.0000,1.0
2010-04-22,12.41,13.37,11.8,13.06,12.2693666645,19831200,0.0000,1.0
2010-04-21,12.2,12.46,11.8,12.18,11.4426405799,7726900,0.0000,1.0
2010-04-20,12.02,12.2,11.87,12.14,11.4050621215,2901800,0.0000,1.0
2010-04-19,11.94,12.1,11.54,11.93,11.207775215,5062400,0.0000,1.0
2010-04-16,12.12,12.23,11.84,12.05,11.3205105902,5568900,0.0000,1.0
2010-04-15,12.33,12.41,12.1,12.19,11.4520351945,4938700,0.0000,1.0
2010-04-14,11.76,12.32,11.71,12.3,11.5553759551,13229100,0.0000,1.0
2010-04-13,11.45,11.55,11.3,11.43,10.7380444851,3505300,0.0000,1.0
2010-04-12,11.13,11.53,11.02,11.39,10.7004660267,5430200,0.0000,1.0
2010-04-09,11.2,11.25,10.85,11.08,10.4092329742,6394000,0.0000,1.0
2010-04-08,11.52,11.57,11.16,11.16,10.484389891,4244800,0.0000,1.0
2010-04-07,11.43,11.63,11.32,11.62,10.9165421625,4934200,0.0000,1.0
2010-04-06,11.36,11.52,11.26,11.46,10.7662283289,3318800,0.0000,1.0
2010-04-05,11.27,11.49,11.21,11.47,10.7756229435,5412600,0.0000,1.0
2010-04-01,11.31,11.5,11.09,11.24,10.5595468078,2667300,0.0000,1.0
2010-03-31,11.2,11.38,11.11,11.17,10.4937845056,2749500,0.0000,1.0
2010-03-30,11.16,11.29,11.06,11.24,10.5595468078,2749100,0.0000,1.0
2010-03-29,11.18,11.25,11.05,11.12,10.4468114326,2851500,0.0000,1.0
2010-03-26,11.23,11.35,10.93,11.12,10.4468114326,3537000,0.0000,1.0
2010-03-25,11.3,11.38,11.16,11.19,10.5125737348,5553600,0.0000,1.0
2010-03-24,11.39,11.39,11.06,11.09,10.4186275888,3958200,0.0000,1.0
2010-03-23,11.11,11.5,11.08,11.48,10.7850175581,5073500,0.0000,1.0
2010-03-22,10.58,11.12,10.5,11.11,10.437416818,7822700,0.0000,1.0
2010-03-19,10.66,10.86,10.34,10.66,10.0146591611,5946300,0.0000,1.0
2010-03-18,10.87,10.95,10.71,10.81,10.1555783801,3122700,0.0000,1.0
2010-03-17,10.65,10.99,10.63,10.92,10.2589191406,5969300,0.0000,1.0
2010-03-16,10.22,10.65,10.21,10.62,9.9770807027,8933000,0.0000,1.0
2010-03-15,10.43,10.48,10.05,10.19,9.573112275,5354800,0.0000,1.0
2010-03-12,10.65,10.74,10.38,10.49,9.85495071293,6621700,0.0000,1.0
2010-03-11,10.85,10.85,10.6,10.66,10.0146591611,6256200,0.0000,1.0
2010-03-10,10.75,11.0,10.75,10.89,10.2307352968,3948300,0.0000,1.0
2010-03-09,10.53,10.85,10.5,10.81,10.1555783801,6680600,0.0000,1.0
2010-03-08,10.7,10.75,10.58,10.63,9.9864753173,2809300,0.0000,1.0
2010-03-05,10.64,10.84,10.51,10.7,10.0522376195,3330200,0.0000,1.0
2010-03-04,10.62,10.64,10.33,10.56,9.92071301511,4797100,0.0000,1.0
2010-03-03,10.67,10.74,10.47,10.52,9.88313455672,4719900,0.0000,1.0
2010-03-02,10.34,10.67,10.34,10.59,9.94889685891,6375700,0.0000,1.0
2010-03-01,10.05,10.41,10.05,10.39,9.76100456695,4227300,0.0000,1.0
2010-02-26,10.09,10.09,9.78,9.99,9.38521998305,4775800,0.0000,1.0
2010-02-25,9.75,10.04,9.63,10.03,9.42279844144,4439000,0.0000,1.0
2010-02-24,9.68,10.07,9.61,9.98,9.37582536845,4306700,0.0000,1.0
2010-02-23,10.04,10.04,9.54,9.64,9.05640847213,4057900,0.0000,1.0
2010-02-22,10.12,10.16,9.97,10.04,9.43219305604,2293400,0.0000,1.0
2010-02-19,9.91,10.11,9.84,10.07,9.46037689983,3482300,0.0000,1.0
2010-02-18,9.91,10.01,9.85,9.97,9.36643075385,3525600,0.0000,1.0
2010-02-17,10.13,10.2,9.95,10.0,9.39461459765,2417400,0.0000,1.0
2010-02-16,9.86,10.15,9.84,10.12,9.50734997282,3847400,0.0000,1.0
2010-02-12,9.59,9.95,9.45,9.81,9.21611692029,4757300,0.0000,1.0
2010-02-11,9.32,9.76,9.27,9.72,9.13156538891,4922500,0.0000,1.0
2010-02-10,9.3,9.44,9.18,9.36,8.7933592634,4853600,0.0000,1.0
2010-02-09,9.5,9.53,9.2,9.32,8.75578080501,6137400,0.0000,1.0
2010-02-08,9.29,9.55,9.2,9.25,8.69001850282,4570000,0.0000,1.0
2010-02-05,9.07,9.35,8.95,9.3,8.73699157581,7401200,0.0000,1.0
2010-02-04,9.56,9.56,8.98,9.07,8.52091544006,8511400,0.0000,1.0
2010-02-03,9.8,9.94,9.56,9.62,9.03761924294,4865900,0.0000,1.0
2010-02-02,9.67,10.0,9.59,9.8,9.20672230569,5874400,0.0000,1.0
2010-02-01,9.36,9.69,9.34,9.64,9.05640847213,7691500,0.0000,1.0
2010-01-29,9.74,9.94,9.23,9.34,8.7745700342,9828100,0.0000,1.0
2010-01-28,10.78,10.78,9.26,9.49,8.91548925317,15228400,0.0000,1.0
2010-01-27,10.11,10.3,9.91,10.26,9.63887457718,6750500,0.0000,1.0
2010-01-26,9.88,10.25,9.79,10.12,9.50734997282,6601200,0.0000,1.0
2010-01-25,9.85,10.11,9.78,9.91,9.31006306627,3992700,0.0000,1.0
2010-01-22,10.35,10.35,9.72,9.76,9.1691438473,6836600,0.0000,1.0
2010-01-21,10.39,10.67,10.2,10.43,9.79858302534,7504500,0.0000,1.0
2010-01-20,10.41,10.48,10.27,10.4,9.77039918155,6742500,0.0000,1.0
2010-01-19,10.4,10.58,10.27,10.56,9.92071301511,5055300,0.0000,1.0
2010-01-15,10.8,10.87,10.23,10.33,9.70463687937,5314700,0.0000,1.0
2010-01-14,10.82,10.97,10.62,10.8,10.1461837655,5130900,0.0000,1.0
2010-01-13,11.2,11.28,10.73,10.91,10.249524526,6349700,0.0000,1.0
2010-01-12,11.54,11.57,10.99,11.06,10.390443745,5991400,0.0000,1.0
2010-01-11,11.41,11.54,11.27,11.52,10.8225960165,7892800,0.0000,1.0
2010-01-08,10.87,11.08,10.87,11.08,10.4092329742,4084500,0.0000,1.0
2010-01-07,10.8,10.98,10.76,10.96,10.296497599,4347200,0.0000,1.0
2010-01-06,10.91,11.14,10.85,10.9,10.2401299114,5843800,0.0000,1.0
2010-01-05,10.91,11.22,10.82,11.0,10.3340760574,6131900,0.0000,1.0
2010-01-04,10.86,11.07,10.86,10.96,10.296497599,5172900,0.0000,1.0
2009-12-31,10.75,10.92,10.7,10.73,10.0804214633,2510700,0.0000,1.0
2009-12-30,10.6,10.8,10.6,10.77,10.1179999217,1812700,0.0000,1.0
2009-12-29,10.73,10.79,10.61,10.7,10.0522376195,2193100,0.0000,1.0
2009-12-28,10.9,10.9,10.63,10.74,10.0898160779,3295700,0.0000,1.0
2009-12-24,10.83,10.92,10.76,10.8,10.1461837655,1727300,0.0000,1.0
2009-12-23,10.7,10.96,10.7,10.79,10.1367891509,5658500,0.0000,1.0
2009-12-22,10.61,10.88,10.59,10.75,10.0992106925,3083000,0.0000,1.0
2009-12-21,10.36,10.64,10.29,10.54,9.90192378592,3159700,0.0000,1.0
2009-12-18,10.21,10.35,10.14,10.23,9.61069073339,4457600,0.0000,1.0
2009-12-17,10.42,10.46,10.11,10.17,9.55432304581,3361700,0.0000,1.0
2009-12-16,10.37,10.55,10.33,10.46,9.82676686914,6039700,0.0000,1.0
2009-12-15,10.18,10.6,10.15,10.34,9.71403149397,4541500,0.0000,1.0
2009-12-14,10.23,10.35,10.06,10.31,9.68584765017,8888600,0.0000,1.0
2009-12-11,9.74,9.82,9.58,9.62,9.03761924294,2823100,0.0000,1.0
2009-12-10,9.84,9.92,9.59,9.65,9.06580308673,4974400,0.0000,1.0
2009-12-09,9.67,9.84,9.61,9.8,9.20672230569,3752900,0.0000,1.0
2009-12-08,9.55,9.78,9.55,9.69,9.10338154512,3719300,0.0000,1.0
2009-12-07,9.79,9.96,9.63,9.69,9.10338154512,4826000,0.0000,1.0
2009-12-04,9.69,9.88,9.51,9.81,9.21611692029,4348200,0.0000,1.0
2009-12-03,9.55,9.75,9.49,9.51,8.93427848236,9764300,0.0000,1.0
2009-12-02,9.29,9.56,9.22,9.51,8.93427848236,4988300,0.0000,1.0
2009-12-01,8.89,9.28,8.89,9.19,8.63365081524,3617800,0.0000,1.0
2009-11-30,8.83,9.1,8.67,8.86,8.32362853351,6069000,0.0000,1.0
2009-11-27,8.54,8.89,8.52,8.83,8.29544468972,1311000,0.0000,1.0
2009-11-25,8.78,9.04,8.71,8.96,8.41757467949,1804000,0.0000,1.0
2009-11-24,8.75,8.95,8.68,8.76,8.22968238754,2855000,0.0000,1.0
2009-11-23,8.83,9.0,8.82,8.85,8.31423391892,2701000,0.0000,1.0
2009-11-20,8.72,8.91,8.66,8.76,8.22968238754,2721700,0.0000,1.0
2009-11-19,9.0,9.0,8.7,8.85,8.31423391892,4184600,0.0000,1.0
2009-11-18,9.19,9.29,8.99,9.06,8.51152082547,4700900,0.0000,1.0
2009-11-17,9.06,9.23,8.95,9.18,8.62425620064,5480600,0.0000,1.0
2009-11-16,8.98,9.18,8.92,9.08,8.53031005466,3401900,0.0000,1.0
2009-11-13,8.66,8.91,8.59,8.84,8.30483930432,5091400,0.0000,1.0
2009-11-12,8.68,8.83,8.59,8.66,8.13573624156,4287100,0.0000,1.0
2009-11-11,8.58,8.86,8.58,8.68,8.15452547076,5313900,0.0000,1.0
2009-11-10,8.56,8.58,8.44,8.52,8.00421163719,4328300,0.0000,1.0
2009-11-09,8.51,8.68,8.47,8.52,8.00421163719,3616500,0.0000,1.0
2009-11-06,8.42,8.63,8.3,8.4,7.89147626202,5473900,0.0000,1.0
2009-11-05,8.3,8.52,8.21,8.5,7.985422408,4198100,0.0000,1.0
2009-11-04,8.44,8.51,8.14,8.17,7.67540012628,5491400,0.0000,1.0
2009-11-03,8.28,8.33,8.09,8.28,7.77874088685,5891300,0.0000,1.0
2009-11-02,8.48,8.64,8.25,8.42,7.91026549122,8245900,0.0000,1.0
2009-10-30,9.03,9.1,8.34,8.37,7.86329241823,12095100,0.0000,1.0
2009-10-29,9.37,9.69,8.99,9.1,8.54909928386,12199100,0.0000,1.0
2009-10-28,9.19,9.24,8.58,8.66,8.13573624156,11312700,0.0000,1.0
2009-10-27,9.56,9.7,9.1,9.14,8.58667774225,6856000,0.0000,1.0
2009-10-26,9.76,10.05,9.56,9.57,8.99064616995,6070500,0.0000,1.0
2009-10-23,10.12,10.12,9.72,9.75,9.1597492327,4755100,0.0000,1.0
2009-10-22,9.81,10.03,9.66,10.01,9.40400921224,7518600,0.0000,1.0
2009-10-21,10.15,10.27,9.78,9.8,9.20672230569,5619300,0.0000,1.0
2009-10-20,10.1,10.36,10.0,10.17,9.55432304581,8201000,0.0000,1.0
2009-10-19,9.93,10.2,9.78,9.88,9.28187922247,5918200,0.0000,1.0
2009-10-16,9.99,10.18,9.72,9.86,9.26308999328,7388300,0.0000,1.0
2009-10-15,10.44,10.47,10.14,10.2,9.5825068896,6838800,0.0000,1.0
2009-10-14,10.61,10.67,10.3,10.51,9.87373994213,6446000,0.0000,1.0
2009-10-13,10.2,10.45,10.1,10.28,9.65766380638,4448400,0.0000,1.0
2009-10-12,10.4,10.6,10.16,10.26,9.63887457718,6393900,0.0000,1.0
2009-10-09,9.82,10.37,9.77,10.3,9.67645303558,8084600,0.0000,1.0
2009-10-08,9.72,9.94,9.59,9.87,9.27248460788,8420100,0.0000,1.0
2009-10-07,9.57,9.66,9.46,9.62,9.03761924294,5213300,0.0000,1.0
2009-10-06,9.4,9.7,9.32,9.59,9.00943539914,8296400,0.0000,1.0
2009-10-05,9.08,9.24,8.91,9.23,8.67122927363,7900500,0.0000,1.0
2009-10-02,8.77,9.14,8.53,8.83,8.29544468972,9093500,0.0000,1.0
2009-10-01,9.77,9.9,8.8,8.8,8.26726084593,22548100,0.0000,1.0
2009-09-30,9.21,9.37,8.96,9.25,8.69001850282,4474900,0.0000,1.0
2009-09-29,9.35,9.48,9.1,9.11,8.55849389846,5536300,0.0000,1.0
2009-09-28,9.23,9.45,9.16,9.39,8.82154310719,2536400,0.0000,1.0
2009-09-25,8.91,9.23,8.83,9.15,8.59607235685,6819000,0.0000,1.0
2009-09-24,9.39,9.4,8.78,9.0,8.45515313788,5049400,0.0000,1.0
2009-09-23,9.41,9.57,9.23,9.25,8.69001850282,4145200,0.0000,1.0
2009-09-22,9.14,9.41,8.99,9.36,8.7933592634,4794600,0.0000,1.0
2009-09-21,8.99,9.14,8.8,8.99,8.44575852328,5397900,0.0000,1.0
2009-09-18,9.09,9.22,8.97,9.08,8.53031005466,3976200,0.0000,1.0
2009-09-17,9.15,9.24,8.82,8.89,8.35181237731,8851600,0.0000,1.0
2009-09-16,9.32,9.45,9.15,9.18,8.62425620064,7291700,0.0000,1.0
2009-09-15,8.99,9.48,8.27,9.22,8.66183465903,22795600,0.0000,1.0
2009-09-14,8.34,8.41,8.14,8.27,7.76934627225,5394900,0.0000,1.0
2009-09-11,8.65,8.7,8.32,8.4,7.89147626202,5080600,0.0000,1.0
2009-09-10,8.41,8.64,8.34,8.64,8.11694701237,5069600,0.0000,1.0
2009-09-09,8.28,8.48,8.15,8.41,7.90087087662,3641000,0.0000,1.0
2009-09-08,8.14,8.33,8.08,8.29,7.78813550145,3323400,0.0000,1.0
2009-09-04,7.94,8.14,7.77,8.12,7.62842705329,3899300,0.0000,1.0
2009-09-03,7.77,7.79,7.58,7.79,7.31840477157,11949300,0.0000,1.0
2009-09-02,7.92,7.93,7.57,7.61,7.14930170881,11634800,0.0000,1.0
2009-09-01,8.21,8.42,7.86,7.89,7.41235091754,7059200,0.0000,1.0
2009-08-31,8.13,8.3,8.08,8.25,7.75055704306,5002400,0.0000,1.0
2009-08-28,8.5,8.59,8.17,8.25,7.75055704306,4721500,0.0000,1.0
2009-08-27,8.37,8.4,8.19,8.33,7.82571395984,3279900,0.0000,1.0
2009-08-26,8.15,8.45,8.15,8.36,7.85389780363,3766000,0.0000,1.0
2009-08-25,8.2,8.35,8.11,8.2,7.70358397007,2321700,0.0000,1.0
2009-08-24,8.2,8.36,8.11,8.15,7.65661089708,5416100,0.0000,1.0
2009-08-21,8.09,8.19,7.87,8.18,7.68479474087,5159200,0.0000,1.0
2009-08-20,7.94,8.03,7.88,8.01,7.52508629271,4165000,0.0000,1.0
2009-08-19,7.75,8.08,7.71,7.96,7.47811321973,4091200,0.0000,1.0
2009-08-18,7.67,7.96,7.66,7.9,7.42174553214,3339700,0.0000,1.0
2009-08-17,7.66,7.79,7.58,7.61,7.14930170881,5663700,0.0000,1.0
2009-08-14,7.97,8.08,7.75,7.89,7.41235091754,3160500,0.0000,1.0
2009-08-13,8.01,8.1,7.88,8.08,7.5908485949,4079000,0.0000,1.0
2009-08-12,7.66,7.97,7.62,7.88,7.40295630294,4541900,0.0000,1.0
2009-08-11,8.06,8.06,7.64,7.64,7.1774855526,4006600,0.0000,1.0
2009-08-10,8.2,8.22,7.98,8.02,7.53448090731,3697800,0.0000,1.0
2009-08-07,8.24,8.37,8.11,8.23,7.73176781386,4631400,0.0000,1.0
2009-08-06,8.23,8.4,7.92,8.11,7.61903243869,7453500,0.0000,1.0
2009-08-05,8.29,8.45,8.18,8.2,7.70358397007,9168500,0.0000,1.0
2009-08-04,8.12,8.43,8.12,8.29,7.78813550145,6079400,0.0000,1.0
2009-08-03,7.99,8.29,7.99,8.25,7.75055704306,7340800,0.0000,1.0
2009-07-31,7.66,8.0,7.66,7.88,7.40295630294,4747000,0.0000,1.0
2009-07-30,8.15,8.25,7.52,7.71,7.24324785478,12375800,0.0000,1.0
2009-07-29,8.09,8.14,7.72,7.82,7.34658861536,7456400,0.0000,1.0
2009-07-28,8.07,8.24,7.9,8.18,7.68479474087,6155900,0.0000,1.0
2009-07-27,7.97,8.19,7.88,8.15,7.65661089708,4409100,0.0000,1.0
2009-07-24,7.63,7.99,7.58,7.95,7.46871860513,3673700,0.0000,1.0
2009-07-23,7.63,7.92,7.5,7.88,7.40295630294,5904000,0.0000,1.0
2009-07-22,7.58,7.78,7.42,7.66,7.1962747818,4782500,0.0000,1.0
2009-07-21,7.75,7.77,7.34,7.59,7.13051247961,5684900,0.0000,1.0
2009-07-20,7.68,7.75,7.57,7.75,7.28082631318,5478600,0.0000,1.0
2009-07-17,7.51,7.63,7.37,7.6,7.13990709421,4162800,0.0000,1.0
2009-07-16,7.26,7.56,7.26,7.53,7.07414479203,4985800,0.0000,1.0
2009-07-15,7.2,7.45,7.12,7.4,6.95201480226,13079700,0.0000,1.0
2009-07-14,6.55,7.03,6.52,6.96,6.53865175996,8224000,0.0000,1.0
2009-07-13,6.36,6.64,6.19,6.62,6.21923486364,5863400,0.0000,1.0
2009-07-10,6.32,6.46,6.13,6.33,5.94679104031,5079700,0.0000,1.0
2009-07-09,6.2,6.47,6.14,6.34,5.95618565491,9447000,0.0000,1.0
2009-07-08,6.29,6.3,5.97,6.07,5.70253106077,5678400,0.0000,1.0
2009-07-07,6.57,6.67,6.2,6.22,5.84345027974,7745900,0.0000,1.0
2009-07-06,6.62,6.79,6.38,6.56,6.16286717606,6925400,0.0000,1.0
2009-07-02,6.91,6.96,6.75,6.76,6.35075946801,3846400,0.0000,1.0
2009-07-01,6.86,7.18,6.77,7.03,6.60441406215,8751700,0.0000,1.0
2009-06-30,6.96,6.98,6.75,6.86,6.44470561399,5780200,0.0000,1.0
2009-06-29,6.96,7.11,6.77,6.92,6.50107330157,3516000,0.0000,1.0
2009-06-26,6.87,7.05,6.73,6.84,6.42591638479,4113800,0.0000,1.0
2009-06-25,6.48,6.93,6.48,6.89,6.47288945778,8624500,0.0000,1.0
2009-06-24,6.28,6.71,6.25,6.58,6.18165640525,9746600,0.0000,1.0
2009-06-23,6.16,6.29,5.96,6.22,5.84345027974,5107100,0.0000,1.0
2009-06-22,6.54,6.65,6.18,6.19,5.81526643594,7199000,0.0000,1.0
2009-06-19,6.74,6.74,6.53,6.6,6.20044563445,4400100,0.0000,1.0
2009-06-18,6.84,6.89,6.47,6.65,6.24741870743,5247400,0.0000,1.0
2009-06-17,6.77,6.95,6.5,6.81,6.397732541,5661000,0.0000,1.0
2009-06-16,7.03,7.09,6.63,6.83,6.41652177019,6429400,0.0000,1.0
2009-06-15,6.91,7.05,6.81,7.0,6.57623021835,3815400,0.0000,1.0
2009-06-12,7.19,7.19,6.85,7.05,6.62320329134,4803500,0.0000,1.0
2009-06-11,7.23,7.45,7.14,7.2,6.76412251031,5228600,0.0000,1.0
2009-06-10,7.25,7.4,7.21,7.35,6.90504172927,6046600,0.0000,1.0
2009-06-09,7.14,7.31,7.05,7.25,6.81109558329,5093600,0.0000,1.0
2009-06-08,7.07,7.1,6.85,7.01,6.58562483295,6408600,0.0000,1.0
2009-06-05,7.4,7.4,7.0,7.14,6.70775482272,10160100,0.0000,1.0
2009-06-04,7.65,7.65,7.35,7.48,7.02717171904,8435300,0.0000,1.0
2009-06-03,7.23,7.24,6.9,7.05,6.62320329134,5189500,0.0000,1.0
2009-06-02,7.28,7.47,7.08,7.26,6.82049019789,6087500,0.0000,1.0
2009-06-01,7.25,7.56,7.18,7.49,7.03656633364,6184800,0.0000,1.0
2009-05-29,7.19,7.24,6.95,7.15,6.71714943732,5430900,0.0000,1.0
2009-05-28,6.99,7.2,6.74,7.13,6.69836020812,9665100,0.0000,1.0
2009-05-27,6.54,7.13,6.46,6.97,6.54804637456,10690400,0.0000,1.0
2009-05-26,6.44,6.57,6.24,6.54,6.14407794686,7340300,0.0000,1.0
2009-05-22,6.5,6.77,6.37,6.4,6.01255334249,6684400,0.0000,1.0
2009-05-21,6.39,6.53,6.18,6.37,5.9843694987,7499600,0.0000,1.0
2009-05-20,6.66,6.76,6.35,6.44,6.05013180088,6160200,0.0000,1.0
2009-05-19,6.31,6.76,6.22,6.54,6.14407794686,7294300,0.0000,1.0
2009-05-18,6.22,6.5,5.95,6.17,5.79647720675,6411200,0.0000,1.0
2009-05-15,5.91,6.17,5.76,5.85,5.49584953962,3835300,0.0000,1.0
2009-05-14,5.61,6.1,5.57,5.91,5.55221722721,6962400,0.0000,1.0
2009-05-13,5.87,5.94,5.57,5.6,5.26098417468,7196800,0.0000,1.0
2009-05-12,6.49,6.5,5.87,6.01,5.64616337319,6009700,0.0000,1.0
2009-05-11,6.42,6.64,6.25,6.44,6.05013180088,5204200,0.0000,1.0
2009-05-08,6.57,6.59,6.12,6.49,6.09710487387,8833400,0.0000,1.0
2009-05-07,7.32,7.53,6.27,6.51,6.11589410307,12192200,0.0000,1.0
2009-05-06,6.73,6.94,6.66,6.77,6.36015408261,6281700,0.0000,1.0
2009-05-05,6.87,6.93,6.61,6.81,6.397732541,5719200,0.0000,1.0
2009-05-04,6.34,7.0,6.15,6.91,6.49167868697,11991100,0.0000,1.0
2009-05-01,5.94,6.56,5.93,6.29,5.90921258192,10345500,0.0000,1.0
2009-04-30,5.55,6.33,5.55,5.94,5.580401071,13532000,0.0000,1.0
2009-04-29,5.17,5.56,5.12,5.4,5.07309188273,6673100,0.0000,1.0
2009-04-28,5.07,5.22,4.91,5.13,4.81943728859,2525000,0.0000,1.0
2009-04-27,5.19,5.3,5.0,5.12,4.81004267399,3035300,0.0000,1.0
2009-04-24,5.21,5.38,5.0,5.31,4.98854035135,4981100,0.0000,1.0
2009-04-23,5.27,5.27,4.78,5.17,4.85701574698,9170000,0.0000,1.0
2009-04-22,4.79,5.35,4.75,5.07,4.76306960101,5060300,0.0000,1.0
2009-04-21,4.9,5.0,4.4,4.89,4.59396653825,6677700,0.0000,1.0
2009-04-20,5.33,5.37,4.87,4.91,4.61275576744,4512900,0.0000,1.0
2009-04-17,5.26,5.47,5.19,5.45,5.12006495572,6410000,0.0000,1.0
2009-04-16,5.1,5.29,4.92,5.23,4.91338343457,6439400,0.0000,1.0
2009-04-15,5.11,5.12,4.9,5.01,4.70670191342,3777300,0.0000,1.0
2009-04-14,5.2,5.42,4.99,5.12,4.81004267399,5985800,0.0000,1.0
2009-04-13,5.2,5.33,5.11,5.28,4.96035650756,3022500,0.0000,1.0
2009-04-09,5.01,5.35,4.98,5.33,5.00732958055,5629100,0.0000,1.0
2009-04-08,4.81,4.94,4.71,4.93,4.63154499664,2829400,0.0000,1.0
2009-04-07,4.94,5.03,4.73,4.78,4.49062577767,3844800,0.0000,1.0
2009-04-06,4.99,5.1,4.9,5.09,4.7818588302,4249100,0.0000,1.0
2009-04-03,4.8,5.2,4.68,5.14,4.82883190319,9208800,0.0000,1.0
2009-04-02,4.68,4.98,4.55,4.86,4.56578269446,11085800,0.0000,1.0
2009-04-01,4.26,4.58,4.26,4.49,4.21818195434,19144500,0.0000,1.0
2009-03-31,4.25,4.57,4.12,4.38,4.11484119377,11489300,0.0000,1.0
2009-03-30,4.72,4.72,4.42,4.54,4.26515502733,2201600,0.0000,1.0
2009-03-27,4.87,4.87,4.7,4.75,4.46244193388,2622800,0.0000,1.0
2009-03-26,4.57,4.97,4.55,4.94,4.64093961124,4344100,0.0000,1.0
2009-03-25,4.59,4.74,4.26,4.46,4.18999811055,3636300,0.0000,1.0
2009-03-24,4.27,4.62,4.2,4.45,4.18060349595,5728700,0.0000,1.0
2009-03-23,4.18,4.49,4.15,4.48,4.20878733975,2969400,0.0000,1.0
2009-03-20,4.49,4.55,4.1,4.1,3.85179198503,3873500,0.0000,1.0
2009-03-19,4.5,4.59,4.41,4.46,4.18999811055,2012300,0.0000,1.0
2009-03-18,4.28,4.55,4.18,4.51,4.23697118354,3253400,0.0000,1.0
2009-03-17,4.09,4.24,4.01,4.24,3.9833165894,2500700,0.0000,1.0
2009-03-16,4.32,4.38,4.07,4.12,3.87058121423,2546800,0.0000,1.0
2009-03-13,4.24,4.35,4.03,4.3,4.03968427699,3262700,0.0000,1.0
2009-03-12,3.81,4.19,3.75,4.18,3.92694890182,3917700,0.0000,1.0
2009-03-11,3.89,3.98,3.72,3.81,3.5793481617,2520900,0.0000,1.0
2009-03-10,3.6,3.83,3.46,3.77,3.54176970331,3462900,0.0000,1.0
2009-03-09,3.45,3.71,3.39,3.44,3.23174742159,3095000,0.0000,1.0
2009-03-06,3.84,3.93,3.24,3.5,3.28811510918,7209900,0.0000,1.0
2009-03-05,3.92,4.02,3.78,3.85,3.61692662009,2711400,0.0000,1.0
2009-03-04,3.92,4.09,3.83,4.03,3.78602968285,2882700,0.0000,1.0
2009-03-03,4.04,4.05,3.78,3.85,3.61692662009,3184500,0.0000,1.0
2009-03-02,4.05,4.13,3.92,3.93,3.69208353687,2478300,0.0000,1.0
2009-02-27,4.1,4.26,3.96,4.13,3.87997582883,2266600,0.0000,1.0
2009-02-26,4.42,4.43,4.19,4.21,3.95513274561,2989900,0.0000,1.0
2009-02-25,4.31,4.46,4.07,4.34,4.07726273538,3342800,0.0000,1.0
2009-02-24,3.97,4.32,3.97,4.28,4.02089504779,3973700,0.0000,1.0
2009-02-23,4.17,4.21,3.9,3.91,3.67329430768,2644500,0.0000,1.0
2009-02-20,4.07,4.18,3.79,4.14,3.88937044343,5039300,0.0000,1.0
2009-02-19,4.34,4.47,4.11,4.15,3.89876505802,3005900,0.0000,1.0
2009-02-18,4.5,4.56,4.28,4.32,4.05847350618,3848200,0.0000,1.0
2009-02-17,4.76,4.76,4.36,4.42,4.15241965216,3414800,0.0000,1.0
2009-02-13,4.85,4.93,4.79,4.84,4.54699346526,1919800,0.0000,1.0
2009-02-12,4.7,4.93,4.62,4.84,4.54699346526,4518600,0.0000,1.0
2009-02-11,4.86,4.9,4.73,4.82,4.52820423607,2052900,0.0000,1.0
2009-02-10,5.15,5.28,4.78,4.85,4.55638807986,6716800,0.0000,1.0
2009-02-09,5.25,5.47,5.19,5.28,4.96035650756,3916800,0.0000,1.0
2009-02-06,5.04,5.37,5.02,5.31,4.98854035135,4234800,0.0000,1.0
2009-02-05,4.75,5.09,4.74,5.0,4.69730729882,3984900,0.0000,1.0
2009-02-04,4.7,5.05,4.7,4.92,4.62215038204,4037900,0.0000,1.0
2009-02-03,4.75,4.87,4.63,4.8,4.50941500687,4994800,0.0000,1.0
2009-02-02,4.73,5.05,4.69,4.82,4.52820423607,3859800,0.0000,1.0
2009-01-30,5.16,5.31,4.8,4.81,4.51880962147,5128900,0.0000,1.0
2009-01-29,4.65,5.15,4.65,4.99,4.68791268423,5732500,0.0000,1.0
2009-01-28,5.22,5.34,5.07,5.25,4.93217266376,4486800,0.0000,1.0
2009-01-27,5.1,5.22,4.95,5.09,4.7818588302,3501100,0.0000,1.0
2009-01-26,4.86,5.14,4.8,5.0,4.69730729882,3583600,0.0000,1.0
2009-01-23,4.43,4.95,4.33,4.84,4.54699346526,4445700,0.0000,1.0
2009-01-22,4.69,4.69,4.39,4.52,4.24636579814,3342900,0.0000,1.0
2009-01-21,4.53,4.72,4.37,4.72,4.43425809009,4319000,0.0000,1.0
2009-01-20,4.64,4.93,4.33,4.53,4.25576041273,4838100,0.0000,1.0
2009-01-16,5.12,5.13,4.81,5.11,4.8006480594,4622600,0.0000,1.0
2009-01-15,5.07,5.07,4.6,4.9,4.60336115285,3289300,0.0000,1.0
2009-01-14,4.91,5.06,4.71,4.99,4.68791268423,3779900,0.0000,1.0
2009-01-13,5.11,5.39,4.95,5.1,4.7912534448,5641600,0.0000,1.0
2009-01-12,5.23,5.3,4.99,5.06,4.75367498641,2956000,0.0000,1.0
2009-01-09,5.5,5.52,5.16,5.24,4.92277804917,4747500,0.0000,1.0
2009-01-08,5.09,5.47,4.93,5.45,5.12006495572,5036900,0.0000,1.0
2009-01-07,5.19,5.34,5.05,5.24,4.92277804917,4159000,0.0000,1.0
2009-01-06,5.22,5.49,5.21,5.37,5.04490803894,5751400,0.0000,1.0
2009-01-05,4.8,5.43,4.8,5.17,4.85701574698,9510000,0.0000,1.0
2009-01-02,4.22,4.7,4.15,4.67,4.3872850171,4406900,0.0000,1.0
2008-12-31,4.21,4.31,4.19,4.22,3.96452736021,2584800,0.0000,1.0
2008-12-30,4.05,4.3,4.01,4.26,4.0021058186,2384900,0.0000,1.0
2008-12-29,4.06,4.15,4.0,4.09,3.84239737044,1528300,0.0000,1.0
2008-12-26,4.19,4.28,4.08,4.14,3.88937044343,1629400,0.0000,1.0
2008-12-24,4.1,4.19,4.09,4.18,3.92694890182,951000,0.0000,1.0
2008-12-23,4.15,4.18,4.02,4.06,3.81421352664,3146500,0.0000,1.0
2008-12-22,4.25,4.3,3.99,4.14,3.88937044343,4106500,0.0000,1.0
2008-12-19,4.1,4.38,4.02,4.29,4.03028966239,6372100,0.0000,1.0
2008-12-18,4.26,4.27,3.94,4.02,3.77663506825,2858500,0.0000,1.0
2008-12-17,4.18,4.45,4.04,4.24,3.9833165894,4846700,0.0000,1.0
2008-12-16,4.11,4.21,3.94,4.16,3.90815967262,2957900,0.0000,1.0
2008-12-15,4.0,4.13,3.84,3.94,3.70147815147,2391600,0.0000,1.0
2008-12-12,3.8,4.15,3.76,4.06,3.81421352664,3834600,0.0000,1.0
2008-12-11,4.19,4.21,3.96,3.97,3.72966199527,2498700,0.0000,1.0
2008-12-10,4.09,4.35,4.05,4.2,3.94573813101,2901900,0.0000,1.0
2008-12-09,3.99,4.23,3.85,4.04,3.79542429745,3007000,0.0000,1.0
2008-12-08,3.85,3.98,3.78,3.93,3.69208353687,2903400,0.0000,1.0
2008-12-05,3.69,3.86,3.45,3.67,3.44782355734,5948500,0.0000,1.0
2008-12-04,3.6,3.91,3.59,3.69,3.46661278653,3830700,0.0000,1.0
2008-12-03,3.43,3.82,3.43,3.75,3.52298047412,4386100,0.0000,1.0
2008-12-02,3.36,3.48,3.2,3.43,3.22235280699,2699400,0.0000,1.0
2008-12-01,3.7,3.8,3.29,3.29,3.09082820263,2571900,0.0000,1.0
2008-11-28,3.76,3.79,3.55,3.79,3.56055893251,786900,0.0000,1.0
2008-11-26,3.38,3.69,3.29,3.69,3.46661278653,2423600,0.0000,1.0
2008-11-25,3.53,3.53,3.29,3.44,3.23174742159,1720600,0.0000,1.0
2008-11-24,3.2,3.47,3.16,3.45,3.24114203619,2664700,0.0000,1.0
2008-11-21,3.0,3.14,2.8,3.14,2.94990898366,4424600,0.0000,1.0
2008-11-20,3.25,3.35,2.96,2.97,2.7902005355,2958400,0.0000,1.0
2008-11-19,3.7,3.79,3.25,3.27,3.07203897343,2518800,0.0000,1.0
2008-11-18,3.79,3.88,3.58,3.7,3.47600740113,2276700,0.0000,1.0
2008-11-17,4.01,4.06,3.74,3.76,3.53237508871,2325300,0.0000,1.0
2008-11-14,4.39,4.59,4.01,4.05,3.80481891205,2194300,0.0000,1.0
2008-11-13,4.11,4.47,3.83,4.45,4.18060349595,3797000,0.0000,1.0
2008-11-12,4.47,4.57,4.18,4.19,3.93634351641,1808000,0.0000,1.0
2008-11-11,4.7,4.73,4.46,4.55,4.27454964193,2316900,0.0000,1.0
2008-11-10,5.03,5.09,4.58,4.6,4.32152271492,2579300,0.0000,1.0
2008-11-07,5.09,5.15,4.91,5.01,4.70670191342,2329700,0.0000,1.0
2008-11-06,5.17,5.31,4.95,5.04,4.73488575721,3500300,0.0000,1.0
2008-11-05,5.53,5.64,5.31,5.32,4.99793496595,2803300,0.0000,1.0
2008-11-04,5.41,5.6,5.22,5.6,5.26098417468,3293400,0.0000,1.0
2008-11-03,5.03,5.4,5.03,5.19,4.87580497618,2251200,0.0000,1.0
2008-10-31,4.71,5.14,4.62,5.1,4.7912534448,5024100,0.0000,1.0
2008-10-30,4.91,5.02,4.62,4.7,4.41546886089,3436200,0.0000,1.0
2008-10-29,4.95,5.1,4.76,4.78,4.49062577767,3686300,0.0000,1.0
2008-10-28,4.91,5.14,4.61,5.14,4.82883190319,3233000,0.0000,1.0
2008-10-27,4.61,4.91,4.5,4.68,4.3966796317,3485400,0.0000,1.0
2008-10-24,4.58,5.0,4.54,4.72,4.43425809009,2998200,0.0000,1.0
2008-10-23,5.11,5.26,4.7,4.91,4.61275576744,3961700,0.0000,1.0
2008-10-22,5.68,5.9,5.31,5.48,5.14824879951,2730300,0.0000,1.0
2008-10-21,5.94,6.15,5.87,5.91,5.55221722721,2648000,0.0000,1.0
2008-10-20,5.92,6.12,5.75,6.09,5.72132028997,3411800,0.0000,1.0
2008-10-17,5.81,6.09,5.52,5.81,5.45827108123,4102000,0.0000,1.0
2008-10-16,5.63,5.93,5.41,5.93,5.5710064564,4830800,0.0000,1.0
2008-10-15,6.19,6.24,5.66,5.68,5.33614109146,3918100,0.0000,1.0
2008-10-14,6.53,6.53,5.95,6.1,5.73071490456,6014700,0.0000,1.0
2008-10-13,6.07,6.3,5.92,6.25,5.87163412353,3481000,0.0000,1.0
2008-10-10,5.67,5.97,5.25,5.73,5.38311416445,7193100,0.0000,1.0
2008-10-09,6.17,6.31,5.78,5.81,5.45827108123,4053000,0.0000,1.0
2008-10-08,6.0,6.5,5.91,6.07,5.70253106077,5425700,0.0000,1.0
2008-10-07,6.97,6.97,6.18,6.19,5.81526643594,4228300,0.0000,1.0
2008-10-06,6.82,6.85,6.36,6.75,6.34136485341,5214800,0.0000,1.0
2008-10-03,7.21,7.42,6.88,6.9,6.48228407238,4614900,0.0000,1.0
2008-10-02,7.68,7.75,7.13,7.15,6.71714943732,2949400,0.0000,1.0
2008-10-01,7.76,7.87,7.61,7.74,7.27143169858,2236400,0.0000,1.0
2008-09-30,7.89,7.89,7.54,7.81,7.33719400076,3181200,0.0000,1.0
2008-09-29,8.13,8.24,7.7,7.76,7.29022092777,4081400,0.0000,1.0
2008-09-26,8.11,8.32,7.88,8.31,7.80692473064,2206300,0.0000,1.0
2008-09-25,8.05,8.34,7.99,8.15,7.65661089708,2894300,0.0000,1.0
2008-09-24,8.2,8.33,8.0,8.07,7.5814539803,2729200,0.0000,1.0
2008-09-23,8.36,8.48,8.12,8.16,7.66600551168,3429400,0.0000,1.0
2008-09-22,8.65,8.74,8.33,8.35,7.84450318903,2112500,0.0000,1.0
2008-09-19,8.76,9.97,8.55,8.66,8.13573624156,5331600,0.0000,1.0
2008-09-18,8.4,8.55,8.07,8.55,8.03239548099,6320900,0.0000,1.0
2008-09-17,8.3,8.68,8.13,8.25,7.75055704306,4108600,0.0000,1.0
2008-09-16,8.14,8.74,8.02,8.57,8.05118471018,4015100,0.0000,1.0
2008-09-15,8.36,8.69,8.21,8.26,7.75995165766,3710300,0.0000,1.0
2008-09-12,8.76,8.84,8.59,8.72,8.19210392915,2570000,0.0000,1.0
2008-09-11,8.76,9.0,8.64,8.9,8.3612069919,2777000,0.0000,1.0
2008-09-10,8.86,9.04,8.67,8.96,8.41757467949,2411500,0.0000,1.0
2008-09-09,9.34,9.42,8.75,8.75,8.22028777294,2607400,0.0000,1.0
2008-09-08,9.43,9.51,9.01,9.21,8.65244004443,3242400,0.0000,1.0
2008-09-05,8.9,9.21,8.85,9.18,8.62425620064,4031700,0.0000,1.0
2008-09-04,9.15,9.15,8.87,8.9,8.3612069919,3732100,0.0000,1.0
2008-09-03,9.34,9.34,9.03,9.13,8.57728312765,3534100,0.0000,1.0
2008-09-02,9.18,9.55,9.18,9.31,8.74638619041,2027500,0.0000,1.0
2008-08-29,9.42,9.55,9.27,9.33,8.7651754196,1820400,0.0000,1.0
2008-08-28,9.38,9.58,9.38,9.52,8.94367309696,1410100,0.0000,1.0
2008-08-27,9.23,9.5,9.23,9.35,8.7839646488,1301300,0.0000,1.0
2008-08-26,9.42,9.42,9.17,9.27,8.70880773202,1229300,0.0000,1.0
2008-08-25,9.4,9.54,9.37,9.41,8.84033233638,1789400,0.0000,1.0
2008-08-22,9.47,9.61,9.36,9.46,8.88730540937,2955500,0.0000,1.0
2008-08-21,9.25,9.62,9.25,9.48,8.90609463857,1579400,0.0000,1.0
2008-08-20,9.5,9.74,9.34,9.48,8.90609463857,2231600,0.0000,1.0
2008-08-19,9.52,9.6,9.4,9.44,8.86851618018,1687500,0.0000,1.0
2008-08-18,9.82,9.87,9.5,9.63,9.04701385753,2677200,0.0000,1.0
2008-08-15,9.84,9.98,9.77,9.84,9.24430076408,1557200,0.0000,1.0
2008-08-14,9.7,10.03,9.6,9.91,9.31006306627,1784300,0.0000,1.0
2008-08-13,9.89,9.99,9.65,9.83,9.23490614949,2759700,0.0000,1.0
2008-08-12,9.86,9.89,9.66,9.81,9.21611692029,2893500,0.0000,1.0
2008-08-11,9.58,9.91,9.5,9.8,9.20672230569,3348100,0.0000,1.0
2008-08-08,9.43,9.6,9.2,9.59,9.00943539914,2771800,0.0000,1.0
2008-08-07,9.47,9.63,9.21,9.36,8.7933592634,2331400,0.0000,1.0
2008-08-06,9.46,9.56,9.18,9.49,8.91548925317,3551100,0.0000,1.0
2008-08-05,9.5,9.55,9.3,9.54,8.96246232615,2860700,0.0000,1.0
2008-08-04,9.31,9.48,9.2,9.24,8.68062388822,2620500,0.0000,1.0
2008-08-01,9.36,9.39,9.01,9.3,8.73699157581,3350800,0.0000,1.0
2008-07-31,9.31,9.53,9.22,9.37,8.80275387799,4306000,0.0000,1.0
2008-07-30,9.58,9.58,9.22,9.43,8.85912156558,3986000,0.0000,1.0
2008-07-29,8.92,9.48,8.92,9.35,8.7839646488,3618600,0.0000,1.0
2008-07-28,9.23,9.23,8.97,8.98,8.43636390869,5125300,0.0000,1.0
2008-07-25,9.39,9.59,9.15,9.25,8.69001850282,6491300,0.0000,1.0
2008-07-24,9.6,9.6,8.84,9.17,8.61486158604,12985900,0.0000,1.0
2008-07-23,10.56,10.69,10.11,10.48,9.84555609833,5026600,0.0000,1.0
2008-07-22,10.39,10.39,9.92,10.0,9.39461459765,4907500,0.0000,1.0
2008-07-21,10.33,10.67,10.31,10.49,9.85495071293,3586600,0.0000,1.0
2008-07-18,10.42,10.55,10.02,10.39,9.76100456695,3967300,0.0000,1.0
2008-07-17,10.21,10.51,9.92,10.43,9.79858302534,4153300,0.0000,1.0
2008-07-16,9.78,10.19,9.66,10.19,9.573112275,5416300,0.0000,1.0
2008-07-15,9.65,10.0,9.45,9.78,9.1879330765,5448700,0.0000,1.0
2008-07-14,10.03,10.04,9.61,9.73,9.14096000351,3009000,0.0000,1.0
2008-07-11,10.01,10.13,9.51,9.83,9.23490614949,7127600,0.0000,1.0
2008-07-10,10.16,10.32,9.9,10.22,9.60129611879,5925400,0.0000,1.0
2008-07-09,10.76,10.83,10.15,10.15,9.53553381661,4568500,0.0000,1.0
2008-07-08,10.39,10.74,10.3,10.73,10.0804214633,3312900,0.0000,1.0
2008-07-07,10.46,10.77,10.27,10.5,9.86434532753,4437000,0.0000,1.0
2008-07-03,10.58,10.6,10.07,10.32,9.69524226477,3173500,0.0000,1.0
2008-07-02,11.35,11.35,10.41,10.56,9.92071301511,5577300,0.0000,1.0
2008-07-01,10.98,11.28,10.75,11.25,10.5689414224,4741500,0.0000,1.0
2008-06-30,10.98,11.38,10.85,11.07,10.3998383596,6712600,0.0000,1.0
2008-06-27,10.74,10.86,10.53,10.71,10.0616322341,3656400,0.0000,1.0
2008-06-26,11.0,11.14,10.7,10.73,10.0804214633,3659800,0.0000,1.0
2008-06-25,11.14,11.55,11.09,11.31,10.6253091099,2496000,0.0000,1.0
2008-06-24,10.95,11.24,10.83,11.01,10.343470672,2290400,0.0000,1.0
2008-06-23,11.12,11.25,10.91,11.01,10.343470672,2908900,0.0000,1.0
2008-06-20,11.31,11.33,10.95,11.11,10.437416818,4602100,0.0000,1.0
2008-06-19,11.07,11.56,11.05,11.45,10.7568337143,2999800,0.0000,1.0
2008-06-18,11.55,11.58,11.02,11.12,10.4468114326,4512700,0.0000,1.0
2008-06-17,11.75,11.85,11.55,11.65,10.9447260063,3312800,0.0000,1.0
2008-06-16,11.4,12.01,11.34,11.7,10.9916990792,5579700,0.0000,1.0
2008-06-13,11.59,11.73,11.35,11.45,10.7568337143,5267800,0.0000,1.0
2008-06-12,10.94,11.58,10.86,11.5,10.8038067873,7355000,0.0000,1.0
2008-06-11,12.11,12.11,10.85,10.86,10.202551453,8862300,0.0000,1.0
2008-06-10,12.15,12.26,11.91,12.11,11.3768782777,3468200,0.0000,1.0
2008-06-09,12.43,12.54,11.94,12.21,11.4708244237,4381800,0.0000,1.0
2008-06-06,12.61,12.87,12.41,12.47,11.7150844033,4320800,0.0000,1.0
2008-06-05,13.0,13.06,12.57,12.7,11.931160539,5564400,0.0000,1.0
2008-06-04,13.05,13.26,12.93,13.03,12.2411828207,4389800,0.0000,1.0
2008-06-03,13.25,13.35,12.92,13.04,12.2505774353,3880900,0.0000,1.0
2008-06-02,13.66,13.83,13.02,13.23,12.4290751127,2965300,0.0000,1.0
2008-05-30,13.64,13.88,13.56,13.74,12.9082004572,2141700,0.0000,1.0
2008-05-29,13.62,13.8,13.5,13.53,12.7109135506,1820400,0.0000,1.0
2008-05-28,13.51,13.76,13.47,13.56,12.7390973944,2520100,0.0000,1.0
2008-05-27,13.02,13.62,13.02,13.57,12.748492009,2734000,0.0000,1.0
2008-05-23,13.14,13.33,12.85,13.08,12.2881558937,3071000,0.0000,1.0
2008-05-22,13.2,13.45,13.01,13.22,12.4196804981,2741100,0.0000,1.0
2008-05-21,13.4,13.54,13.1,13.2,12.4008912689,3247400,0.0000,1.0
2008-05-20,14.08,14.08,13.29,13.42,12.60757279,4918100,0.0000,1.0
2008-05-19,14.15,14.5,14.03,14.09,13.2370119681,3462700,0.0000,1.0
2008-05-16,14.25,14.25,13.61,14.09,13.2370119681,3057500,0.0000,1.0
2008-05-15,13.86,14.16,13.74,14.1,13.2464065827,2374900,0.0000,1.0
2008-05-14,13.77,14.23,13.64,13.87,13.0303304469,3369200,0.0000,1.0
2008-05-13,13.93,13.93,13.61,13.64,12.8142543112,3561900,0.0000,1.0
2008-05-12,13.74,13.88,13.59,13.84,13.0021466031,1570100,0.0000,1.0
2008-05-09,13.64,13.82,13.54,13.66,12.8330435404,2013800,0.0000,1.0
2008-05-08,13.83,13.94,13.54,13.88,13.0397250615,2880300,0.0000,1.0
2008-05-07,13.9,14.1,13.66,13.75,12.9175950718,2773100,0.0000,1.0
2008-05-06,13.6,14.06,13.55,13.97,13.1242765929,2630200,0.0000,1.0
2008-05-05,13.72,13.88,13.56,13.77,12.936384301,2063200,0.0000,1.0
2008-05-02,14.01,14.25,13.68,13.83,12.9927519885,3412700,0.0000,1.0
2008-05-01,13.16,14.02,13.14,13.94,13.0960927491,3413700,0.0000,1.0
2008-04-30,13.5,13.59,13.2,13.29,12.4854428003,2409200,0.0000,1.0
2008-04-29,13.33,13.53,13.24,13.4,12.5887835608,1794300,0.0000,1.0
2008-04-28,13.69,13.78,13.28,13.43,12.6169674046,2914900,0.0000,1.0
2008-04-25,13.7,13.85,13.43,13.69,12.8612273842,4233100,0.0000,1.0
2008-04-24,13.27,13.83,13.0,13.6,12.7766758528,5567600,0.0000,1.0
2008-04-23,12.87,13.92,12.65,13.47,12.654545863,11342200,0.0000,1.0
2008-04-22,12.58,12.58,11.92,12.28,11.5365867259,4342300,0.0000,1.0
2008-04-21,12.38,12.65,12.23,12.58,11.8184251638,3463000,0.0000,1.0
2008-04-18,12.28,12.52,12.1,12.42,11.6681113303,3382500,0.0000,1.0
2008-04-17,12.58,12.67,12.07,12.13,11.3956675069,3658000,0.0000,1.0
2008-04-16,12.4,12.87,12.32,12.61,11.8466090076,4518000,0.0000,1.0
2008-04-15,12.14,12.32,11.84,12.27,11.5271921113,5347600,0.0000,1.0
2008-04-14,12.34,12.46,12.22,12.22,11.4802190383,2038400,0.0000,1.0
2008-04-11,12.55,12.69,12.35,12.39,11.6399274865,2961700,0.0000,1.0
2008-04-10,12.63,12.83,12.45,12.73,11.9593443828,2870300,0.0000,1.0
2008-04-09,12.7,12.97,12.63,12.76,11.9875282266,2565400,0.0000,1.0
2008-04-08,13.04,13.19,12.75,12.8,12.025106685,2222600,0.0000,1.0
2008-04-07,13.62,13.69,13.16,13.25,12.4478643419,2004800,0.0000,1.0
2008-04-04,13.45,13.58,13.1,13.47,12.654545863,4467200,0.0000,1.0
2008-04-03,12.86,13.5,12.85,13.46,12.6451512484,3902100,0.0000,1.0
2008-04-02,13.04,13.2,12.87,13.0,12.2129989769,3250100,0.0000,1.0
2008-04-01,12.63,12.98,12.52,12.92,12.1378420602,3880800,0.0000,1.0
2008-03-31,12.79,12.79,12.25,12.42,11.6681113303,2599200,0.0000,1.0
2008-03-28,12.85,12.85,12.35,12.41,11.6587167157,2274600,0.0000,1.0
2008-03-27,12.79,12.85,12.5,12.51,11.7526628617,4428200,0.0000,1.0
2008-03-26,12.45,12.48,12.01,12.29,11.5459813405,2626000,0.0000,1.0
2008-03-25,12.91,12.94,12.45,12.53,11.7714520909,2718000,0.0000,1.0
2008-03-24,12.44,13.13,12.42,12.84,12.0626851434,3719500,0.0000,1.0
2008-03-20,12.0,12.34,11.86,12.32,11.5741651843,3454200,0.0000,1.0
2008-03-19,12.55,12.73,12.0,12.0,11.2735375172,4188600,0.0000,1.0
2008-03-18,12.25,12.5,12.13,12.46,11.7056897887,3964900,0.0000,1.0
2008-03-17,11.67,12.04,11.53,11.91,11.1889859858,4096100,0.0000,1.0
2008-03-14,12.32,12.35,11.75,11.99,11.2641429026,2997000,0.0000,1.0
2008-03-13,11.96,12.32,11.79,12.16,11.4238513507,3543900,0.0000,1.0
2008-03-12,12.14,12.45,12.04,12.15,11.4144567361,3496900,0.0000,1.0
2008-03-11,11.92,12.19,11.68,12.19,11.4520351945,3058000,0.0000,1.0
2008-03-10,11.9,11.98,11.64,11.67,10.9635152355,3441900,0.0000,1.0
2008-03-07,11.78,12.32,11.65,11.9,11.1795913712,3792000,0.0000,1.0
2008-03-06,12.35,12.41,11.9,11.9,11.1795913712,3005200,0.0000,1.0
2008-03-05,12.3,12.49,12.19,12.39,11.6399274865,4954900,0.0000,1.0
2008-03-04,11.87,12.23,11.7,12.2,11.4614298091,4915300,0.0000,1.0
2008-03-03,11.99,12.07,11.7,12.0,11.2735375172,4092100,0.0000,1.0
2008-02-29,12.1,12.22,11.95,11.99,11.2641429026,4072200,0.0000,1.0
2008-02-28,12.4,12.55,12.21,12.26,11.5177974967,5193200,0.0000,1.0
2008-02-27,12.21,12.73,12.09,12.5,11.7432682471,8332600,0.0000,1.0
2008-02-26,11.74,12.4,11.5,12.22,11.4802190383,8184600,0.0000,1.0
2008-02-25,10.97,11.27,10.84,11.24,10.5595468078,3346300,0.0000,1.0
2008-02-22,10.88,11.0,10.67,10.93,10.2683137552,2730900,0.0000,1.0
2008-02-21,11.09,11.16,10.74,10.81,10.1555783801,3251300,0.0000,1.0
2008-02-20,10.61,11.04,10.53,10.98,10.3152868282,2416600,0.0000,1.0
2008-02-19,10.82,10.98,10.62,10.69,10.0428430049,2068200,0.0000,1.0
2008-02-15,10.69,10.82,10.52,10.72,10.0710268487,2095900,0.0000,1.0
2008-02-14,11.02,11.06,10.69,10.75,10.0992106925,2205200,0.0000,1.0
2008-02-13,10.94,11.02,10.68,11.0,10.3340760574,2222500,0.0000,1.0
2008-02-12,10.92,11.15,10.69,10.76,10.1086053071,2719400,0.0000,1.0
2008-02-11,10.62,10.89,10.44,10.83,10.1743676093,2485600,0.0000,1.0
2008-02-08,10.56,10.7,10.36,10.53,9.89252917132,2476100,0.0000,1.0
2008-02-07,10.52,10.82,10.4,10.64,9.9958699319,3426600,0.0000,1.0
2008-02-06,10.62,10.95,10.41,10.64,9.9958699319,4068600,0.0000,1.0
2008-02-05,11.05,11.06,10.49,10.53,9.89252917132,3512900,0.0000,1.0
2008-02-04,11.31,11.39,11.15,11.22,10.5407575786,3620100,0.0000,1.0
2008-02-01,10.99,11.37,10.89,11.37,10.6816767975,2740900,0.0000,1.0
2008-01-31,10.73,11.07,10.68,10.99,10.3246814428,3687900,0.0000,1.0
2008-01-30,10.72,11.02,10.61,10.86,10.202551453,3834200,0.0000,1.0
2008-01-29,10.54,10.78,10.27,10.74,10.0898160779,3384100,0.0000,1.0
2008-01-28,10.55,10.56,10.12,10.4,9.77039918155,5028100,0.0000,1.0
2008-01-25,10.3,10.63,10.22,10.49,9.85495071293,6674400,0.0000,1.0
2008-01-24,9.35,11.0,9.35,10.18,9.5637176604,8778600,0.0000,1.0
2008-01-23,8.8,9.27,8.75,9.17,8.61486158604,4429100,0.0000,1.0
2008-01-22,9.02,9.39,9.02,9.18,8.62425620064,4168300,0.0000,1.0
2008-01-18,9.35,9.55,8.8,9.49,8.91548925317,4418600,0.0000,1.0
2008-01-17,9.61,9.78,9.04,9.08,8.53031005466,5212200,0.0000,1.0
2008-01-16,9.01,9.81,8.9,9.6,9.01883001374,4671000,0.0000,1.0
2008-01-15,9.39,9.39,8.96,9.03,8.48333698167,3026500,0.0000,1.0
2008-01-14,9.03,9.41,9.01,9.41,8.84033233638,3071500,0.0000,1.0
2008-01-11,9.07,9.11,8.86,8.94,8.3987854503,3049200,0.0000,1.0
2008-01-10,8.88,9.24,8.83,9.18,8.62425620064,3416000,0.0000,1.0
2008-01-09,9.01,9.1,8.75,9.03,8.48333698167,3685500,0.0000,1.0
2008-01-08,9.41,9.58,8.98,9.01,8.46454775248,4819700,0.0000,1.0
2008-01-07,9.5,9.56,9.27,9.43,8.85912156558,3234300,0.0000,1.0
2008-01-04,9.9,9.9,9.34,9.45,8.87791079478,2991100,0.0000,1.0
2008-01-03,10.11,10.13,9.86,9.9,9.30066845167,2875500,0.0000,1.0
2008-01-02,10.35,10.43,9.99,10.06,9.45098228523,3181100,0.0000,1.0
2007-12-31,10.44,10.5,10.27,10.34,9.71403149397,2261300,0.0000,1.0
2007-12-28,10.5,10.58,10.39,10.49,9.85495071293,2167900,0.0000,1.0
2007-12-27,10.57,10.65,10.41,10.42,9.78918841075,1625600,0.0000,1.0
2007-12-26,10.5,10.65,10.5,10.57,9.93010762971,1246500,0.0000,1.0
2007-12-24,10.38,10.72,10.38,10.52,9.88313455672,1661600,0.0000,1.0
2007-12-21,10.47,10.55,10.32,10.53,9.89252917132,2473600,0.0000,1.0
2007-12-20,10.23,10.41,10.13,10.37,9.74221533776,3003100,0.0000,1.0
2007-12-19,10.2,10.29,10.04,10.17,9.55432304581,2307800,0.0000,1.0
2007-12-18,10.2,10.22,10.02,10.15,9.53553381661,2468400,0.0000,1.0
2007-12-17,10.16,10.32,10.03,10.06,9.45098228523,3883500,0.0000,1.0
2007-12-14,10.46,10.46,10.17,10.18,9.5637176604,3299900,0.0000,1.0
2007-12-13,10.84,10.94,10.3,10.46,9.82676686914,5806800,0.0000,1.0
2007-12-12,11.25,11.36,10.77,10.99,10.3246814428,5212200,0.0000,1.0
2007-12-11,11.23,11.39,10.97,10.98,10.3152868282,3770600,0.0000,1.0
2007-12-10,11.1,11.28,10.9,11.19,10.5125737348,4114700,0.0000,1.0
2007-12-07,11.08,11.18,11.0,11.09,10.4186275888,3606100,0.0000,1.0
2007-12-06,10.7,11.09,10.6,11.06,10.390443745,3435300,0.0000,1.0
2007-12-05,10.68,10.83,10.59,10.65,10.0052645465,2719200,0.0000,1.0
2007-12-04,10.7,10.72,10.46,10.52,9.88313455672,3704800,0.0000,1.0
2007-12-03,10.91,10.92,10.29,10.77,10.1179999217,8061500,0.0000,1.0
2007-11-30,10.91,11.01,10.62,10.89,10.2307352968,13335200,0.0000,1.0
2007-11-29,10.68,11.02,10.58,10.77,10.1179999217,5663500,0.0000,1.0
2007-11-28,10.38,10.78,10.24,10.7,10.0522376195,5755600,0.0000,1.0
2007-11-27,10.44,10.48,10.1,10.27,9.64826919178,4106400,0.0000,1.0
2007-11-26,10.7,10.93,10.35,10.37,9.74221533776,4264600,0.0000,1.0
2007-11-23,10.45,10.65,10.41,10.6,9.9582914735,1191900,0.0000,1.0
2007-11-21,10.54,10.54,10.25,10.38,9.75160995236,5080700,0.0000,1.0
2007-11-20,10.95,11.05,10.49,10.67,10.0240537757,3906500,0.0000,1.0
2007-11-19,11.25,11.27,10.89,10.92,10.2589191406,3340200,0.0000,1.0
2007-11-16,11.51,11.54,11.1,11.35,10.6628875683,3086300,0.0000,1.0
2007-11-15,11.5,11.7,11.37,11.46,10.7662283289,4626700,0.0000,1.0
2007-11-14,12.18,12.18,11.54,11.57,10.8695690895,8574600,0.0000,1.0
2007-11-13,11.92,12.09,11.9,12.08,11.348694434,3049100,0.0000,1.0
2007-11-12,12.04,12.31,11.75,11.8,11.0856452252,6449400,0.0000,1.0
2007-11-09,11.68,12.18,11.68,12.04,11.3111159756,5424100,0.0000,1.0
2007-11-08,11.45,11.95,11.45,11.86,11.1420129128,6733800,0.0000,1.0
2007-11-07,11.72,11.75,11.4,11.42,10.7286498705,5027400,0.0000,1.0
2007-11-06,11.89,12.09,11.75,11.89,11.1701967566,4182000,0.0000,1.0
2007-11-05,11.9,12.02,11.8,11.89,11.1701967566,4669800,0.0000,1.0
2007-11-02,12.2,12.2,11.95,11.99,11.2641429026,4617100,0.0000,1.0
2007-11-01,12.15,12.27,12.02,12.09,11.3580890486,4028800,0.0000,1.0
2007-10-31,12.32,12.4,12.14,12.34,11.5929544135,6136500,0.0000,1.0
2007-10-30,12.25,12.52,12.15,12.31,11.5647705697,5256200,0.0000,1.0
2007-10-29,12.35,12.54,12.2,12.3,11.5553759551,5539900,0.0000,1.0
2007-10-26,12.56,12.6,12.13,12.3,11.5553759551,5698400,0.0000,1.0
2007-10-25,12.98,12.99,12.34,12.5,11.7432682471,6507100,0.0000,1.0
2007-10-24,12.91,12.96,12.5,12.89,12.1096582164,6296500,0.0000,1.0
2007-10-23,12.56,13.06,12.55,12.94,12.1566312894,9943000,0.0000,1.0
2007-10-22,12.24,12.41,12.14,12.29,11.5459813405,5074000,0.0000,1.0
2007-10-19,13.12,13.19,12.34,12.39,11.6399274865,8301800,0.0000,1.0
2007-10-18,13.17,13.49,12.87,13.01,12.2223935915,9191300,0.0000,1.0
2007-10-17,13.8,13.9,13.46,13.82,12.9833573739,4574800,0.0000,1.0
2007-10-16,13.41,13.65,13.38,13.5,12.6827297068,2651800,0.0000,1.0
2007-10-15,13.49,13.55,13.35,13.49,12.6733350922,3503700,0.0000,1.0
2007-10-12,13.51,13.65,13.39,13.52,12.701518936,3249600,0.0000,1.0
2007-10-11,13.7,13.78,13.26,13.36,12.5512051025,3630000,0.0000,1.0
2007-10-10,14.18,14.2,13.57,13.65,12.8236489258,4039800,0.0000,1.0
2007-10-09,14.25,14.36,14.08,14.26,13.3967204162,2510700,0.0000,1.0
2007-10-08,14.11,14.29,14.03,14.17,13.3121688849,1831600,0.0000,1.0
2007-10-05,13.9,14.28,13.87,14.11,13.2558011973,2874100,0.0000,1.0
2007-10-04,13.82,13.86,13.68,13.75,12.9175950718,3539700,0.0000,1.0
2007-10-03,13.99,14.05,13.75,13.82,12.9833573739,3952700,0.0000,1.0
2007-10-02,13.99,14.19,13.94,14.08,13.2276173535,5301400,0.0000,1.0
2007-10-01,13.76,14.01,13.74,13.94,13.0960927491,3593900,0.0000,1.0
2007-09-28,13.87,13.93,13.72,13.8,12.9645681448,4209800,0.0000,1.0
2007-09-27,13.85,14.04,13.85,13.9,13.0585142907,3171200,0.0000,1.0
2007-09-26,13.98,14.1,13.78,13.88,13.0397250615,3595900,0.0000,1.0
2007-09-25,13.9,14.06,13.83,13.99,13.1430658221,3409500,0.0000,1.0
2007-09-24,14.19,14.29,13.91,14.01,13.1618550513,3105500,0.0000,1.0
2007-09-21,14.25,14.32,14.13,14.26,13.3967204162,3360900,0.0000,1.0
2007-09-20,14.32,14.34,14.12,14.21,13.3497473433,3002800,0.0000,1.0
2007-09-19,14.49,14.62,14.24,14.28,13.4155096454,3887500,0.0000,1.0
2007-09-18,14.14,14.5,13.96,14.49,13.612796552,3888200,0.0000,1.0
2007-09-17,13.8,14.14,13.77,14.07,13.2182227389,2728100,0.0000,1.0
2007-09-14,13.87,14.04,13.83,13.88,13.0397250615,2778000,0.0000,1.0
2007-09-13,14.15,14.21,13.88,13.99,13.1430658221,3715600,0.0000,1.0
2007-09-12,14.65,14.68,14.09,14.12,13.2651958119,4372800,0.0000,1.0
2007-09-11,14.66,14.81,14.52,14.74,13.8476619169,2472100,0.0000,1.0
2007-09-10,14.48,14.94,14.41,14.64,13.753715771,6407400,0.0000,1.0
2007-09-07,14.34,14.55,14.26,14.45,13.5752180936,3867600,0.0000,1.0
2007-09-06,14.36,14.52,14.19,14.5,13.6221911666,5566900,0.0000,1.0
2007-09-05,14.7,14.78,14.11,14.24,13.377931187,6422000,0.0000,1.0
2007-09-04,14.9,15.02,14.73,14.88,13.9791865213,4048400,0.0000,1.0
2007-08-31,14.84,15.04,14.73,14.89,13.9885811359,2823700,0.0000,1.0
2007-08-30,14.96,15.05,14.59,14.64,13.753715771,3396800,0.0000,1.0
2007-08-29,14.62,15.17,14.6,15.12,14.2046572716,2567000,0.0000,1.0
2007-08-28,15.03,15.1,14.56,14.56,13.6785588542,3321100,0.0000,1.0
2007-08-27,15.38,15.46,15.17,15.17,14.2516303446,2441100,0.0000,1.0
2007-08-24,15.25,15.44,15.25,15.43,14.4958903242,3031200,0.0000,1.0
2007-08-23,15.78,15.78,15.24,15.31,14.383154949,3685800,0.0000,1.0
2007-08-22,15.66,16.53,15.33,15.66,14.7119664599,4160600,0.0000,1.0
2007-08-21,15.5,15.75,15.44,15.49,14.5522580118,2717000,0.0000,1.0
2007-08-20,15.52,15.66,15.27,15.48,14.5428633972,4426900,0.0000,1.0
2007-08-17,15.56,15.89,15.25,15.45,14.5146795534,5205000,0.0000,1.0
2007-08-16,14.87,15.14,14.69,15.02,14.1107111257,5985200,0.0000,1.0
2007-08-15,15.27,15.52,15.0,15.01,14.1013165111,3735900,0.0000,1.0
2007-08-14,15.75,15.84,15.3,15.31,14.383154949,3009700,0.0000,1.0
2007-08-13,15.65,15.95,15.45,15.67,14.7213610745,4045500,0.0000,1.0
2007-08-10,15.29,15.56,15.2,15.44,14.5052849388,5220400,0.0000,1.0
2007-08-09,15.43,15.81,15.37,15.41,14.477101095,6208100,0.0000,1.0
2007-08-08,15.53,16.04,15.31,15.63,14.6837826161,7711000,0.0000,1.0
2007-08-07,15.49,15.66,15.24,15.5,14.5616526264,6122200,0.0000,1.0
2007-08-06,15.17,15.64,15.12,15.61,14.6649933869,6367000,0.0000,1.0
2007-08-03,15.75,15.81,15.11,15.12,14.2046572716,5230500,0.0000,1.0
2007-08-02,15.27,15.84,15.27,15.76,14.8059126059,4519800,0.0000,1.0
2007-08-01,15.68,15.87,15.25,15.6,14.6555987723,5675800,0.0000,1.0
2007-07-31,16.08,16.17,15.67,15.69,14.7401503037,4669800,0.0000,1.0
2007-07-30,15.69,16.06,15.69,15.99,15.0219887416,4794100,0.0000,1.0
2007-07-27,16.08,16.21,15.75,15.75,14.7965179913,4957300,0.0000,1.0
2007-07-26,16.53,16.54,15.93,16.13,15.153513346,5999600,0.0000,1.0
2007-07-25,16.85,16.87,16.34,16.68,15.6702171489,5953000,0.0000,1.0
2007-07-24,17.05,17.15,16.65,16.73,15.7171902219,4482500,0.0000,1.0
2007-07-23,17.54,17.61,17.23,17.24,16.1963155663,3377800,0.0000,1.0
2007-07-20,17.46,17.62,17.3,17.44,16.3842078583,4170500,0.0000,1.0
2007-07-19,17.6,17.67,16.93,17.61,16.5439163065,7290700,0.0000,1.0
2007-07-18,17.8,17.84,17.45,17.72,16.647257067,5405800,0.0000,1.0
2007-07-17,17.9,18.28,17.73,18.03,16.9384901196,6990100,0.0000,1.0
2007-07-16,17.72,18.02,17.72,17.79,16.7130193692,5291200,0.0000,1.0
2007-07-13,17.89,17.96,17.7,17.88,16.7975709006,2850600,0.0000,1.0
2007-07-12,17.53,17.93,17.47,17.9,16.8163601298,3019400,0.0000,1.0
2007-07-11,17.92,17.95,17.48,17.5,16.4405755459,4339100,0.0000,1.0
2007-07-10,18.11,18.24,17.88,17.92,16.835149359,3229300,0.0000,1.0
2007-07-09,17.95,18.24,17.93,18.17,17.0700147239,3796300,0.0000,1.0
2007-07-06,17.73,18.01,17.63,17.97,16.882122432,3623500,0.0000,1.0
2007-07-05,17.82,17.83,17.65,17.68,16.6096786086,2994200,0.0000,1.0
2007-07-03,17.87,17.99,17.73,17.82,16.741203213,1999100,0.0000,1.0
2007-07-02,17.61,17.96,17.61,17.88,16.7975709006,4709500,0.0000,1.0
2007-06-29,17.52,17.66,17.41,17.58,16.5157324627,5036500,0.0000,1.0
2007-06-28,17.4,17.49,17.16,17.19,16.1493424934,2641700,0.0000,1.0
2007-06-27,17.16,17.54,17.06,17.5,16.4405755459,3306100,0.0000,1.0
2007-06-26,17.48,17.51,17.05,17.15,16.111764035,3446100,0.0000,1.0
2007-06-25,17.78,17.88,17.35,17.38,16.3278401707,3729500,0.0000,1.0
2007-06-22,18.21,18.22,17.66,17.77,16.69423014,3959800,0.0000,1.0
2007-06-21,17.66,18.53,17.65,18.3,17.1921447137,6826500,0.0000,1.0
2007-06-20,17.65,17.93,17.57,17.72,16.647257067,3474500,0.0000,1.0
2007-06-19,17.52,17.65,17.34,17.59,16.5251270773,4602800,0.0000,1.0
2007-06-18,17.34,17.64,17.3,17.6,16.5345216919,2417000,0.0000,1.0
2007-06-15,17.25,17.46,17.18,17.36,16.3090509415,2349400,0.0000,1.0
2007-06-14,16.85,17.15,16.84,17.11,16.0741855766,3224600,0.0000,1.0
2007-06-13,16.68,16.95,16.63,16.87,15.8487148262,3145500,0.0000,1.0
2007-06-12,16.52,16.9,16.4,16.57,15.5668763883,4312000,0.0000,1.0
2007-06-11,16.73,16.85,16.6,16.62,15.6138494613,2180100,0.0000,1.0
2007-06-08,16.46,16.76,16.36,16.73,15.7171902219,3514500,0.0000,1.0
2007-06-07,16.66,16.77,16.44,16.46,15.4635356277,3580200,0.0000,1.0
2007-06-06,16.96,17.03,16.65,16.79,15.7735579094,2574200,0.0000,1.0
2007-06-05,17.17,17.24,16.8,16.95,15.923871743,3274300,0.0000,1.0
2007-06-04,17.05,17.23,16.99,17.17,16.1305532642,3114900,0.0000,1.0
2007-06-01,17.0,17.19,16.91,17.02,15.9896340452,2582800,0.0000,1.0
2007-05-31,16.78,17.05,16.72,17.02,15.9896340452,4631700,0.0000,1.0
2007-05-30,16.46,16.58,16.32,16.58,15.5762710029,4463200,0.0000,1.0
2007-05-29,16.64,16.77,16.54,16.67,15.6608225343,3041500,0.0000,1.0
2007-05-25,16.7,16.86,16.44,16.64,15.6326386905,4960000,0.0000,1.0
2007-05-24,16.92,17.02,16.49,16.56,15.5574817737,4172600,0.0000,1.0
2007-05-23,17.15,17.25,16.83,16.83,15.8111363678,2231600,0.0000,1.0
2007-05-22,16.91,17.24,16.86,17.13,16.0929748058,2801700,0.0000,1.0
2007-05-21,17.1,17.2,16.88,16.97,15.9426609722,4767000,0.0000,1.0
2007-05-18,16.76,16.95,16.64,16.94,15.9144771284,5182400,0.0000,1.0
2007-05-17,16.72,16.85,16.52,16.73,15.7171902219,4852900,0.0000,1.0
2007-05-16,16.66,16.75,16.36,16.72,15.7077956073,5815600,0.0000,1.0
2007-05-15,16.87,16.88,16.55,16.65,15.6420333051,3019900,0.0000,1.0
2007-05-14,17.05,17.16,16.7,16.83,15.8111363678,2769500,0.0000,1.0
2007-05-11,16.9,17.11,16.76,17.04,16.0084232744,2847400,0.0000,1.0
2007-05-10,17.3,17.3,16.71,16.79,15.7735579094,4489900,0.0000,1.0
2007-05-09,16.92,17.32,16.85,17.29,16.2432886393,3275500,0.0000,1.0
2007-05-08,17.1,17.2,16.89,16.91,15.8862932846,4295000,0.0000,1.0
2007-05-07,17.49,17.49,17.15,17.18,16.1399478788,2382300,0.0000,1.0
2007-05-04,17.39,17.5,17.25,17.39,16.3372347853,2866600,0.0000,1.0
2007-05-03,17.5,17.52,17.31,17.39,16.3372347853,3743600,0.0000,1.0
2007-05-02,17.36,17.61,17.36,17.52,16.4593647751,2067000,0.0000,1.0
2007-05-01,17.45,17.5,17.09,17.4,16.3466293999,3423000,0.0000,1.0
2007-04-30,17.36,17.73,17.36,17.45,16.3936024729,4623900,0.0000,1.0
2007-04-27,17.48,17.65,17.38,17.44,16.3842078583,4184600,0.0000,1.0
2007-04-26,17.0,17.5,16.91,17.48,16.4217863167,6074900,0.0000,1.0
2007-04-25,16.72,17.08,16.64,17.07,16.0366071182,3986500,0.0000,1.0
2007-04-24,16.8,16.99,16.56,16.66,15.6514279197,5513300,0.0000,1.0
2007-04-23,16.69,16.89,16.61,16.72,15.7077956073,4653700,0.0000,1.0
2007-04-20,17.0,17.13,16.41,16.64,15.6326386905,8235500,0.0000,1.0
2007-04-19,17.41,17.45,16.73,16.84,15.8205309824,7677100,0.0000,1.0
2007-04-18,16.35,16.93,16.22,16.75,15.7359794511,6535000,0.0000,1.0
2007-04-17,16.4,16.44,16.3,16.35,15.3601948672,7209800,0.0000,1.0
2007-04-16,16.5,16.58,16.38,16.52,15.5199033153,5284000,0.0000,1.0
2007-04-13,16.7,16.7,16.3,16.35,15.3601948672,7693800,0.0000,1.0
2007-04-12,16.77,16.8,16.61,16.69,15.6796117635,5028800,0.0000,1.0
2007-04-11,16.99,17.03,16.72,16.75,15.7359794511,3629600,0.0000,1.0
2007-04-10,16.99,17.06,16.93,17.01,15.9802394306,4051700,0.0000,1.0
2007-04-09,17.1,17.2,16.89,17.03,15.9990286598,5355000,0.0000,1.0
2007-04-05,17.51,17.51,17.05,17.09,16.0553963474,2987900,0.0000,1.0
2007-04-04,16.76,17.17,16.71,17.16,16.1211586496,3641400,0.0000,1.0
2007-04-03,16.72,16.94,16.58,16.76,15.7453740657,2525300,0.0000,1.0
2007-04-02,16.64,16.75,16.37,16.6,15.5950602321,2261400,0.0000,1.0
2007-03-30,16.45,16.65,16.37,16.54,15.5386925445,2445600,0.0000,1.0
2007-03-29,16.57,16.66,16.3,16.44,15.4447463985,2844000,0.0000,1.0
2007-03-28,16.74,16.74,16.45,16.5,15.5011140861,3605300,0.0000,1.0
2007-03-27,17.0,17.05,16.72,16.74,15.7265848365,3077400,0.0000,1.0
2007-03-26,17.07,17.21,16.74,17.0,15.970844816,2570100,0.0000,1.0
2007-03-23,16.94,17.15,16.87,17.03,15.9990286598,1626500,0.0000,1.0
2007-03-22,17.18,17.18,16.82,16.9,15.87689867,3064200,0.0000,1.0
2007-03-21,16.75,17.3,16.55,17.17,16.1305532642,3643200,0.0000,1.0
2007-03-20,16.74,16.89,16.58,16.77,15.7547686803,2270000,0.0000,1.0
2007-03-19,16.79,16.95,16.64,16.74,15.7265848365,2882300,0.0000,1.0
2007-03-16,16.82,16.84,16.53,16.71,15.6984009927,2335900,0.0000,1.0
2007-03-15,16.3,16.84,16.28,16.81,15.7923471386,3995700,0.0000,1.0
2007-03-14,16.26,16.46,16.01,16.3,15.3132217942,3768900,0.0000,1.0
2007-03-13,16.66,16.75,16.18,16.22,15.2380648774,2786000,0.0000,1.0
2007-03-12,16.57,16.93,16.57,16.84,15.8205309824,2247200,0.0000,1.0
2007-03-09,16.6,16.7,16.44,16.64,15.6326386905,2512000,0.0000,1.0
2007-03-08,16.15,16.52,16.15,16.47,15.4729302423,3223200,0.0000,1.0
2007-03-07,15.65,16.18,15.57,15.97,15.0031995124,3337500,0.0000,1.0
2007-03-06,15.65,15.8,15.59,15.71,14.7589395329,3040000,0.0000,1.0
2007-03-05,15.34,15.79,15.31,15.49,14.5522580118,3101000,0.0000,1.0
2007-03-02,15.9,15.97,15.45,15.48,14.5428633972,4075900,0.0000,1.0
2007-03-01,15.75,16.22,15.65,16.01,15.0407779708,3614300,0.0000,1.0
2007-02-28,15.92,16.16,15.67,16.11,15.1347241168,4218600,0.0000,1.0
2007-02-27,16.3,16.67,15.94,15.95,14.9844102832,4289800,0.0000,1.0
2007-02-26,16.76,16.76,16.36,16.6,15.5950602321,1847100,0.0000,1.0
2007-02-23,16.4,16.84,16.4,16.64,15.6326386905,3999900,0.0000,1.0
2007-02-22,16.16,16.4,16.11,16.36,15.3695894817,2219400,0.0000,1.0
2007-02-21,16.0,16.1,15.88,16.03,15.0595672,1311100,0.0000,1.0
2007-02-20,15.63,16.1,15.63,16.05,15.0783564292,3215000,0.0000,1.0
2007-02-16,15.65,15.98,15.51,15.89,14.9280425957,3863000,0.0000,1.0
2007-02-15,15.57,15.8,15.53,15.64,14.6931772307,3478800,0.0000,1.0
2007-02-14,15.55,15.69,15.41,15.59,14.6462041577,3249000,0.0000,1.0
2007-02-13,15.22,15.47,15.2,15.39,14.4583118658,1967100,0.0000,1.0
2007-02-12,15.4,15.41,15.04,15.25,14.3267872614,2273900,0.0000,1.0
2007-02-09,15.45,15.65,15.32,15.34,14.4113387928,3325300,0.0000,1.0
2007-02-08,15.33,15.55,15.19,15.43,14.4958903242,3708700,0.0000,1.0
2007-02-07,15.11,15.48,15.1,15.32,14.3925495636,2465600,0.0000,1.0
2007-02-06,15.26,15.26,14.92,15.04,14.1295003549,3215800,0.0000,1.0
2007-02-05,15.12,15.29,15.0,15.21,14.289208803,2719500,0.0000,1.0
2007-02-02,15.18,15.37,15.03,15.21,14.289208803,3590000,0.0000,1.0
2007-02-01,15.05,15.3,14.97,15.08,14.1670788133,3770800,0.0000,1.0
2007-01-31,14.87,14.95,14.64,14.9,13.9979757505,2854800,0.0000,1.0
2007-01-30,14.92,15.05,14.81,14.94,14.0355542089,2830700,0.0000,1.0
2007-01-29,15.25,15.47,14.85,14.87,13.9697919067,5390700,0.0000,1.0
2007-01-26,15.21,15.4,14.8,15.24,14.3173926468,6752000,0.0000,1.0
2007-01-25,16.0,16.46,15.3,15.33,14.4019441782,8091100,0.0000,1.0
2007-01-24,15.18,15.65,15.08,15.61,14.6649933869,3547600,0.0000,1.0
2007-01-23,15.1,15.44,15.1,15.21,14.289208803,2875100,0.0000,1.0
2007-01-22,15.34,15.38,14.94,15.2,14.2798141884,3587400,0.0000,1.0
2007-01-19,15.0,15.26,14.87,15.22,14.2986034176,4021500,0.0000,1.0
2007-01-18,15.94,15.94,14.9,14.97,14.0637380527,7412300,0.0000,1.0
2007-01-17,15.97,16.12,15.87,15.93,14.965621054,1964600,0.0000,1.0
2007-01-16,16.03,16.11,15.8,15.97,15.0031995124,2806600,0.0000,1.0
2007-01-12,16.05,16.17,15.87,16.02,15.0501725854,3502100,0.0000,1.0
2007-01-11,16.19,16.35,16.0,16.05,15.0783564292,3736900,0.0000,1.0
2007-01-10,15.94,16.29,15.58,16.19,15.2098810336,4089500,0.0000,1.0
2007-01-09,15.46,15.77,15.41,15.69,14.7401503037,2114200,0.0000,1.0
2007-01-08,15.35,15.59,15.12,15.45,14.5146795534,2672000,0.0000,1.0
2007-01-05,15.38,15.4,15.13,15.29,14.3643657198,2501600,0.0000,1.0
2007-01-04,14.94,15.48,14.85,15.46,14.524074168,3769100,0.0000,1.0
2007-01-03,14.9,15.31,14.76,14.93,14.0261595943,4658100,0.0000,1.0
2006-12-29,15.11,15.17,14.93,14.96,14.0543434381,1808400,0.0000,1.0
2006-12-28,15.18,15.29,15.09,15.16,14.24223573,1083600,0.0000,1.0
2006-12-27,15.25,15.4,15.15,15.19,14.2704195738,1547600,0.0000,1.0
2006-12-26,14.95,15.27,14.95,15.27,14.3455764906,1171000,0.0000,1.0
2006-12-22,15.01,15.19,14.85,15.0,14.0919218965,1036300,0.0000,1.0
2006-12-21,15.2,15.28,14.97,15.05,14.1388949695,1408700,0.0000,1.0
2006-12-20,15.1,15.39,15.09,15.17,14.2516303446,1457500,0.0000,1.0
2006-12-19,15.29,15.32,14.94,15.09,14.1764734278,2333400,0.0000,1.0
2006-12-18,15.09,15.59,15.09,15.28,14.3549711052,2488200,0.0000,1.0
2006-12-15,15.18,15.3,15.0,15.11,14.195262657,2505400,0.0000,1.0
2006-12-14,14.91,15.28,14.85,15.18,14.2610249592,2609100,0.0000,1.0
2006-12-13,15.05,15.11,14.8,14.92,14.0167649797,2489700,0.0000,1.0
2006-12-12,15.15,15.31,14.9,14.96,14.0543434381,3517600,0.0000,1.0
2006-12-11,14.93,15.36,14.91,15.22,14.2986034176,3680900,0.0000,1.0
2006-12-08,14.95,15.15,14.8,14.98,14.0731326673,1926800,0.0000,1.0
2006-12-07,15.0,15.19,14.86,15.03,14.1201057403,2708700,0.0000,1.0
2006-12-06,15.0,15.17,14.82,15.03,14.1201057403,2761400,0.0000,1.0
2006-12-05,15.04,15.18,14.91,15.05,14.1388949695,2927900,0.0000,1.0
2006-12-04,14.56,15.02,14.43,14.94,14.0355542089,2354200,0.0000,1.0
2006-12-01,14.9,15.02,14.47,14.65,13.7631103856,4323700,0.0000,1.0
2006-11-30,14.73,15.0,14.57,14.9,13.9979757505,2930400,0.0000,1.0
2006-11-29,14.62,14.82,14.51,14.69,13.8006888439,3598300,0.0000,1.0
2006-11-28,14.36,14.55,14.31,14.47,13.5940073228,4121100,0.0000,1.0
2006-11-27,14.65,14.75,14.34,14.35,13.4812719476,4352700,0.0000,1.0
2006-11-24,14.63,14.84,14.59,14.78,13.8852403753,555300,0.0000,1.0
2006-11-22,14.73,14.85,14.61,14.82,13.9228188337,2078600,0.0000,1.0
2006-11-21,15.0,15.0,14.45,14.73,13.8382673023,4451200,0.0000,1.0
2006-11-20,14.72,14.72,14.21,14.6,13.7161373126,3833400,0.0000,1.0
2006-11-17,14.3,14.3,14.02,14.24,13.377931187,2429400,0.0000,1.0
2006-11-16,14.33,14.39,14.02,14.29,13.42490426,4168900,0.0000,1.0
2006-11-15,14.45,14.74,14.18,14.33,13.4624827184,5460000,0.0000,1.0
2006-11-14,14.04,14.51,13.84,14.5,13.6221911666,4281000,0.0000,1.0
2006-11-13,13.85,14.13,13.7,14.01,13.1618550513,3098400,0.0000,1.0
2006-11-10,13.64,13.88,13.51,13.84,13.0021466031,1993300,0.0000,1.0
2006-11-09,13.88,13.94,13.51,13.52,12.701518936,3160300,0.0000,1.0
2006-11-08,13.9,13.9,13.6,13.82,12.9833573739,3655200,0.0000,1.0
2006-11-07,13.8,14.11,13.71,13.89,13.0491196761,2944500,0.0000,1.0
2006-11-06,13.55,13.75,13.34,13.65,12.8236489258,3648100,0.0000,1.0
2006-11-03,13.57,13.66,13.44,13.54,12.7203081652,3464600,0.0000,1.0
2006-11-02,13.58,13.67,13.42,13.44,12.6263620192,3771500,0.0000,1.0
2006-11-01,14.04,14.1,13.6,13.64,12.8142543112,3423900,0.0000,1.0
2006-10-31,13.97,14.08,13.9,14.02,13.1712496659,3008900,0.0000,1.0
2006-10-30,13.94,14.05,13.84,13.97,13.1242765929,2614000,0.0000,1.0
2006-10-27,14.24,14.36,13.74,13.91,13.0679089053,3266900,0.0000,1.0
2006-10-26,14.2,14.27,13.93,14.23,13.3685365725,2842500,0.0000,1.0
2006-10-25,13.9,14.24,13.88,14.14,13.2839850411,3120600,0.0000,1.0
2006-10-24,13.99,14.28,13.76,13.8,12.9645681448,3271400,0.0000,1.0
2006-10-23,13.93,14.28,13.93,13.99,13.1430658221,4491800,0.0000,1.0
2006-10-20,14.0,14.27,13.7,14.06,13.2088281243,6626100,0.0000,1.0
2006-10-19,13.2,14.49,12.96,14.0,13.1524604367,13924300,0.0000,1.0
2006-10-18,14.0,14.02,13.12,13.2,12.4008912689,7451800,0.0000,1.0
2006-10-17,14.37,14.37,13.77,13.93,13.0866981345,3784800,0.0000,1.0
2006-10-16,14.25,14.46,14.07,14.37,13.5000611768,2416000,0.0000,1.0
2006-10-13,13.91,14.25,13.79,14.17,13.3121688849,3326000,0.0000,1.0
2006-10-12,13.6,13.89,13.42,13.85,13.0115412177,3699600,0.0000,1.0
2006-10-11,13.5,13.78,13.34,13.6,12.7766758528,2989700,0.0000,1.0
2006-10-10,13.66,13.76,13.49,13.53,12.7109135506,2225500,0.0000,1.0
2006-10-09,13.5,13.99,13.43,13.73,12.8988058426,2782100,0.0000,1.0
2006-10-06,13.37,13.59,13.2,13.5,12.6827297068,2561800,0.0000,1.0
2006-10-05,13.48,13.54,13.37,13.52,12.701518936,1518100,0.0000,1.0
2006-10-04,13.12,13.53,13.09,13.45,12.6357566338,3420500,0.0000,1.0
2006-10-03,13.11,13.42,12.98,13.22,12.4196804981,3314500,0.0000,1.0
2006-10-02,13.1,13.42,12.95,13.11,12.3163397375,3687700,0.0000,1.0
2006-09-29,13.7,13.7,13.15,13.16,12.3633128105,4546600,0.0000,1.0
2006-09-28,13.66,13.79,13.41,13.65,12.8236489258,3197400,0.0000,1.0
2006-09-27,13.88,14.23,13.66,13.72,12.889411228,1960800,0.0000,1.0
2006-09-26,13.95,14.04,13.68,13.95,13.1054873637,1808300,0.0000,1.0
2006-09-25,13.64,14.08,13.45,13.94,13.0960927491,2468300,0.0000,1.0
2006-09-22,14.19,14.19,13.41,13.55,12.7297027798,2063500,0.0000,1.0
2006-09-21,13.95,14.04,13.56,13.71,12.8800166134,3251800,0.0000,1.0
2006-09-20,13.8,13.9,13.65,13.85,13.0115412177,2185200,0.0000,1.0
2006-09-19,13.84,13.87,13.44,13.67,12.842438155,2357000,0.0000,1.0
2006-09-18,13.85,14.13,13.79,13.9,13.0585142907,2448100,0.0000,1.0
2006-09-15,14.24,14.24,13.83,13.95,13.1054873637,2442200,0.0000,1.0
2006-09-14,13.9,14.18,13.71,14.01,13.1618550513,3594300,0.0000,1.0
2006-09-13,14.29,14.41,13.83,13.9,13.0585142907,3416400,0.0000,1.0
2006-09-12,13.4,14.49,13.39,14.29,13.42490426,4166100,0.0000,1.0
2006-09-11,13.35,13.77,13.35,13.4,12.5887835608,2610900,0.0000,1.0
2006-09-08,13.55,13.62,13.13,13.54,12.7203081652,3843600,0.0000,1.0
2006-09-07,13.35,13.87,13.3,13.45,12.6357566338,3622400,0.0000,1.0
2006-09-06,13.72,13.72,13.31,13.32,12.5136266441,2731300,0.0000,1.0
2006-09-05,13.77,13.83,13.51,13.82,12.9833573739,3221500,0.0000,1.0
2006-09-01,14.15,14.16,13.67,13.72,12.889411228,2649300,0.0000,1.0
2006-08-31,14.21,14.21,13.9,14.04,13.1900388951,2602400,0.0000,1.0
2006-08-30,13.93,14.25,13.75,14.2,13.3403527287,2375300,0.0000,1.0
2006-08-29,13.62,13.92,13.6,13.9,13.0585142907,2599900,0.0000,1.0
2006-08-28,13.46,13.65,13.44,13.62,12.795465082,1984500,0.0000,1.0
2006-08-25,13.52,13.73,13.45,13.48,12.6639404776,2196400,0.0000,1.0
2006-08-24,13.35,13.66,13.35,13.55,12.7297027798,3742600,0.0000,1.0
2006-08-23,13.7,13.95,13.51,13.54,12.7203081652,1776300,0.0000,1.0
2006-08-22,13.58,13.88,13.56,13.69,12.8612273842,2037700,0.0000,1.0
2006-08-21,13.79,13.8,13.5,13.58,12.7578866236,1686300,0.0000,1.0
2006-08-18,13.7,13.83,13.41,13.81,12.9739627593,2482700,0.0000,1.0
2006-08-17,13.55,13.95,13.52,13.62,12.795465082,2423600,0.0000,1.0
2006-08-16,13.23,13.54,12.96,13.53,12.7109135506,4210300,0.0000,1.0
2006-08-15,13.06,13.31,13.06,13.2,12.4008912689,2295700,0.0000,1.0
2006-08-14,12.72,13.0,12.63,12.88,12.1002636018,1936300,0.0000,1.0
2006-08-11,12.86,12.93,12.5,12.54,11.7808467054,2206900,0.0000,1.0
2006-08-10,12.57,12.99,12.52,12.89,12.1096582164,1725200,0.0000,1.0
2006-08-09,13.04,13.22,12.75,12.76,11.9875282266,1888500,0.0000,1.0
2006-08-08,12.89,13.19,12.68,12.8,12.025106685,1652800,0.0000,1.0
2006-08-07,13.03,13.26,12.83,12.87,12.0908689872,2124900,0.0000,1.0
2006-08-04,13.31,13.62,12.9,13.04,12.2505774353,2333300,0.0000,1.0
2006-08-03,12.84,13.33,12.81,13.16,12.3633128105,2022300,0.0000,1.0
2006-08-02,12.84,13.12,12.84,12.96,12.1754205185,1478300,0.0000,1.0
2006-08-01,13.02,13.02,12.7,12.77,11.9969228412,1864800,0.0000,1.0
2006-07-31,13.0,13.28,12.77,13.14,12.3445235813,2952800,0.0000,1.0
2006-07-28,12.89,13.24,12.8,13.17,12.3727074251,2420800,0.0000,1.0
2006-07-27,12.98,13.12,12.7,12.74,11.9687389974,3344000,0.0000,1.0
2006-07-26,12.4,12.91,12.28,12.67,11.9029766952,2647500,0.0000,1.0
2006-07-25,12.83,12.83,12.36,12.53,11.7714520909,3155200,0.0000,1.0
2006-07-24,12.3,12.85,12.28,12.83,12.0532905288,3633900,0.0000,1.0
2006-07-21,11.79,12.32,11.79,12.26,11.5177974967,7455900,0.0000,1.0
2006-07-20,12.25,12.31,11.5,11.9,11.1795913712,8966000,0.0000,1.0
2006-07-19,12.52,12.99,12.3,12.79,12.0157120704,4384500,0.0000,1.0
2006-07-18,12.54,12.66,12.18,12.52,11.7620574763,2559900,0.0000,1.0
2006-07-17,12.58,12.81,12.51,12.54,11.7808467054,2221600,0.0000,1.0
2006-07-14,12.7,12.75,12.44,12.58,11.8184251638,2078300,0.0000,1.0
2006-07-13,12.6,13.13,12.48,12.58,11.8184251638,3156000,0.0000,1.0
2006-07-12,13.57,13.73,12.94,12.95,12.166025904,2381700,0.0000,1.0
2006-07-11,13.03,13.71,12.82,13.67,12.842438155,2704600,0.0000,1.0
2006-07-10,13.77,14.0,13.12,13.21,12.4102858835,2229600,0.0000,1.0
2006-07-07,13.82,14.05,13.59,13.73,12.8988058426,1625600,0.0000,1.0
2006-07-06,13.79,14.1,13.77,13.96,13.1148819783,2117800,0.0000,1.0
2006-07-05,14.13,14.14,13.61,13.78,12.9457789156,1871100,0.0000,1.0
2006-07-03,13.93,14.33,13.9,14.32,13.4530881038,863400,0.0000,1.0
2006-06-30,14.1,14.21,13.76,13.93,13.0866981345,1697100,0.0000,1.0
2006-06-29,13.46,14.15,13.41,14.09,13.2370119681,2484800,0.0000,1.0
2006-06-28,13.69,13.71,13.31,13.41,12.5981781754,2346100,0.0000,1.0
2006-06-27,14.0,14.01,13.55,13.66,12.8330435404,1750600,0.0000,1.0
2006-06-26,13.89,14.14,13.86,13.99,13.1430658221,1299100,0.0000,1.0
2006-06-23,14.17,14.17,13.74,13.88,13.0397250615,2052600,0.0000,1.0
2006-06-22,14.54,14.54,14.09,14.16,13.3027742703,1351700,0.0000,1.0
2006-06-21,14.18,14.86,14.1,14.55,13.6691642396,1621500,0.0000,1.0
2006-06-20,14.42,14.48,14.05,14.18,13.3215634995,1308800,0.0000,1.0
2006-06-19,14.42,14.63,14.25,14.42,13.5470342498,1860800,0.0000,1.0
2006-06-16,14.61,14.68,14.26,14.36,13.4906665622,1375900,0.0000,1.0
2006-06-15,14.09,14.62,14.09,14.61,13.7255319272,1862800,0.0000,1.0
2006-06-14,13.84,14.25,13.75,14.09,13.2370119681,1714400,0.0000,1.0
2006-06-13,13.86,14.18,13.76,13.83,12.9927519885,2812300,0.0000,1.0
2006-06-12,14.46,14.46,13.88,13.89,13.0491196761,1836900,0.0000,1.0
2006-06-09,14.48,14.75,14.24,14.36,13.4906665622,2039700,0.0000,1.0
2006-06-08,14.59,14.69,14.01,14.3,13.4342988746,3859200,0.0000,1.0
2006-06-07,15.25,15.32,14.75,14.76,13.8664511461,1662600,0.0000,1.0
2006-06-06,15.17,15.4,14.8,15.14,14.2234465008,3092600,0.0000,1.0
2006-06-05,15.8,15.8,14.95,14.99,14.0825272819,1955400,0.0000,1.0
2006-06-02,15.8,16.02,15.46,15.92,14.9562264395,3008900,0.0000,1.0
2006-06-01,15.55,15.82,15.37,15.7,14.7495449183,1971400,0.0000,1.0
2006-05-31,15.06,15.68,14.99,15.57,14.6274149285,3743000,0.0000,1.0
2006-05-30,15.15,15.24,14.77,14.96,14.0543434381,2465900,0.0000,1.0
2006-05-26,14.5,14.86,14.35,14.64,13.753715771,1684300,0.0000,1.0
2006-05-25,14.7,14.83,14.2,14.5,13.6221911666,3422200,0.0000,1.0
2006-05-24,14.83,15.06,14.12,14.35,13.4812719476,6081200,0.0000,1.0
2006-05-23,15.15,15.59,14.82,14.85,13.9510026775,2346700,0.0000,1.0
2006-05-22,15.27,15.39,14.87,15.02,14.1107111257,2429000,0.0000,1.0
2006-05-19,15.2,15.56,15.0,15.27,14.3455764906,2735500,0.0000,1.0
2006-05-18,15.43,15.6,15.33,15.4,14.4677064804,1717400,0.0000,1.0
2006-05-17,15.62,15.82,15.14,15.37,14.4395226366,1898900,0.0000,1.0
2006-05-16,15.7,16.13,15.48,15.75,14.7965179913,2138900,0.0000,1.0
2006-05-15,16.09,16.19,15.33,15.65,14.7025718453,2007700,0.0000,1.0
2006-05-12,16.0,16.17,15.86,16.09,15.1159348876,1702800,0.0000,1.0
2006-05-11,16.56,16.57,15.88,16.05,15.0783564292,3417500,0.0000,1.0
2006-05-10,17.3,17.39,16.73,16.8,15.782952524,1356500,0.0000,1.0
2006-05-09,17.58,17.61,17.31,17.39,16.3372347853,1217400,0.0000,1.0
2006-05-08,17.45,17.72,17.39,17.58,16.5157324627,926800,0.0000,1.0
2006-05-05,17.63,18.0,17.37,17.58,16.5157324627,1009500,0.0000,1.0
2006-05-04,17.37,17.8,17.3,17.55,16.4875486189,2296400,0.0000,1.0
2006-05-03,16.8,17.31,16.8,17.3,16.2526832539,1613800,0.0000,1.0
2006-05-02,16.77,17.04,16.7,16.9,15.87689867,1170900,0.0000,1.0
2006-05-01,16.8,16.93,16.55,16.65,15.6420333051,1748500,0.0000,1.0
2006-04-28,17.15,17.25,16.82,16.86,15.8393202116,2310700,0.0000,1.0
2006-04-27,16.8,17.5,16.6,17.2,16.158737108,3898500,0.0000,1.0
2006-04-26,16.82,17.05,16.65,16.89,15.8675040554,2964200,0.0000,1.0
2006-04-25,16.72,16.99,16.63,16.81,15.7923471386,1842400,0.0000,1.0
2006-04-24,16.72,16.82,16.41,16.68,15.6702171489,2073800,0.0000,1.0
2006-04-21,17.59,17.59,16.61,16.81,15.7923471386,3309100,0.0000,1.0
2006-04-20,16.75,17.43,16.45,17.37,16.3184455561,3996000,0.0000,1.0
2006-04-19,17.15,17.31,16.37,16.65,15.6420333051,5743900,0.0000,1.0
2006-04-18,15.89,16.76,15.89,16.55,15.5480871591,3695300,0.0000,1.0
2006-04-17,16.33,16.5,15.68,15.89,14.9280425957,2114800,0.0000,1.0
2006-04-13,15.66,16.42,15.66,16.23,15.247459492,2422900,0.0000,1.0
2006-04-12,15.68,15.91,15.51,15.6,14.6555987723,1493500,0.0000,1.0
2006-04-11,15.7,16.03,15.41,15.65,14.7025718453,2031300,0.0000,1.0
2006-04-10,16.02,16.02,15.54,15.75,14.7965179913,1766000,0.0000,1.0
2006-04-07,16.61,16.91,15.94,16.01,15.0407779708,2982500,0.0000,1.0
2006-04-06,16.21,16.54,16.12,16.5,15.5011140861,1702500,0.0000,1.0
2006-04-05,15.75,16.27,15.74,16.2,15.2192756482,2341100,0.0000,1.0
2006-04-04,15.89,15.92,15.42,15.66,14.7119664599,1986200,0.0000,1.0
2006-04-03,15.59,16.16,15.42,15.89,14.9280425957,2493100,0.0000,1.0
2006-03-31,15.65,15.8,15.38,15.51,14.5710472409,1947500,0.0000,1.0
2006-03-30,15.57,15.86,15.52,15.68,14.7307556891,2712300,0.0000,1.0
2006-03-29,15.16,15.5,14.95,15.49,14.5522580118,2140500,0.0000,1.0
2006-03-28,15.17,15.31,14.97,15.05,14.1388949695,2290600,0.0000,1.0
2006-03-27,15.23,15.48,15.21,15.22,14.2986034176,1629700,0.0000,1.0
2006-03-24,15.11,15.4,14.99,15.3,14.3737603344,2049800,0.0000,1.0
2006-03-23,14.95,15.24,14.94,15.04,14.1295003549,2499100,0.0000,1.0
2006-03-22,14.97,15.16,14.83,14.98,14.0731326673,1906500,0.0000,1.0
2006-03-21,15.06,15.52,14.93,15.18,14.2610249592,2993900,0.0000,1.0
2006-03-20,15.05,15.26,14.97,15.04,14.1295003549,1973300,0.0000,1.0
2006-03-17,14.8,15.53,14.63,14.96,14.0543434381,3917300,0.0000,1.0
2006-03-16,15.92,15.92,14.74,14.78,13.8852403753,5530900,0.0000,1.0
2006-03-15,16.0,16.17,15.81,15.92,14.9562264395,2682200,0.0000,1.0
2006-03-14,15.55,15.98,15.52,15.88,14.9186479811,2222800,0.0000,1.0
2006-03-13,15.71,15.94,15.6,15.64,14.6931772307,1455400,0.0000,1.0
2006-03-10,15.47,15.91,15.3,15.72,14.7683341475,2616500,0.0000,1.0
2006-03-09,15.82,16.02,15.48,15.51,14.5710472409,2338900,0.0000,1.0
2006-03-08,15.78,16.01,15.3,15.75,14.7965179913,4669000,0.0000,1.0
2006-03-07,16.41,16.41,15.6,15.79,14.8340964497,6843100,0.0000,1.0
2006-03-06,17.1,17.1,16.38,16.41,15.4165625547,4485200,0.0000,1.0
2006-03-03,17.25,17.42,17.03,17.04,16.0084232744,3895900,0.0000,1.0
2006-03-02,17.35,17.67,17.23,17.35,16.2996563269,4147100,0.0000,1.0
2006-03-01,16.84,17.73,16.84,17.66,16.5908893794,5953900,0.0000,1.0
2006-02-28,16.8,16.96,16.6,16.79,15.7735579094,3537200,0.0000,1.0
2006-02-27,16.99,17.2,16.87,16.96,15.9332663576,2450600,0.0000,1.0
2006-02-24,17.14,17.23,16.95,17.0,15.970844816,2525100,0.0000,1.0
2006-02-23,17.11,17.32,16.82,17.14,16.1023694204,2371700,0.0000,1.0
2006-02-22,16.95,17.39,16.65,17.11,16.0741855766,2885300,0.0000,1.0
2006-02-21,17.17,17.2,16.82,16.95,15.923871743,1951500,0.0000,1.0
2006-02-17,17.6,17.65,17.16,17.22,16.1775263371,1893400,0.0000,1.0
2006-02-16,17.5,17.54,17.0,17.39,16.3372347853,2873200,0.0000,1.0
2006-02-15,17.13,17.39,16.98,17.33,16.2808670977,1360600,0.0000,1.0
2006-02-14,16.64,17.22,16.52,17.22,16.1775263371,1711800,0.0000,1.0
2006-02-13,16.84,16.95,16.54,16.64,15.6326386905,1432000,0.0000,1.0
2006-02-10,17.38,17.38,16.78,16.97,15.9426609722,2019600,0.0000,1.0
2006-02-09,17.4,17.79,17.3,17.39,16.3372347853,2820300,0.0000,1.0
2006-02-08,17.04,17.44,17.0,17.37,16.3184455561,2117100,0.0000,1.0
2006-02-07,17.38,17.43,16.83,16.89,15.8675040554,2604800,0.0000,1.0
2006-02-06,16.85,17.37,16.78,17.36,16.3090509415,1589500,0.0000,1.0
2006-02-03,16.85,17.33,16.5,16.85,15.829925597,2652000,0.0000,1.0
2006-02-02,17.85,18.05,16.99,17.0,15.970844816,3098900,0.0000,1.0
2006-02-01,17.42,17.93,17.42,17.86,16.7787816714,2742700,0.0000,1.0
2006-01-31,17.59,17.67,17.24,17.42,16.3654186291,3399900,0.0000,1.0
2006-01-30,17.87,18.08,17.53,17.58,16.5157324627,2041300,0.0000,1.0
2006-01-27,17.91,18.05,17.7,17.9,16.8163601298,2969200,0.0000,1.0
2006-01-26,17.3,17.9,17.15,17.66,16.5908893794,4878100,0.0000,1.0
2006-01-25,16.99,17.17,16.84,17.11,16.0741855766,3231600,0.0000,1.0
2006-01-24,16.55,17.22,16.47,16.96,15.9332663576,6428600,0.0000,1.0
2006-01-23,16.16,16.36,15.94,16.3,15.3132217942,2438500,0.0000,1.0
2006-01-20,16.81,16.81,16.06,16.09,15.1159348876,3596000,0.0000,1.0
2006-01-19,17.2,17.25,16.79,16.81,15.7923471386,4055500,0.0000,1.0
2006-01-18,16.65,17.36,16.14,16.99,15.9614502014,9518100,0.0000,1.0
2006-01-17,16.1,16.15,15.62,15.9,14.9374372103,3559200,0.0000,1.0
2006-01-13,16.43,16.49,16.0,16.24,15.2568541066,4103200,0.0000,1.0
2006-01-12,16.5,16.5,16.3,16.43,15.4353517839,4071200,0.0000,1.0
2006-01-11,16.08,16.45,15.95,16.39,15.3977733255,4017300,0.0000,1.0
2006-01-10,15.64,16.08,15.4,16.03,15.0595672,2212400,0.0000,1.0
2006-01-09,15.65,15.9,15.56,15.69,14.7401503037,1735400,0.0000,1.0
2006-01-06,15.44,15.8,15.3,15.7,14.7495449183,2530800,0.0000,1.0
2006-01-05,14.74,15.33,14.68,15.19,14.2704195738,2284200,0.0000,1.0
2006-01-04,14.81,15.04,14.58,14.7,13.8100834585,1607800,0.0000,1.0
2006-01-03,14.5,14.88,14.22,14.78,13.8852403753,2081600,0.0000,1.0
2005-12-30,14.51,14.65,14.25,14.57,13.6879534688,1156300,0.0000,1.0
2005-12-29,14.63,14.7,14.53,14.61,13.7255319272,913000,0.0000,1.0
2005-12-28,14.65,14.67,14.36,14.62,13.7349265418,1026300,0.0000,1.0
2005-12-27,14.83,14.85,14.56,14.66,13.7725050001,1289400,0.0000,1.0
2005-12-23,14.96,15.05,14.63,14.73,13.8382673023,1332900,0.0000,1.0
2005-12-22,14.63,14.97,14.63,14.95,14.0449488235,1589600,0.0000,1.0
2005-12-21,14.33,14.61,14.3,14.6,13.7161373126,1976900,0.0000,1.0
2005-12-20,14.45,14.6,14.26,14.3,13.4342988746,2279000,0.0000,1.0
2005-12-19,14.35,14.79,14.11,14.16,13.3027742703,2928000,0.0000,1.0
2005-12-16,15.69,15.69,14.63,14.78,13.8852403753,5927500,0.0000,1.0
2005-12-15,15.49,15.75,15.38,15.68,14.7307556891,2453400,0.0000,1.0
2005-12-14,15.4,15.63,15.31,15.45,14.5146795534,2088700,0.0000,1.0
2005-12-13,15.5,15.66,15.09,15.5,14.5616526264,4600000,0.0000,1.0
2005-12-12,15.45,15.7,15.3,15.59,14.6462041577,2151600,0.0000,1.0
2005-12-09,14.98,15.4,14.95,15.34,14.4113387928,2563200,0.0000,1.0
2005-12-08,15.3,15.51,14.86,14.99,14.0825272819,3307400,0.0000,1.0
2005-12-07,15.54,15.63,15.17,15.25,14.3267872614,3094700,0.0000,1.0
2005-12-06,15.42,15.82,15.4,15.52,14.5804418555,2655800,0.0000,1.0
2005-12-05,15.4,15.48,15.12,15.43,14.4958903242,2373700,0.0000,1.0
2005-12-02,15.68,15.84,15.32,15.46,14.524074168,3320300,0.0000,1.0
2005-12-01,14.9,15.97,14.63,15.79,14.8340964497,7151400,0.0000,1.0
2005-11-30,14.24,14.73,14.17,14.63,13.7443211564,3929600,0.0000,1.0
2005-11-29,14.66,14.72,14.15,14.23,13.3685365725,2332300,0.0000,1.0
2005-11-28,15.0,15.05,14.43,14.59,13.706742698,4031300,0.0000,1.0
2005-11-25,14.45,14.91,14.44,14.84,13.9416080629,1297200,0.0000,1.0
2005-11-23,14.19,14.46,14.15,14.33,13.4624827184,2946200,0.0000,1.0
2005-11-22,13.9,14.39,13.88,14.29,13.42490426,2442000,0.0000,1.0
2005-11-21,14.15,14.16,13.93,13.98,13.1336712075,2546700,0.0000,1.0
2005-11-18,14.46,14.68,14.04,14.05,13.1994335097,5642200,0.0000,1.0
2005-11-17,14.26,14.64,14.07,14.46,13.5846127082,3088100,0.0000,1.0
2005-11-16,14.65,14.74,14.02,14.31,13.4436934892,3799600,0.0000,1.0
2005-11-15,14.4,15.05,14.39,14.68,13.7912942293,5306900,0.0000,1.0
2005-11-14,13.98,14.4,13.92,14.25,13.3873258016,3082000,0.0000,1.0
2005-11-11,14.09,14.19,13.91,13.98,13.1336712075,3097800,0.0000,1.0
2005-11-10,13.76,14.16,13.66,14.05,13.1994335097,4698500,0.0000,1.0
2005-11-09,13.76,13.8,13.39,13.65,12.8236489258,3538000,0.0000,1.0
2005-11-08,13.81,14.14,13.7,13.84,13.0021466031,2097800,0.0000,1.0
2005-11-07,14.26,14.33,13.82,13.96,13.1148819783,3459900,0.0000,1.0
2005-11-04,14.25,14.6,14.06,14.22,13.3591419579,3630400,0.0000,1.0
2005-11-03,13.9,14.16,13.72,13.94,13.0960927491,3100900,0.0000,1.0
2005-11-02,13.55,13.93,13.49,13.73,12.8988058426,2518200,0.0000,1.0
2005-11-01,13.54,13.56,13.21,13.49,12.6733350922,2577800,0.0000,1.0
2005-10-31,13.48,13.79,13.48,13.54,12.7203081652,2585700,0.0000,1.0
2005-10-28,13.56,13.61,12.98,13.4,12.5887835608,3479800,0.0000,1.0
2005-10-27,13.87,13.92,13.46,13.56,12.7390973944,2344000,0.0000,1.0
2005-10-26,14.33,14.45,13.97,14.0,13.1524604367,1966600,0.0000,1.0
2005-10-25,14.13,14.62,14.11,14.43,13.5564288644,2993400,0.0000,1.0
2005-10-24,14.1,14.25,13.95,14.13,13.2745904265,2483300,0.0000,1.0
2005-10-21,14.0,14.21,13.69,14.06,13.2088281243,4538700,0.0000,1.0
2005-10-20,14.21,14.5,13.77,13.95,13.1054873637,3488500,0.0000,1.0
2005-10-19,14.63,14.8,13.35,14.29,13.42490426,11587900,0.0000,1.0
2005-10-18,14.45,14.53,13.8,13.93,13.0866981345,5179700,0.0000,1.0
2005-10-17,14.23,14.49,14.09,14.37,13.5000611768,2581100,0.0000,1.0
2005-10-14,14.58,14.6,14.02,14.23,13.3685365725,3117300,0.0000,1.0
2005-10-13,14.38,14.55,13.96,14.37,13.5000611768,4438900,0.0000,1.0
2005-10-12,14.64,14.81,13.98,14.19,13.3309581141,5168500,0.0000,1.0
2005-10-11,15.35,15.47,14.55,14.69,13.8006888439,4559000,0.0000,1.0
2005-10-10,16.3,16.3,15.01,15.17,14.2516303446,3151700,0.0000,1.0
2005-10-07,15.75,16.01,15.74,15.93,14.965621054,1355100,0.0000,1.0
2005-10-06,15.88,15.95,15.4,15.64,14.6931772307,3512500,0.0000,1.0
2005-10-05,16.3,16.35,15.84,15.87,14.9092533665,2846900,0.0000,1.0
2005-10-04,16.55,16.81,16.28,16.29,15.3038271796,2384500,0.0000,1.0
2005-10-03,16.81,16.99,16.53,16.56,15.5574817737,3196100,0.0000,1.0
2005-09-30,16.29,16.66,16.23,16.5,15.5011140861,3122800,0.0000,1.0
2005-09-29,15.85,16.27,15.57,16.23,15.247459492,4573600,0.0000,1.0
2005-09-28,15.58,16.15,15.51,15.99,15.0219887416,4903300,0.0000,1.0
2005-09-27,15.74,15.76,14.85,15.25,14.3267872614,3705100,0.0000,1.0
2005-09-26,15.85,16.1,15.39,15.49,14.5522580118,1744700,0.0000,1.0
2005-09-23,15.76,15.97,15.62,15.71,14.7589395329,1764100,0.0000,1.0
2005-09-22,15.42,15.93,15.1,15.76,14.8059126059,2426100,0.0000,1.0
2005-09-21,15.75,16.05,15.41,15.47,14.5334687826,2313300,0.0000,1.0
2005-09-20,15.87,16.19,15.54,15.58,14.6368095431,1897700,0.0000,1.0
2005-09-19,16.16,16.24,15.37,15.83,14.8716749081,2246600,0.0000,1.0
2005-09-16,16.36,16.48,15.85,16.28,15.294432565,2417100,0.0000,1.0
2005-09-15,16.69,16.87,16.02,16.36,15.3695894817,2140800,0.0000,1.0
2005-09-14,17.15,17.18,16.56,16.65,15.6420333051,1416000,0.0000,1.0
2005-09-13,17.0,17.3,16.93,17.08,16.0460017328,1998800,0.0000,1.0
2005-09-12,16.62,17.2,16.58,17.1,16.064790962,2530900,0.0000,1.0
2005-09-09,16.47,16.71,16.34,16.68,15.6702171489,1134500,0.0000,1.0
2005-09-08,16.4,16.64,16.31,16.44,15.4447463985,1530800,0.0000,1.0
2005-09-07,16.67,16.85,16.4,16.53,15.5292979299,1616200,0.0000,1.0
2005-09-06,16.81,16.83,16.5,16.73,15.7171902219,1931100,0.0000,1.0
2005-09-02,16.9,16.94,16.57,16.81,15.7923471386,1465200,0.0000,1.0
2005-09-01,16.75,16.86,16.43,16.75,15.7359794511,2935300,0.0000,1.0
2005-08-31,16.48,16.81,16.28,16.8,15.782952524,2147100,0.0000,1.0
2005-08-30,16.72,16.75,16.3,16.52,15.5199033153,2241700,0.0000,1.0
2005-08-29,16.04,16.65,15.96,16.62,15.6138494613,2900400,0.0000,1.0
2005-08-26,16.25,16.26,15.87,16.15,15.1723025752,3490800,0.0000,1.0
2005-08-25,15.9,16.37,15.9,16.22,15.2380648774,3856900,0.0000,1.0
2005-08-24,15.57,15.98,15.36,15.9,14.9374372103,4072200,0.0000,1.0
2005-08-23,15.74,15.85,15.31,15.56,14.6180203139,1647600,0.0000,1.0
2005-08-22,15.69,15.8,15.31,15.59,14.6462041577,1948800,0.0000,1.0
2005-08-19,15.82,15.92,15.48,15.69,14.7401503037,3050500,0.0000,1.0
2005-08-18,15.49,15.51,15.16,15.34,14.4113387928,2809400,0.0000,1.0
2005-08-17,15.22,15.81,15.22,15.68,14.7307556891,3469300,0.0000,1.0
2005-08-16,15.5,15.55,15.07,15.09,14.1764734278,2092300,0.0000,1.0
2005-08-15,15.23,15.92,15.23,15.81,14.8528856789,2613000,0.0000,1.0
2005-08-12,15.19,15.2,14.93,15.05,14.1388949695,1761700,0.0000,1.0
2005-08-11,14.91,15.4,14.85,15.36,14.430128022,2710800,0.0000,1.0
2005-08-10,15.11,15.35,14.69,14.82,13.9228188337,1671600,0.0000,1.0
2005-08-09,14.93,15.23,14.9,15.08,14.1670788133,1041300,0.0000,1.0
2005-08-08,15.2,15.2,14.82,14.85,13.9510026775,1183100,0.0000,1.0
2005-08-05,14.88,15.1,14.72,15.06,14.1482895841,1620400,0.0000,1.0
2005-08-04,15.46,15.49,14.83,14.96,14.0543434381,2548800,0.0000,1.0
2005-08-03,15.75,15.85,15.44,15.59,14.6462041577,2309700,0.0000,1.0
2005-08-02,15.42,15.85,15.33,15.81,14.8528856789,2542300,0.0000,1.0
2005-08-01,15.57,15.75,15.26,15.33,14.4019441782,1951500,0.0000,1.0
2005-07-29,15.47,15.7,15.33,15.53,14.5898364701,2458100,0.0000,1.0
2005-07-28,15.33,15.67,15.28,15.47,14.5334687826,2772200,0.0000,1.0
2005-07-27,15.79,15.79,15.2,15.33,14.4019441782,4169200,0.0000,1.0
2005-07-26,15.92,15.94,15.59,15.77,14.8153072205,2304900,0.0000,1.0
2005-07-25,15.97,15.99,15.63,15.7,14.7495449183,2865400,0.0000,1.0
2005-07-22,16.13,16.19,15.52,15.93,14.965621054,4051900,0.0000,1.0
2005-07-21,16.37,16.7,15.96,16.05,15.0783564292,5709300,0.0000,1.0
2005-07-20,15.0,16.46,14.72,16.3,15.3132217942,14556700,0.0000,1.0
2005-07-19,13.67,13.88,13.63,13.71,12.8800166134,1835300,0.0000,1.0
2005-07-18,13.86,13.86,13.42,13.55,12.7297027798,1963100,0.0000,1.0
2005-07-15,14.0,14.0,13.53,13.8,12.9645681448,1452600,0.0000,1.0
2005-07-14,13.87,14.08,13.62,13.88,13.0397250615,1838100,0.0000,1.0
2005-07-13,13.7,13.84,13.36,13.72,12.889411228,2910300,0.0000,1.0
2005-07-12,13.35,13.76,13.22,13.7,12.8706219988,3552000,0.0000,1.0
2005-07-11,12.8,13.44,12.77,13.41,12.5981781754,3818600,0.0000,1.0
2005-07-08,12.01,12.81,11.94,12.74,11.9687389974,4291300,0.0000,1.0
2005-07-07,11.78,11.99,11.7,11.93,11.207775215,1818600,0.0000,1.0
2005-07-06,11.72,12.08,11.6,11.85,11.1326182982,4309500,0.0000,1.0
2005-07-05,11.78,12.02,11.7,11.71,11.0010936938,2695100,0.0000,1.0
2005-07-01,12.02,12.1,11.71,11.86,11.1420129128,1874900,0.0000,1.0
2005-06-30,12.11,12.28,11.86,11.97,11.2453536734,3800800,0.0000,1.0
2005-06-29,12.72,12.79,12.13,12.2,11.4614298091,3614300,0.0000,1.0
2005-06-28,12.86,12.94,12.7,12.72,11.9499497682,3068400,0.0000,1.0
2005-06-27,13.15,13.25,12.78,12.84,12.0626851434,2173700,0.0000,1.0
2005-06-24,13.6,13.64,13.13,13.2,12.4008912689,1806400,0.0000,1.0
2005-06-23,13.75,14.32,13.65,13.73,12.8988058426,2468600,0.0000,1.0
2005-06-22,13.7,13.88,13.59,13.75,12.9175950718,1445500,0.0000,1.0
2005-06-21,13.51,13.79,13.49,13.65,12.8236489258,1850700,0.0000,1.0
2005-06-20,13.66,13.66,13.41,13.51,12.6921243214,1739200,0.0000,1.0
2005-06-17,13.6,13.85,13.45,13.76,12.9269896864,2865600,0.0000,1.0
2005-06-16,13.18,13.44,13.13,13.35,12.5418104879,1101100,0.0000,1.0
2005-06-15,13.2,13.33,12.75,13.19,12.3914966543,2040800,0.0000,1.0
2005-06-14,13.26,13.36,12.99,13.05,12.2599720499,1891000,0.0000,1.0
2005-06-13,13.19,13.41,13.09,13.29,12.4854428003,1334500,0.0000,1.0
2005-06-10,13.52,13.63,13.1,13.15,12.3539181959,1220400,0.0000,1.0
2005-06-09,13.25,13.46,12.91,13.43,12.6169674046,2011700,0.0000,1.0
2005-06-08,13.33,13.48,13.18,13.27,12.4666535711,1350600,0.0000,1.0
2005-06-07,13.2,13.55,13.07,13.08,12.2881558937,1842000,0.0000,1.0
2005-06-06,13.38,13.39,13.1,13.13,12.3351289667,1588300,0.0000,1.0
2005-06-03,13.79,13.84,13.44,13.44,12.6263620192,2349700,0.0000,1.0
2005-06-02,13.25,13.84,13.24,13.82,12.9833573739,2438100,0.0000,1.0
2005-06-01,12.98,13.34,12.89,13.26,12.4572589565,2323600,0.0000,1.0
2005-05-31,13.21,13.4,12.99,13.01,12.2223935915,1525800,0.0000,1.0
2005-05-27,13.24,13.24,12.95,13.1,12.3069451229,1122900,0.0000,1.0
2005-05-26,12.9,13.29,12.9,13.26,12.4572589565,1693600,0.0000,1.0
2005-05-25,13.15,13.15,12.74,12.85,12.072079758,1430900,0.0000,1.0
2005-05-24,13.01,13.22,12.86,13.18,12.3821020397,1411800,0.0000,1.0
2005-05-23,13.16,13.16,12.87,12.99,12.2036043623,1730300,0.0000,1.0
2005-05-20,13.2,13.22,12.97,13.15,12.3539181959,1555600,0.0000,1.0
2005-05-19,12.97,13.28,12.75,13.07,12.2787612791,2882100,0.0000,1.0
2005-05-18,12.56,13.01,12.47,12.97,12.1848151331,3194700,0.0000,1.0
2005-05-17,12.28,12.7,12.26,12.55,11.79024132,2438100,0.0000,1.0
2005-05-16,12.34,12.5,12.15,12.32,11.5741651843,3300300,0.0000,1.0
2005-05-13,11.96,12.48,11.91,12.37,11.6211382573,5443700,0.0000,1.0
2005-05-12,11.88,12.0,11.63,11.8,11.0856452252,3230800,0.0000,1.0
2005-05-11,11.27,11.58,11.14,11.5,10.8038067873,2904900,0.0000,1.0
2005-05-10,11.32,11.42,11.17,11.22,10.5407575786,1914300,0.0000,1.0
2005-05-09,11.41,11.51,11.27,11.42,10.7286498705,1792800,0.0000,1.0
2005-05-06,11.38,11.43,11.23,11.38,10.6910714121,1643700,0.0000,1.0
2005-05-05,11.35,11.56,11.16,11.3,10.6159144953,2219800,0.0000,1.0
2005-05-04,11.21,11.46,11.1,11.41,10.7192552559,2214700,0.0000,1.0
2005-05-03,10.97,11.28,10.94,11.11,10.437416818,2968500,0.0000,1.0
2005-05-02,11.12,11.19,10.89,10.97,10.3058922136,2077300,0.0000,1.0
2005-04-29,11.11,11.14,10.8,11.02,10.3528652866,3447600,0.0000,1.0
2005-04-28,11.05,11.3,10.92,10.95,10.2871029844,1756200,0.0000,1.0
2005-04-27,11.2,11.3,11.0,11.22,10.5407575786,3885100,0.0000,1.0
2005-04-26,11.3,11.67,11.23,11.29,10.6065198807,3402400,0.0000,1.0
2005-04-25,11.64,11.78,11.48,11.58,10.8789637041,3319900,0.0000,1.0
2005-04-22,12.0,12.0,11.46,11.57,10.8695690895,3658500,0.0000,1.0
2005-04-21,12.25,12.4,11.89,12.04,11.3111159756,4453500,0.0000,1.0
2005-04-20,13.18,13.25,12.1,12.14,11.4050621215,4174600,0.0000,1.0
2005-04-19,12.85,13.1,12.73,13.09,12.2975505083,3553600,0.0000,1.0
2005-04-18,12.25,12.92,12.25,12.71,11.9405551536,3147000,0.0000,1.0
2005-04-15,12.6,12.69,12.17,12.3,11.5553759551,5693400,0.0000,1.0
2005-04-14,13.28,13.33,12.81,12.81,12.0345012996,3188100,0.0000,1.0
2005-04-13,13.97,13.97,13.21,13.25,12.4478643419,2858200,0.0000,1.0
2005-04-12,13.92,14.04,13.61,13.97,13.1242765929,2161700,0.0000,1.0
2005-04-11,14.26,14.33,14.03,14.04,13.1900388951,1775900,0.0000,1.0
2005-04-08,14.24,14.48,14.21,14.26,13.3967204162,1955500,0.0000,1.0
2005-04-07,13.87,14.32,13.82,14.3,13.4342988746,4142500,0.0000,1.0
2005-04-06,13.84,14.02,13.8,13.84,13.0021466031,2132900,0.0000,1.0
2005-04-05,13.8,13.93,13.64,13.71,12.8800166134,2236500,0.0000,1.0
2005-04-04,14.35,14.35,13.67,13.8,12.9645681448,3632800,0.0000,1.0
2005-04-01,14.68,14.71,14.22,14.29,13.42490426,1771400,0.0000,1.0
2005-03-31,14.82,14.92,14.54,14.6,13.7161373126,3508600,0.0000,1.0
2005-03-30,14.34,14.82,14.21,14.82,13.9228188337,2684000,0.0000,1.0
2005-03-29,14.61,14.72,14.17,14.24,13.377931187,2131500,0.0000,1.0
2005-03-28,14.72,14.89,14.69,14.71,13.8194780731,1873300,0.0000,1.0
2005-03-24,14.5,14.89,14.5,14.65,13.7631103856,1723500,0.0000,1.0
2005-03-23,14.44,14.76,14.41,14.42,13.5470342498,1975200,0.0000,1.0
2005-03-22,14.66,14.78,14.38,14.41,13.5376396352,1471400,0.0000,1.0
2005-03-21,14.43,14.71,14.23,14.58,13.6973480834,1263800,0.0000,1.0
2005-03-18,14.78,14.79,14.38,14.41,13.5376396352,1785500,0.0000,1.0
2005-03-17,14.7,14.92,14.61,14.68,13.7912942293,1645300,0.0000,1.0
2005-03-16,14.83,15.09,14.51,14.58,13.6973480834,1875700,0.0000,1.0
2005-03-15,15.25,15.25,14.9,14.93,14.0261595943,2203300,0.0000,1.0
2005-03-14,14.95,15.19,14.9,15.13,14.2140518862,918500,0.0000,1.0
2005-03-11,15.37,15.38,14.89,14.95,14.0449488235,2593200,0.0000,1.0
2005-03-10,15.27,15.45,15.09,15.3,14.3737603344,1941800,0.0000,1.0
2005-03-09,15.26,15.45,15.2,15.3,14.3737603344,1757500,0.0000,1.0
2005-03-08,15.31,15.6,15.15,15.26,14.336181876,1753500,0.0000,1.0
2005-03-07,15.2,15.62,15.16,15.37,14.4395226366,2985200,0.0000,1.0
2005-03-04,15.65,15.65,15.12,15.19,14.2704195738,2154900,0.0000,1.0
2005-03-03,15.9,15.92,15.3,15.51,14.5710472409,2330600,0.0000,1.0
2005-03-02,15.75,15.91,15.42,15.73,14.7777287621,2801400,0.0000,1.0
2005-03-01,15.6,16.01,15.48,16.0,15.0313833562,2489000,0.0000,1.0
2005-02-28,15.77,16.1,15.23,15.42,14.4864957096,2043500,0.0000,1.0
2005-02-25,15.42,15.9,15.2,15.86,14.8998587519,2172100,0.0000,1.0
2005-02-24,15.08,15.47,14.75,15.42,14.4864957096,2486800,0.0000,1.0
2005-02-23,15.28,15.45,14.81,15.07,14.1576841987,2322800,0.0000,1.0
2005-02-22,15.22,15.85,15.09,15.18,14.2610249592,2559300,0.0000,1.0
2005-02-18,14.94,15.42,14.91,15.33,14.4019441782,1956500,0.0000,1.0
2005-02-17,15.8,15.86,15.1,15.15,14.2328411154,2603200,0.0000,1.0
2005-02-16,15.86,16.05,15.5,15.74,14.7871233767,2513900,0.0000,1.0
2005-02-15,15.34,16.18,15.3,15.86,14.8998587519,4614500,0.0000,1.0
2005-02-14,15.68,15.68,15.19,15.37,14.4395226366,1541100,0.0000,1.0
2005-02-11,14.81,15.81,14.65,15.59,14.6462041577,3629300,0.0000,1.0
2005-02-10,14.95,15.33,14.7,14.84,13.9416080629,3304700,0.0000,1.0
2005-02-09,15.05,15.05,14.55,14.65,13.7631103856,2007800,0.0000,1.0
2005-02-08,14.6,15.19,14.5,15.11,14.195262657,2973700,0.0000,1.0
2005-02-07,14.4,14.64,14.32,14.53,13.6503750104,1811600,0.0000,1.0
2005-02-04,14.15,14.64,14.12,14.5,13.6221911666,2887100,0.0000,1.0
2005-02-03,14.37,14.37,13.94,14.12,13.2651958119,1287500,0.0000,1.0
2005-02-02,14.5,14.58,14.18,14.39,13.518850406,2179700,0.0000,1.0
2005-02-01,14.09,14.52,14.03,14.5,13.6221911666,2888600,0.0000,1.0
2005-01-31,13.95,14.12,13.86,14.03,13.1806442805,1778200,0.0000,1.0
2005-01-28,14.0,14.0,13.54,13.75,12.9175950718,2484800,0.0000,1.0
2005-01-27,13.87,14.05,13.69,13.94,13.0960927491,1774600,0.0000,1.0
2005-01-26,13.83,13.9,13.6,13.85,13.0115412177,2219700,0.0000,1.0
2005-01-25,13.72,13.96,13.53,13.64,12.8142543112,2646900,0.0000,1.0
2005-01-24,13.87,14.08,13.53,13.56,12.7390973944,2101600,0.0000,1.0
2005-01-21,14.15,14.35,13.76,13.88,13.0397250615,3899800,0.0000,1.0
2005-01-20,14.36,14.59,14.11,14.18,13.3215634995,3623400,0.0000,1.0
2005-01-19,15.0,15.18,14.23,14.36,13.4906665622,4897200,0.0000,1.0
2005-01-18,15.05,15.4,15.04,15.34,14.4113387928,3017200,0.0000,1.0
2005-01-14,14.98,15.26,14.95,15.2,14.2798141884,2753900,0.0000,1.0
2005-01-13,15.23,15.31,14.78,14.86,13.9603972921,2886400,0.0000,1.0
2005-01-12,15.2,15.64,15.08,15.19,14.2704195738,4441400,0.0000,1.0
2005-01-11,15.2,15.21,14.77,14.84,13.9416080629,3176300,0.0000,1.0
2005-01-10,15.53,15.61,15.23,15.36,14.430128022,1782500,0.0000,1.0
2005-01-07,15.45,15.93,15.26,15.5,14.5616526264,3932300,0.0000,1.0
2005-01-06,15.46,15.53,15.14,15.17,14.2516303446,3600000,0.0000,1.0
2005-01-05,15.56,15.69,15.15,15.36,14.430128022,3534500,0.0000,1.0
2005-01-04,16.58,16.63,15.34,15.57,14.6274149285,4230800,0.0000,1.0
2005-01-03,17.1,17.33,16.45,16.57,15.5668763883,2223100,0.0000,1.0
2004-12-31,17.08,17.3,16.99,17.07,16.0366071182,1069000,0.0000,1.0
2004-12-30,16.8,17.21,16.8,17.18,16.1399478788,2064300,0.0000,1.0
2004-12-29,16.49,16.98,16.49,16.75,15.7359794511,1210200,0.0000,1.0
2004-12-28,16.41,16.71,16.34,16.58,15.5762710029,1133700,0.0000,1.0
2004-12-27,16.61,16.7,16.37,16.4,15.4071679401,1239300,0.0000,1.0
2004-12-23,16.18,16.58,16.04,16.55,15.5480871591,2285900,0.0000,1.0
2004-12-22,16.2,16.42,16.16,16.2,15.2192756482,1173900,0.0000,1.0
2004-12-21,16.17,16.27,15.96,16.19,15.2098810336,2194700,0.0000,1.0
2004-12-20,16.51,16.66,16.01,16.02,15.0501725854,1835400,0.0000,1.0
2004-12-17,16.35,16.55,16.33,16.47,15.4729302423,2807200,0.0000,1.0
2004-12-16,16.5,16.88,16.27,16.41,15.4165625547,2346800,0.0000,1.0
2004-12-15,16.78,16.9,16.6,16.75,15.7359794511,1943000,0.0000,1.0
2004-12-14,16.75,17.0,16.7,16.75,15.7359794511,2429200,0.0000,1.0
2004-12-13,16.75,16.85,16.42,16.6,15.5950602321,3681400,0.0000,1.0
2004-12-10,16.88,16.95,16.59,16.65,15.6420333051,2349200,0.0000,1.0
2004-12-09,16.75,17.13,16.41,16.87,15.8487148262,4558000,0.0000,1.0
2004-12-08,17.75,17.76,17.32,17.46,16.4029970875,3079200,0.0000,1.0
2004-12-07,18.52,18.7,17.88,17.88,16.7975709006,1826800,0.0000,1.0
2004-12-06,18.3,18.59,18.0,18.43,17.3142747035,1507100,0.0000,1.0
2004-12-03,18.5,18.97,18.47,18.58,17.4551939224,3305700,0.0000,1.0
2004-12-02,17.9,18.74,17.83,18.17,17.0700147239,4771200,0.0000,1.0
2004-12-01,17.31,17.83,17.26,17.77,16.69423014,2855700,0.0000,1.0
2004-11-30,17.75,17.82,17.05,17.06,16.0272125036,2389500,0.0000,1.0
2004-11-29,17.77,17.94,17.37,17.75,16.6754409108,2156000,0.0000,1.0
2004-11-26,17.59,17.81,17.59,17.62,16.5533109211,409900,0.0000,1.0
2004-11-24,17.46,17.62,17.29,17.59,16.5251270773,1025000,0.0000,1.0
2004-11-23,17.47,17.69,17.22,17.41,16.3560240145,1726300,0.0000,1.0
2004-11-22,17.43,17.61,17.24,17.57,16.5063378481,2146300,0.0000,1.0
2004-11-19,17.99,18.0,17.46,17.46,16.4029970875,3430600,0.0000,1.0
2004-11-18,17.1,18.05,17.08,18.01,16.9197008904,4166900,0.0000,1.0
2004-11-17,17.49,18.15,17.44,17.75,16.6754409108,3868000,0.0000,1.0
2004-11-16,17.13,17.34,17.06,17.19,16.1493424934,2560100,0.0000,1.0
2004-11-15,16.78,17.42,16.63,17.2,16.158737108,2692300,0.0000,1.0
2004-11-12,16.43,16.8,16.29,16.79,15.7735579094,2204900,0.0000,1.0
2004-11-11,16.25,16.59,16.16,16.52,15.5199033153,1764800,0.0000,1.0
2004-11-10,16.55,16.55,16.05,16.2,15.2192756482,2549300,0.0000,1.0
2004-11-09,16.89,17.0,16.54,16.62,15.6138494613,1700300,0.0000,1.0
2004-11-08,16.92,17.1,16.75,16.88,15.8581094408,1660800,0.0000,1.0
2004-11-05,16.7,17.09,16.63,16.85,15.829925597,1926300,0.0000,1.0
2004-11-04,16.38,16.7,16.03,16.47,15.4729302423,2304400,0.0000,1.0
2004-11-03,17.0,17.06,16.21,16.38,15.3883787109,3792000,0.0000,1.0
2004-11-02,16.25,17.08,16.22,16.44,15.4447463985,3937700,0.0000,1.0
2004-11-01,16.61,16.81,16.41,16.8,15.782952524,1783400,0.0000,1.0
2004-10-29,16.06,16.77,16.04,16.56,15.5574817737,3143500,0.0000,1.0
2004-10-28,16.65,16.9,16.5,16.57,15.5668763883,3202700,0.0000,1.0
2004-10-27,15.88,16.7,15.8,16.65,15.6420333051,3111200,0.0000,1.0
2004-10-26,16.25,16.35,15.84,15.88,14.9186479811,3204500,0.0000,1.0
2004-10-25,15.67,16.34,15.54,16.21,15.2286702628,3958300,0.0000,1.0
2004-10-22,16.08,16.19,15.62,15.67,14.7213610745,4985900,0.0000,1.0
2004-10-21,16.0,16.1,15.1,16.09,15.1159348876,8680400,0.0000,1.0
2004-10-20,13.38,15.07,13.3,15.03,14.1201057403,8615900,0.0000,1.0
2004-10-19,13.99,14.4,13.93,14.21,13.3497473433,6325900,0.0000,1.0
2004-10-18,13.36,13.73,13.14,13.66,12.8330435404,2102900,0.0000,1.0
2004-10-15,13.3,13.57,13.1,13.35,12.5418104879,2694700,0.0000,1.0
2004-10-14,13.75,13.75,13.19,13.2,12.4008912689,4404400,0.0000,1.0
2004-10-13,14.55,14.6,13.75,13.89,13.0491196761,2805500,0.0000,1.0
2004-10-12,13.8,13.81,13.5,13.73,12.8988058426,3405900,0.0000,1.0
2004-10-11,14.03,14.13,13.76,13.99,13.1430658221,2027500,0.0000,1.0
2004-10-08,14.47,14.47,13.96,14.02,13.1712496659,3678100,0.0000,1.0
2004-10-07,14.18,14.75,14.1,14.47,13.5940073228,3257300,0.0000,1.0
2004-10-06,14.4,14.55,13.8,14.14,13.2839850411,3694400,0.0000,1.0
2004-10-05,14.36,14.68,14.09,14.56,13.6785588542,2255200,0.0000,1.0
2004-10-04,14.55,14.83,14.35,14.4,13.5282450206,2940000,0.0000,1.0
2004-10-01,13.95,14.39,13.85,14.36,13.4906665622,3278200,0.0000,1.0
2004-09-30,13.49,13.84,13.26,13.4,12.5887835608,2247000,0.0000,1.0
2004-09-29,13.0,13.51,13.0,13.46,12.6451512484,3878600,0.0000,1.0
2004-09-28,12.95,13.08,12.77,13.02,12.2317882061,3680000,0.0000,1.0
2004-09-27,13.02,13.09,12.75,12.75,11.978133612,3018400,0.0000,1.0
2004-09-24,13.34,14.05,13.1,13.18,12.3821020397,4790200,0.0000,1.0
2004-09-23,13.7,14.15,13.48,13.95,13.1054873637,4037800,0.0000,1.0
2004-09-22,14.02,14.1,13.68,13.69,12.8612273842,2291900,0.0000,1.0
2004-09-21,14.34,14.8,14.05,14.27,13.4061150308,6631100,0.0000,1.0
2004-09-20,13.31,14.29,13.31,14.29,13.42490426,3558600,0.0000,1.0
2004-09-17,13.55,13.72,13.45,13.6,12.7766758528,3271900,0.0000,1.0
2004-09-16,13.97,14.0,13.45,13.49,12.6733350922,2916100,0.0000,1.0
2004-09-15,14.4,14.4,13.74,13.74,12.9082004572,3897300,0.0000,1.0
2004-09-14,14.59,14.64,14.31,14.49,13.612796552,3526100,0.0000,1.0
2004-09-13,14.31,14.95,14.29,14.59,13.706742698,4952000,0.0000,1.0
2004-09-10,13.58,14.11,13.4,14.01,13.1618550513,3771200,0.0000,1.0
2004-09-09,13.0,13.75,12.9,13.58,12.7578866236,3732200,0.0000,1.0
2004-09-08,12.69,13.12,12.53,12.73,11.9593443828,2550200,0.0000,1.0
2004-09-07,12.96,13.1,12.63,12.71,11.9405551536,1817600,0.0000,1.0
2004-09-03,13.25,13.26,12.74,12.87,12.0908689872,3351200,0.0000,1.0
2004-09-02,13.14,13.49,13.09,13.45,12.6357566338,2646400,0.0000,1.0
2004-09-01,12.92,13.28,12.81,13.25,12.4478643419,4669000,0.0000,1.0
2004-08-31,13.02,13.08,12.6,12.87,12.0908689872,4543700,0.0000,1.0
2004-08-30,13.85,13.86,13.23,13.25,12.4478643419,2161100,0.0000,1.0
2004-08-27,13.85,14.02,13.76,13.85,13.0115412177,1635700,0.0000,1.0
2004-08-26,14.11,14.11,13.7,13.8,12.9645681448,2702600,0.0000,1.0
2004-08-25,13.8,14.15,13.6,14.11,13.2558011973,2701400,0.0000,1.0
2004-08-24,14.53,14.55,13.7,13.77,12.936384301,2592000,0.0000,1.0
2004-08-23,14.2,14.73,14.13,14.41,13.5376396352,2801300,0.0000,1.0
2004-08-20,14.03,14.31,13.92,14.19,13.3309581141,2786600,0.0000,1.0
2004-08-19,14.32,14.54,13.94,14.02,13.1712496659,3579300,0.0000,1.0
2004-08-18,13.7,14.4,13.7,14.32,13.4530881038,3393900,0.0000,1.0
2004-08-17,14.0,14.25,13.9,13.98,13.1336712075,2498600,0.0000,1.0
2004-08-16,13.69,13.84,13.5,13.76,12.9269896864,2148600,0.0000,1.0
2004-08-13,13.35,13.69,13.2,13.57,12.748492009,3040900,0.0000,1.0
2004-08-12,13.9,13.98,13.32,13.55,12.7297027798,4737500,0.0000,1.0
2004-08-11,14.55,15.0,14.06,14.24,13.377931187,6034700,0.0000,1.0
2004-08-10,15.35,15.54,15.11,15.41,14.477101095,3077500,0.0000,1.0
2004-08-09,15.38,15.47,15.05,15.35,14.4207334074,1877900,0.0000,1.0
2004-08-06,15.7,15.7,15.2,15.26,14.336181876,2711200,0.0000,1.0
2004-08-05,16.56,16.56,15.77,15.79,14.8340964497,3063600,0.0000,1.0
2004-08-04,16.27,16.54,15.9,16.41,15.4165625547,3240500,0.0000,1.0
2004-08-03,16.99,17.05,16.05,16.09,15.1159348876,3199500,0.0000,1.0
2004-08-02,16.95,17.21,16.64,17.14,16.1023694204,1899400,0.0000,1.0
2004-07-30,16.84,17.35,16.84,17.1,16.064790962,2146800,0.0000,1.0
2004-07-29,16.34,17.05,16.32,16.99,15.9614502014,2850700,0.0000,1.0
2004-07-28,15.6,16.34,15.57,16.2,15.2192756482,4538800,0.0000,1.0
2004-07-27,16.34,16.83,16.23,16.58,15.5762710029,4211200,0.0000,1.0
2004-07-26,16.95,17.09,16.13,16.34,15.3508002526,3014400,0.0000,1.0
2004-07-23,17.6,17.6,16.79,16.84,15.8205309824,2645600,0.0000,1.0
2004-07-22,16.81,17.78,16.76,17.64,16.5721001502,4727600,0.0000,1.0
2004-07-21,18.77,18.78,16.73,16.8,15.782952524,5690400,0.0000,1.0
2004-07-20,17.83,18.42,17.52,18.29,17.1827500991,3855900,0.0000,1.0
2004-07-19,17.79,18.07,17.4,17.92,16.835149359,3082100,0.0000,1.0
2004-07-16,18.08,18.54,17.6,17.79,16.7130193692,3936200,0.0000,1.0
2004-07-15,18.2,18.44,17.93,17.97,16.882122432,3327000,0.0000,1.0
2004-07-14,19.53,19.54,17.92,17.98,16.8915170466,7976000,0.0000,1.0
2004-07-13,19.8,20.2,19.65,19.68,18.4886015282,2752700,0.0000,1.0
2004-07-12,19.9,20.11,19.26,19.75,18.5543638304,4457300,0.0000,1.0
2004-07-09,20.5,20.99,20.47,20.76,19.5032199047,1804400,0.0000,1.0
2004-07-08,20.01,20.65,20.0,20.23,19.005305331,2536100,0.0000,1.0
2004-07-07,19.96,20.44,19.96,20.36,19.1274353208,2082600,0.0000,1.0
2004-07-06,20.58,20.6,19.72,19.91,18.7046776639,2783700,0.0000,1.0
2004-07-02,21.29,21.29,20.68,20.93,19.6629283529,2094300,0.0000,1.0
2004-07-01,22.5,22.65,21.1,21.28,19.9917398638,3201800,0.0000,1.0
2004-06-30,22.45,22.79,22.24,22.7,21.3257751367,2654100,0.0000,1.0
2004-06-29,21.29,22.5,21.29,22.44,21.0815151571,2885000,0.0000,1.0
2004-06-28,22.14,22.18,21.27,21.3,20.010529093,1394500,0.0000,1.0
2004-06-25,21.58,22.1,21.58,21.88,20.5554167396,2111600,0.0000,1.0
2004-06-24,21.4,22.06,21.34,21.57,20.2641836871,2579300,0.0000,1.0
2004-06-23,20.95,21.48,20.68,21.42,20.1232644682,1909700,0.0000,1.0
2004-06-22,19.95,20.97,19.88,20.96,19.6911121967,2128900,0.0000,1.0
2004-06-21,20.08,20.35,19.8,19.85,18.6483099763,1394300,0.0000,1.0
2004-06-18,19.83,20.47,19.6,19.93,18.7234668931,3331800,0.0000,1.0
2004-06-17,20.99,21.0,20.03,20.16,18.9395430289,2997900,0.0000,1.0
2004-06-16,21.0,21.09,20.83,21.0,19.7286906551,1297700,0.0000,1.0
2004-06-15,21.0,21.29,20.81,21.02,19.7474798843,1568100,0.0000,1.0
2004-06-14,20.9,20.97,20.4,20.68,19.4280629879,1862500,0.0000,1.0
2004-06-10,21.3,21.36,20.7,21.26,19.9729506346,1514700,0.0000,1.0
2004-06-09,21.75,21.75,21.03,21.06,19.7850583426,1895000,0.0000,1.0
2004-06-08,21.5,22.0,21.35,21.9,20.5742059688,2599900,0.0000,1.0
2004-06-07,20.93,21.73,20.89,21.67,20.3581298331,2626900,0.0000,1.0
2004-06-04,20.85,21.2,20.66,20.78,19.5220091339,3229900,0.0000,1.0
2004-06-03,21.15,21.15,20.34,20.59,19.3435114566,3826400,0.0000,1.0
2004-06-02,21.4,21.5,20.74,21.27,19.9823452492,3322400,0.0000,1.0
2004-06-01,22.06,22.3,21.79,21.97,20.639968271,1645700,0.0000,1.0
2004-05-28,21.95,22.4,21.66,22.29,20.9405959382,1648400,0.0000,1.0
2004-05-27,21.95,22.19,21.73,21.81,20.4896544375,1930400,0.0000,1.0
2004-05-26,21.45,21.86,21.15,21.81,20.4896544375,2197000,0.0000,1.0
2004-05-25,20.85,21.62,20.68,21.55,20.2453944579,1695700,0.0000,1.0
2004-05-24,21.03,21.35,20.68,20.98,19.7099014259,1511600,0.0000,1.0
2004-05-21,20.96,21.05,20.54,20.84,19.5783768215,2131400,0.0000,1.0
2004-05-20,21.05,21.1,20.52,20.56,19.3153276128,2225700,0.0000,1.0
2004-05-19,21.2,21.9,20.9,21.03,19.7568744988,3097800,0.0000,1.0
2004-05-18,20.89,21.19,20.71,20.89,19.6253498945,2941700,0.0000,1.0
2004-05-17,20.3,20.67,20.08,20.37,19.1368299354,2571300,0.0000,1.0
2004-05-14,21.26,21.37,20.49,20.71,19.4562468317,2450000,0.0000,1.0
2004-05-13,20.84,21.24,20.51,20.9,19.6347445091,3097500,0.0000,1.0
2004-05-12,21.25,21.28,20.17,21.02,19.7474798843,2329600,0.0000,1.0
2004-05-11,21.1,21.68,21.09,21.45,20.151448312,1982100,0.0000,1.0
2004-05-10,21.19,21.3,20.43,20.9,19.6347445091,3124300,0.0000,1.0
2004-05-07,20.75,21.59,20.72,21.18,19.8977937178,3585300,0.0000,1.0
2004-05-06,20.85,20.89,20.16,20.75,19.4938252901,2164300,0.0000,1.0
2004-05-05,20.7,21.09,20.48,20.94,19.6723229675,3334600,0.0000,1.0
2004-05-04,20.33,20.99,20.33,20.65,19.3998791441,3961000,0.0000,1.0
2004-05-03,20.48,20.92,19.64,20.26,19.0334891748,3693100,0.0000,1.0
2004-04-30,20.74,20.95,20.15,20.38,19.14622455,3817700,0.0000,1.0
2004-04-29,21.49,21.55,20.05,20.6,19.3529060712,8399300,0.0000,1.0
2004-04-28,21.78,22.11,21.3,21.49,20.1890267703,2864600,0.0000,1.0
2004-04-27,22.65,22.89,21.66,21.81,20.4896544375,3281000,0.0000,1.0
2004-04-26,23.41,23.46,22.29,22.53,21.1660666885,3725900,0.0000,1.0
2004-04-23,22.87,23.55,22.85,23.4,21.9833981585,2335900,0.0000,1.0
2004-04-22,22.59,23.5,22.12,22.72,21.3445643659,5872600,0.0000,1.0
2004-04-21,23.65,24.65,22.08,22.92,21.5324566578,6623200,0.0000,1.0
2004-04-20,23.12,23.55,22.18,22.24,20.8936228652,2988200,0.0000,1.0
2004-04-19,22.9,23.27,22.52,23.06,21.6639812622,3770100,0.0000,1.0
2004-04-16,23.37,23.56,22.8,22.94,21.551245887,4016900,0.0000,1.0
2004-04-15,24.88,24.88,23.16,23.45,22.0303712315,3844200,0.0000,1.0
2004-04-14,24.85,25.44,24.52,24.88,23.3738011189,2396800,0.0000,1.0
2004-04-13,25.75,25.8,24.65,24.86,23.3550118897,3344200,0.0000,1.0
2004-04-12,25.08,25.21,24.77,25.2,23.6744287861,2017400,0.0000,1.0
2004-04-08,25.36,25.48,24.85,24.99,23.4771418795,2378000,0.0000,1.0
2004-04-07,24.75,25.3,24.35,25.05,23.5335095671,2942000,0.0000,1.0
2004-04-06,25.7,25.7,24.6,25.09,23.5710880255,2736300,0.0000,1.0
2004-04-05,25.36,25.81,25.03,25.73,24.1723433597,2156800,0.0000,1.0
2004-04-02,25.99,26.66,24.75,25.36,23.8247426196,4508600,0.0000,1.0
2004-04-01,23.85,24.93,23.84,24.57,23.0825680664,3462200,0.0000,1.0
2004-03-31,24.02,24.2,23.6,23.83,22.3873665862,2000700,0.0000,1.0
2004-03-30,23.65,24.1,23.48,24.02,22.5658642635,2689500,0.0000,1.0
2004-03-29,23.75,24.1,23.56,23.84,22.3967612008,3427100,0.0000,1.0
2004-03-26,23.4,23.77,22.95,23.4,21.9833981585,3694900,0.0000,1.0
2004-03-25,22.0,23.87,21.75,23.68,22.2464473672,6299700,0.0000,1.0
2004-03-24,21.11,22.18,21.1,21.79,20.4708652083,4844500,0.0000,1.0
2004-03-23,21.35,21.4,20.47,21.0,19.7286906551,4013700,0.0000,1.0
2004-03-22,20.96,21.3,20.7,21.09,19.8132421864,3315400,0.0000,1.0
2004-03-19,21.97,22.15,21.08,21.1,19.822636801,5059900,0.0000,1.0
2004-03-18,22.95,23.18,22.25,22.53,21.1660666885,2835900,0.0000,1.0
2004-03-17,22.4,22.98,22.31,22.95,21.5606405016,2173000,0.0000,1.0
2004-03-16,22.25,22.55,21.51,22.16,20.8184659484,2597800,0.0000,1.0
2004-03-15,22.7,22.7,21.01,21.95,20.6211790418,2491700,0.0000,1.0
2004-03-12,22.65,23.2,22.51,22.85,21.4666943556,2318600,0.0000,1.0
2004-03-11,22.2,23.0,22.16,22.4,21.0439366987,5038100,0.0000,1.0
2004-03-10,23.09,23.49,22.15,22.36,21.0063582403,3353400,0.0000,1.0
2004-03-09,22.9,23.34,22.35,23.16,21.7579274081,5350400,0.0000,1.0
2004-03-08,24.2,24.49,22.8,22.86,21.4760889702,3203200,0.0000,1.0
2004-03-05,23.8,24.34,23.31,24.05,22.5940481073,3899400,0.0000,1.0
2004-03-04,23.85,24.05,23.48,23.9,22.4531288884,3469600,0.0000,1.0
2004-03-03,25.0,25.01,23.7,23.83,22.3873665862,3992400,0.0000,1.0
2004-03-02,25.15,25.73,25.0,25.25,23.7214018591,2569500,0.0000,1.0
2004-03-01,24.65,25.4,24.53,25.38,23.8435318488,2393300,0.0000,1.0
2004-02-27,24.55,24.85,24.27,24.65,23.1577249832,3028100,0.0000,1.0
2004-02-26,24.06,24.91,23.88,24.62,23.1295411394,3865400,0.0000,1.0
2004-02-25,23.33,24.3,23.16,24.3,22.8289134723,4697500,0.0000,1.0
2004-02-24,23.58,23.58,22.82,23.04,21.645192033,6065800,0.0000,1.0
2004-02-23,24.98,25.09,23.27,23.63,22.1994742942,5566000,0.0000,1.0
2004-02-20,25.75,26.0,24.7,24.87,23.3644065043,5655400,0.0000,1.0
2004-02-19,27.25,27.41,25.71,25.84,24.2756841203,4154700,0.0000,1.0
2004-02-18,26.34,26.74,26.06,26.35,24.7548094648,1440700,0.0000,1.0
2004-02-17,25.97,26.57,25.81,26.44,24.8393609962,2182700,0.0000,1.0
2004-02-13,26.86,27.25,25.05,25.82,24.2568948911,2570800,0.0000,1.0
2004-02-12,26.75,27.66,26.56,26.71,25.0930155903,2018900,0.0000,1.0
2004-02-11,26.25,27.15,26.18,27.01,25.3748540282,4007200,0.0000,1.0
2004-02-10,26.48,26.73,26.01,26.34,24.7454148502,1926600,0.0000,1.0
2004-02-09,26.81,26.97,26.31,26.38,24.7829933086,2239700,0.0000,1.0
2004-02-06,24.7,26.92,24.69,26.77,25.1493832779,5287400,0.0000,1.0
2004-02-05,24.7,25.29,24.24,24.49,23.0074111496,4813900,0.0000,1.0
2004-02-04,25.2,25.35,24.49,24.5,23.0168057642,3823100,0.0000,1.0
2004-02-03,27.12,27.12,25.44,25.7,24.1441595159,3656100,0.0000,1.0
2004-02-02,27.03,27.26,26.3,26.42,24.820571767,2952000,0.0000,1.0
2004-01-30,26.0,27.05,26.0,26.9,25.2715132677,3757300,0.0000,1.0
2004-01-29,26.91,27.06,25.52,25.99,24.4166033393,3337100,0.0000,1.0
2004-01-28,27.12,27.76,26.68,26.75,25.1305940487,3482100,0.0000,1.0
2004-01-27,28.0,28.18,26.72,26.79,25.1681725071,3326000,0.0000,1.0
2004-01-26,27.85,28.14,27.4,27.99,26.2955262588,2557000,0.0000,1.0
2004-01-23,28.45,28.56,27.4,27.68,26.0042932063,4733200,0.0000,1.0
2004-01-22,29.75,30.1,28.17,28.23,26.5209970092,3995500,0.0000,1.0
2004-01-21,30.59,30.6,29.5,29.82,28.0147407302,2026200,0.0000,1.0
2004-01-20,30.5,30.7,29.82,30.69,28.8320722002,3023200,0.0000,1.0
2004-01-16,30.0,30.49,29.78,30.3,28.4656822309,8155000,0.0000,1.0
2004-01-15,27.69,30.02,27.69,30.0,28.1838437929,14559300,0.0000,1.0
2004-01-14,27.05,27.05,26.09,26.62,25.0084640589,2926000,0.0000,1.0
2004-01-13,28.0,28.0,26.37,26.75,25.1305940487,3817600,0.0000,1.0
2004-01-12,27.6,27.75,27.27,27.74,26.0606608939,2855000,0.0000,1.0
2004-01-09,27.54,28.06,27.05,27.56,25.8915578311,4262400,0.0000,1.0
2004-01-08,27.1,27.87,26.92,27.79,26.1076339669,4506000,0.0000,1.0
2004-01-07,26.23,26.63,25.8,26.55,24.9427017567,3048800,0.0000,1.0
2004-01-06,26.04,26.55,25.91,26.43,24.8299663816,2626100,0.0000,1.0
2004-01-05,25.26,26.3,25.24,26.24,24.6514687042,3130200,0.0000,1.0
2004-01-02,25.45,25.55,25.03,25.15,23.6274557131,2639500,0.0000,1.0
2003-12-31,25.54,25.62,25.24,25.45,23.909294151,2062500,0.0000,1.0
2003-12-30,25.45,25.71,25.19,25.54,23.9938456824,1996800,0.0000,1.0
2003-12-29,24.84,25.44,24.82,25.42,23.8811103072,1974800,0.0000,1.0
2003-12-26,24.79,24.97,24.74,24.85,23.3456172752,665700,0.0000,1.0
2003-12-24,24.43,25.0,24.43,24.78,23.279854973,1372400,0.0000,1.0
2003-12-23,23.4,24.4,23.35,24.35,22.8758865453,1870900,0.0000,1.0
2003-12-22,23.27,23.75,23.1,23.4,21.9833981585,1505700,0.0000,1.0
2003-12-19,23.6,23.95,23.49,23.57,22.1431066067,2791600,0.0000,1.0
2003-12-18,22.64,23.89,22.55,23.67,22.2370527526,3011600,0.0000,1.0
2003-12-17,22.4,22.7,21.89,22.04,20.7057305732,1949400,0.0000,1.0
2003-12-16,22.6,22.73,21.75,22.39,21.0345420841,3170200,0.0000,1.0
2003-12-15,23.99,24.0,22.55,22.55,21.1848559177,2516600,0.0000,1.0
2003-12-12,23.41,23.68,23.08,23.54,22.1149227629,1697300,0.0000,1.0
2003-12-11,22.7,23.36,22.65,23.19,21.7861112519,2532200,0.0000,1.0
2003-12-10,22.8,23.05,22.25,22.72,21.3445643659,2344500,0.0000,1.0
2003-12-09,23.7,23.75,22.67,22.75,21.3727482096,2290300,0.0000,1.0
2003-12-08,23.7,23.88,23.09,23.5,22.0773443045,2625500,0.0000,1.0
2003-12-05,24.43,24.43,23.65,23.7,22.2652365964,4346900,0.0000,1.0
2003-12-04,25.6,25.76,23.99,24.66,23.1671195978,3761200,0.0000,1.0
2003-12-03,25.3,26.31,25.3,25.6,24.05021337,4786800,0.0000,1.0
2003-12-02,25.11,25.44,24.82,25.23,23.7026126299,2527100,0.0000,1.0
2003-12-01,25.29,25.52,24.82,25.11,23.5898772547,3237800,0.0000,1.0
2003-11-28,24.71,25.17,24.63,25.17,23.6462449423,602000,0.0000,1.0
2003-11-26,24.89,25.14,24.31,24.86,23.3550118897,1851300,0.0000,1.0
2003-11-25,24.9,25.11,24.55,24.55,23.0637788372,2406800,0.0000,1.0
2003-11-24,23.94,24.66,23.94,24.66,23.1671195978,1719600,0.0000,1.0
2003-11-21,23.58,23.99,23.38,23.79,22.3497881278,2582400,0.0000,1.0
2003-11-20,23.75,24.34,23.49,23.5,22.0773443045,1887600,0.0000,1.0
2003-11-19,23.58,24.15,23.54,24.0,22.5470750344,2290600,0.0000,1.0
2003-11-18,24.19,24.73,23.44,23.58,22.1525012212,4904300,0.0000,1.0
2003-11-17,23.0,23.34,22.5,23.15,21.7485327936,2220400,0.0000,1.0
2003-11-14,24.2,24.2,22.7,23.0,21.6076135746,3815700,0.0000,1.0
2003-11-13,24.73,25.12,23.85,24.15,22.6879942533,4767100,0.0000,1.0
2003-11-12,24.15,24.78,24.1,24.73,23.2328819,3312600,0.0000,1.0
2003-11-11,23.82,24.39,23.75,24.0,22.5470750344,2613100,0.0000,1.0
2003-11-10,25.03,25.23,23.71,23.82,22.3779719716,3667600,0.0000,1.0
2003-11-07,25.27,25.57,24.67,25.16,23.6368503277,3709000,0.0000,1.0
2003-11-06,24.1,25.31,24.06,25.21,23.6838234007,4416400,0.0000,1.0
2003-11-05,23.7,24.24,23.37,24.07,22.6128373365,2186900,0.0000,1.0
2003-11-04,24.24,24.29,23.5,23.7,22.2652365964,3623400,0.0000,1.0
2003-11-03,23.03,24.24,23.03,24.24,22.7725457847,4321200,0.0000,1.0
2003-10-31,22.88,23.16,22.61,22.78,21.4009320534,2423600,0.0000,1.0
2003-10-30,22.5,23.5,22.35,22.88,21.4948781994,6258300,0.0000,1.0
2003-10-29,21.58,22.41,21.58,22.14,20.7996767192,4288800,0.0000,1.0
2003-10-28,19.4,21.95,19.4,21.83,20.5084436667,6920800,0.0000,1.0
2003-10-27,18.72,19.09,18.64,18.87,17.7276377458,1635200,0.0000,1.0
2003-10-24,18.6,19.06,18.22,18.6,17.4739831516,2362500,0.0000,1.0
2003-10-23,18.75,19.01,18.5,18.72,17.5867185268,3152700,0.0000,1.0
2003-10-22,19.61,19.96,19.22,19.23,18.0658438713,2306100,0.0000,1.0
2003-10-21,20.24,20.55,19.99,20.37,19.1368299354,1909600,0.0000,1.0
2003-10-20,19.73,20.3,19.59,20.14,18.9207537997,2269400,0.0000,1.0
2003-10-17,20.6,20.6,19.69,19.73,18.5355746012,2198000,0.0000,1.0
2003-10-16,20.02,20.52,20.01,20.46,19.2213814668,2317900,0.0000,1.0
2003-10-15,20.6,21.59,20.0,20.29,19.0616730186,6753500,0.0000,1.0
2003-10-14,18.89,19.6,18.4,19.53,18.3476823092,4414100,0.0000,1.0
2003-10-13,19.17,19.7,18.84,18.85,17.7088485166,2945800,0.0000,1.0
2003-10-10,19.65,19.65,19.06,19.16,18.0000815691,1957300,0.0000,1.0
2003-10-09,19.65,20.03,19.25,19.36,18.187973861,2617300,0.0000,1.0
2003-10-08,19.85,20.2,19.25,19.32,18.1503954027,2661100,0.0000,1.0
2003-10-07,18.92,19.81,18.86,19.7,18.5073907574,2547600,0.0000,1.0
2003-10-06,19.01,19.15,18.65,19.07,17.9155300377,1615900,0.0000,1.0
2003-10-03,19.05,19.4,18.97,18.99,17.8403731209,6104300,0.0000,1.0
2003-10-02,18.64,19.18,18.56,18.71,17.5773239122,2336500,0.0000,1.0
2003-10-01,18.67,18.86,18.35,18.7,17.5679292976,3391900,0.0000,1.0
2003-09-30,19.47,19.47,18.43,18.6,17.4739831516,3990000,0.0000,1.0
2003-09-29,19.5,19.66,18.97,19.46,18.281920007,4992200,0.0000,1.0
2003-09-26,20.2,20.2,19.41,19.49,18.3101038508,3656400,0.0000,1.0
2003-09-25,20.63,21.08,20.2,20.24,19.0146999456,2893400,0.0000,1.0
2003-09-24,21.8,21.9,20.45,20.52,19.2777491544,2304600,0.0000,1.0
2003-09-23,21.67,21.9,21.41,21.87,20.5460221251,2250400,0.0000,1.0
2003-09-22,21.6,21.65,21.28,21.65,20.3393406039,2592700,0.0000,1.0
2003-09-19,21.72,22.55,21.72,22.0,20.6681521148,3963500,0.0000,1.0
2003-09-18,21.36,22.03,19.34,21.72,20.4051029061,4723700,0.0000,1.0
2003-09-17,21.24,21.85,21.13,21.36,20.0668967806,3544300,0.0000,1.0
2003-09-16,20.2,21.39,20.06,21.23,19.9447667908,3504700,0.0000,1.0
2003-09-15,20.47,20.91,20.11,20.2,18.9771214872,2821100,0.0000,1.0
2003-09-12,20.01,20.5,19.71,20.46,19.2213814668,2747600,0.0000,1.0
2003-09-11,19.71,20.48,19.33,20.01,18.7986238099,4050000,0.0000,1.0
2003-09-10,20.59,20.7,19.51,19.71,18.516785372,5315200,0.0000,1.0
2003-09-09,20.97,21.31,20.41,21.03,19.7568744988,4469200,0.0000,1.0
2003-09-08,20.4,20.98,20.15,20.97,19.7005068113,3916900,0.0000,1.0
2003-09-05,19.25,20.37,18.01,20.11,18.8925699559,5510900,0.0000,1.0
2003-09-04,18.0,19.45,17.9,19.25,18.0846331005,4450600,0.0000,1.0
2003-09-03,17.65,18.42,17.47,17.95,16.8633332028,4444400,0.0000,1.0
2003-09-02,17.83,17.97,17.22,17.49,16.4311809313,3521800,0.0000,1.0
2003-08-29,17.83,18.02,17.6,17.83,16.7505978276,2423700,0.0000,1.0
2003-08-28,18.15,18.15,17.77,17.83,16.7505978276,4214500,0.0000,1.0
2003-08-27,17.07,17.79,17.07,17.77,16.69423014,2201600,0.0000,1.0
2003-08-26,17.0,17.4,16.73,17.28,16.2338940247,2869100,0.0000,1.0
2003-08-25,17.25,17.37,17.0,17.35,16.2996563269,2152100,0.0000,1.0
2003-08-22,18.2,18.5,17.2,17.25,16.2057101809,2975600,0.0000,1.0
2003-08-21,17.3,17.93,17.26,17.9,16.8163601298,2705700,0.0000,1.0
2003-08-20,16.7,17.54,16.7,17.22,16.1775263371,3056300,0.0000,1.0
2003-08-19,17.24,17.87,17.23,17.6,16.5345216919,3046100,0.0000,1.0
2003-08-18,16.28,17.32,16.28,17.23,16.1869209517,2370200,0.0000,1.0
2003-08-15,16.64,16.64,15.81,16.01,15.0407779708,1146900,0.0000,1.0
2003-08-14,16.19,16.7,15.99,16.46,15.4635356277,2122600,0.0000,1.0
2003-08-13,15.81,16.68,15.81,16.18,15.200486419,3310700,0.0000,1.0
2003-08-12,15.29,15.81,15.03,15.8,14.8434910643,1916200,0.0000,1.0
2003-08-11,15.15,15.51,15.1,15.19,14.2704195738,2357600,0.0000,1.0
2003-08-08,15.77,15.85,14.89,15.07,14.1576841987,2112800,0.0000,1.0
2003-08-07,15.75,15.85,15.25,15.73,14.7777287621,3017100,0.0000,1.0
2003-08-06,16.0,16.15,15.56,15.6,14.6555987723,2255000,0.0000,1.0
2003-08-05,16.44,16.44,16.0,16.01,15.0407779708,1684800,0.0000,1.0
2003-08-04,16.51,16.88,16.13,16.39,15.3977733255,2057000,0.0000,1.0
2003-08-01,16.47,16.55,16.14,16.51,15.5105087007,2465100,0.0000,1.0
2003-07-31,17.07,17.26,16.45,16.45,15.4541410131,3072300,0.0000,1.0
2003-07-30,17.16,17.2,16.85,16.87,15.8487148262,1288400,0.0000,1.0
2003-07-29,17.41,17.42,16.77,17.09,16.0553963474,1739200,0.0000,1.0
2003-07-28,17.28,17.54,17.0,17.41,16.3560240145,2555300,0.0000,1.0
2003-07-25,17.0,17.33,16.68,17.28,16.2338940247,1801800,0.0000,1.0
2003-07-24,17.47,17.6,16.89,17.0,15.970844816,2555000,0.0000,1.0
2003-07-23,16.9,17.57,16.61,17.32,16.2714724831,3301000,0.0000,1.0
2003-07-22,16.29,16.66,16.11,16.6,15.5950602321,2809800,0.0000,1.0
2003-07-21,16.14,16.36,15.76,16.04,15.0689618146,1827300,0.0000,1.0
2003-07-18,16.74,16.86,16.11,16.39,15.3977733255,2450300,0.0000,1.0
2003-07-17,16.85,17.0,16.2,16.67,15.6608225343,3912700,0.0000,1.0
2003-07-16,18.6,18.6,16.51,16.85,15.829925597,9984300,0.0000,1.0
2003-07-15,19.29,19.49,18.38,18.69,17.558534683,4238300,0.0000,1.0
2003-07-14,19.18,19.55,19.01,19.12,17.9625031107,2793900,0.0000,1.0
2003-07-11,18.99,19.04,18.31,18.6,17.4739831516,2883400,0.0000,1.0
2003-07-10,16.96,19.18,16.76,18.98,17.8309785063,3165400,0.0000,1.0
2003-07-09,19.15,19.64,18.75,19.33,18.1597900172,4316600,0.0000,1.0
2003-07-08,19.03,19.25,18.7,19.15,17.9906869545,3437700,0.0000,1.0
2003-07-07,18.4,19.17,17.94,19.03,17.8779515793,3392700,0.0000,1.0
2003-07-03,17.47,17.84,17.46,17.53,16.4687593897,1026900,0.0000,1.0
2003-07-02,17.69,17.87,17.54,17.85,16.7693870568,2532100,0.0000,1.0
2003-07-01,17.31,17.72,16.75,17.69,16.6190732232,2160400,0.0000,1.0
2003-06-30,17.57,17.87,17.05,17.31,16.2620778685,2503800,0.0000,1.0
2003-06-27,17.23,17.85,17.18,17.32,16.2714724831,2134300,0.0000,1.0
2003-06-26,16.69,17.29,16.69,17.18,16.1399478788,2986100,0.0000,1.0
2003-06-25,16.74,17.2,16.43,16.62,15.6138494613,2532200,0.0000,1.0
2003-06-24,16.98,17.5,16.3,16.88,15.8581094408,2009000,0.0000,1.0
2003-06-23,17.9,18.04,17.15,17.28,16.2338940247,1225400,0.0000,1.0
2003-06-20,18.24,18.24,17.69,17.91,16.8257547444,2507400,0.0000,1.0
2003-06-19,19.04,19.2,17.93,18.09,16.9948578071,3255700,0.0000,1.0
2003-06-18,17.75,19.22,17.61,18.99,17.8403731209,5189800,0.0000,1.0
2003-06-17,17.29,17.99,16.82,17.89,16.8069655152,2547200,0.0000,1.0
2003-06-16,16.76,17.11,16.33,17.11,16.0741855766,1636500,0.0000,1.0
2003-06-13,17.17,17.3,16.4,16.53,15.5292979299,2027400,0.0000,1.0
2003-06-12,17.43,17.5,16.98,17.36,16.3090509415,2135400,0.0000,1.0
2003-06-11,17.31,17.69,16.8,17.43,16.3748132437,4735900,0.0000,1.0
2003-06-10,17.35,17.5,16.85,17.31,16.2620778685,3686600,0.0000,1.0
2003-06-09,17.61,17.66,17.15,17.26,16.2151047955,2953500,0.0000,1.0
2003-06-06,18.8,19.0,17.58,17.62,16.5533109211,3447600,0.0000,1.0
2003-06-05,17.62,18.15,17.2,18.1,17.0042524217,3922700,0.0000,1.0
2003-06-04,16.9,17.9,16.75,17.62,16.5533109211,2125700,0.0000,1.0
2003-06-03,16.89,17.06,16.68,16.88,15.8581094408,2987400,0.0000,1.0
2003-06-02,17.37,17.8,16.85,16.9,15.87689867,4280200,0.0000,1.0
2003-05-30,16.87,17.24,16.75,17.15,16.111764035,3443100,0.0000,1.0
2003-05-29,16.4,16.74,16.3,16.47,15.4729302423,3950300,0.0000,1.0
2003-05-28,16.11,16.41,15.99,16.4,15.4071679401,4549100,0.0000,1.0
2003-05-27,15.08,16.32,15.03,16.1,15.1253295022,4776000,0.0000,1.0
2003-05-23,15.19,15.55,14.95,15.32,14.3925495636,2952700,0.0000,1.0
2003-05-22,14.47,15.5,14.4,15.19,14.2704195738,5150200,0.0000,1.0
2003-05-21,14.06,14.75,14.06,14.52,13.6409803958,2975100,0.0000,1.0
2003-05-20,13.81,14.54,13.81,13.96,13.1148819783,3132500,0.0000,1.0
2003-05-19,14.03,14.16,13.77,13.8,12.9645681448,2781300,0.0000,1.0
2003-05-16,14.15,14.35,13.76,14.31,13.4436934892,2978000,0.0000,1.0
2003-05-15,14.16,14.29,13.89,14.15,13.2933796557,1785500,0.0000,1.0
2003-05-14,14.27,14.28,13.65,14.08,13.2276173535,2231000,0.0000,1.0
2003-05-13,14.01,14.4,13.49,14.29,13.42490426,4241000,0.0000,1.0
2003-05-12,13.06,14.23,12.87,14.01,13.1618550513,4741900,0.0000,1.0
2003-05-09,12.45,13.15,12.39,13.06,12.2693666645,2508500,0.0000,1.0
2003-05-08,12.0,12.61,12.0,12.2,11.4614298091,3145900,0.0000,1.0
2003-05-07,12.97,13.05,12.52,12.61,11.8466090076,1962200,0.0000,1.0
2003-05-06,13.02,13.39,12.78,13.17,12.3727074251,2616600,0.0000,1.0
2003-05-05,12.75,13.36,12.64,13.11,12.3163397375,3702100,0.0000,1.0
2003-05-02,11.76,12.82,11.72,12.75,11.978133612,4988000,0.0000,1.0
2003-05-01,11.67,11.8,11.51,11.7,10.9916990792,1839000,0.0000,1.0
2003-04-30,11.76,11.92,11.6,11.6,10.8977529333,5528900,0.0000,1.0
2003-04-29,11.75,12.1,11.56,11.73,11.019882923,3793500,0.0000,1.0
2003-04-28,11.47,11.84,11.45,11.7,10.9916990792,2532400,0.0000,1.0
2003-04-25,12.12,12.12,11.29,11.44,10.7474390997,2681800,0.0000,1.0
2003-04-24,12.45,12.49,12.09,12.12,11.3862728923,1237100,0.0000,1.0
2003-04-23,12.62,12.73,12.28,12.45,11.6962951741,2163500,0.0000,1.0
2003-04-22,12.14,12.62,11.89,12.62,11.8560036222,1974700,0.0000,1.0
2003-04-21,12.35,12.36,11.97,12.14,11.4050621215,2147400,0.0000,1.0
2003-04-17,11.74,12.57,11.69,12.35,11.6023490281,4041800,0.0000,1.0
2003-04-16,12.71,12.74,11.55,11.74,11.0292775376,4812700,0.0000,1.0
2003-04-15,12.32,12.55,11.22,12.38,11.6305328719,2685500,0.0000,1.0
2003-04-14,11.87,12.32,11.6,12.32,11.5741651843,2639800,0.0000,1.0
2003-04-11,12.16,12.4,11.82,11.87,11.1514075274,1931200,0.0000,1.0
2003-04-10,12.07,12.24,11.88,11.94,11.2171698296,2055800,0.0000,1.0
2003-04-09,12.36,12.65,11.8,11.87,11.1514075274,2118400,0.0000,1.0
2003-04-08,12.75,12.85,12.34,12.37,11.6211382573,1719900,0.0000,1.0
2003-04-07,13.08,13.22,12.72,12.85,12.072079758,2251700,0.0000,1.0
2003-04-04,12.81,12.84,12.1,12.48,11.7244790179,2515200,0.0000,1.0
2003-04-03,12.83,13.0,12.65,12.81,12.0345012996,2002300,0.0000,1.0
2003-04-02,12.33,12.85,12.33,12.83,12.0532905288,2327600,0.0000,1.0
2003-04-01,11.78,12.15,11.71,11.98,11.254748288,2054300,0.0000,1.0
2003-03-31,11.0,11.96,11.0,11.64,10.9353313917,2774400,0.0000,1.0
2003-03-28,12.2,12.4,11.99,12.01,11.2829321318,1843100,0.0000,1.0
2003-03-27,12.55,12.55,11.9,12.34,11.5929544135,5522600,0.0000,1.0
2003-03-26,12.94,13.26,12.5,12.65,11.884187466,3670200,0.0000,1.0
2003-03-25,13.07,13.25,12.72,12.93,12.1472366748,2739200,0.0000,1.0
2003-03-24,13.2,13.24,12.83,12.99,12.2036043623,2123800,0.0000,1.0
2003-03-21,13.57,13.74,13.3,13.63,12.8048596966,2714400,0.0000,1.0
2003-03-20,12.95,13.5,12.65,13.27,12.4666535711,3329700,0.0000,1.0
2003-03-19,13.14,13.23,12.64,12.95,12.166025904,3030600,0.0000,1.0
2003-03-18,12.8,13.5,12.5,13.14,12.3445235813,2299100,0.0000,1.0
2003-03-17,12.1,13.25,12.06,12.8,12.025106685,3513400,0.0000,1.0
2003-03-14,12.24,12.7,12.15,12.26,11.5177974967,5142100,0.0000,1.0
2003-03-13,11.7,12.64,11.45,12.5,11.7432682471,5370000,0.0000,1.0
2003-03-12,10.74,11.22,10.7,11.18,10.5031791202,3232600,0.0000,1.0
2003-03-11,10.56,10.77,10.55,10.74,10.0898160779,2352600,0.0000,1.0
2003-03-10,10.4,10.69,10.3,10.6,9.9582914735,2070100,0.0000,1.0
2003-03-07,10.4,10.56,10.16,10.46,9.82676686914,4110200,0.0000,1.0
2003-03-06,10.81,10.99,10.53,10.7,10.0522376195,2519300,0.0000,1.0
2003-03-05,10.85,11.06,10.58,10.86,10.202551453,1678600,0.0000,1.0
2003-03-04,11.14,11.15,10.75,10.83,10.1743676093,2905200,0.0000,1.0
2003-03-03,11.69,11.9,11.01,11.13,10.4562060472,1787100,0.0000,1.0
2003-02-28,11.41,11.79,11.18,11.59,10.8883583187,1987600,0.0000,1.0
2003-02-27,11.2,11.49,10.95,11.41,10.7192552559,2331800,0.0000,1.0
2003-02-26,11.52,11.52,11.0,11.07,10.3998383596,2247800,0.0000,1.0
2003-02-25,11.61,11.61,10.93,11.52,10.8225960165,2375600,0.0000,1.0
2003-02-24,11.5,11.76,11.44,11.61,10.9071475479,2175700,0.0000,1.0
2003-02-21,11.6,11.65,11.03,11.6,10.8977529333,4008800,0.0000,1.0
2003-02-20,10.92,11.17,10.77,11.06,10.390443745,3182700,0.0000,1.0
2003-02-19,10.94,11.06,10.63,10.83,10.1743676093,1707800,0.0000,1.0
2003-02-18,10.6,11.2,10.6,10.94,10.2777083698,2903000,0.0000,1.0
2003-02-14,9.78,10.35,9.78,10.32,9.69524226477,1985300,0.0000,1.0
2003-02-13,9.58,9.89,9.54,9.72,9.13156538891,2007700,0.0000,1.0
2003-02-12,9.59,9.78,9.45,9.58,9.00004078454,1734000,0.0000,1.0
2003-02-11,9.75,10.01,9.53,9.59,9.00943539914,1746000,0.0000,1.0
2003-02-10,9.73,9.88,9.5,9.74,9.15035461811,1202100,0.0000,1.0
2003-02-07,10.1,10.13,9.54,9.63,9.04701385753,1413000,0.0000,1.0
2003-02-06,10.27,10.39,9.8,9.95,9.34764152466,2888700,0.0000,1.0
2003-02-05,10.35,10.74,10.21,10.21,9.5919015042,2600800,0.0000,1.0
2003-02-04,10.38,10.41,10.04,10.18,9.5637176604,2407900,0.0000,1.0
2003-02-03,10.4,10.7,10.26,10.37,9.74221533776,2844700,0.0000,1.0
2003-01-31,8.75,10.39,8.75,10.39,9.76100456695,5955900,0.0000,1.0
2003-01-30,10.76,10.9,10.1,10.16,9.54492843121,4077400,0.0000,1.0
2003-01-29,11.0,11.12,10.71,10.75,10.0992106925,5489100,0.0000,1.0
2003-01-28,11.27,11.34,10.86,11.01,10.343470672,3194000,0.0000,1.0
2003-01-27,11.43,12.01,11.03,11.12,10.4468114326,2454200,0.0000,1.0
2003-01-24,12.3,12.36,11.54,11.56,10.8601744749,3648500,0.0000,1.0
2003-01-23,12.31,12.53,11.85,12.39,11.6399274865,3339000,0.0000,1.0
2003-01-22,11.87,12.26,11.69,12.05,11.3205105902,3885100,0.0000,1.0
2003-01-21,12.2,12.43,11.6,11.87,11.1514075274,3535600,0.0000,1.0
2003-01-17,12.21,12.54,11.95,12.17,11.4332459653,4584500,0.0000,1.0
2003-01-16,13.05,13.1,11.79,12.41,11.6587167157,11505000,0.0000,1.0
2003-01-15,14.7,14.75,12.91,12.99,12.2036043623,13861800,0.0000,1.0
2003-01-14,15.15,15.48,14.75,15.48,14.5428633972,2624800,0.0000,1.0
2003-01-13,16.21,16.25,14.94,14.98,14.0731326673,3161100,0.0000,1.0
2003-01-10,14.86,15.93,14.86,15.81,14.8528856789,3349900,0.0000,1.0
2003-01-09,15.11,15.49,15.01,15.2,14.2798141884,2421300,0.0000,1.0
2003-01-08,15.47,15.47,14.73,14.91,14.0073703651,1958400,0.0000,1.0
2003-01-07,15.43,16.0,15.35,15.46,14.524074168,2942400,0.0000,1.0
2003-01-06,14.5,15.44,14.4,15.32,14.3925495636,2924100,0.0000,1.0
2003-01-03,14.02,14.47,13.86,14.18,13.3215634995,2288500,0.0000,1.0
2003-01-02,13.27,14.09,13.04,14.05,13.1994335097,3180600,0.0000,1.0
2002-12-31,13.04,13.37,12.89,13.01,12.2223935915,1546800,0.0000,1.0
2002-12-30,13.5,13.72,12.96,13.11,12.3163397375,1176500,0.0000,1.0
2002-12-27,13.74,13.78,13.35,13.45,12.6357566338,922900,0.0000,1.0
2002-12-26,13.96,14.18,13.67,13.74,12.9082004572,1555300,0.0000,1.0
2002-12-24,13.96,14.15,13.64,13.68,12.8518327696,583900,0.0000,1.0
2002-12-23,13.23,14.1,13.23,14.0,13.1524604367,2041700,0.0000,1.0
2002-12-20,13.44,13.82,13.13,13.44,12.6263620192,2428000,0.0000,1.0
2002-12-19,13.38,13.83,13.32,13.44,12.6263620192,3755500,0.0000,1.0
2002-12-18,14.25,14.25,13.25,13.37,12.5605997171,2499200,0.0000,1.0
2002-12-17,14.3,14.91,14.09,14.7,13.8100834585,3609700,0.0000,1.0
2002-12-16,13.4,14.32,13.16,14.29,13.42490426,2578100,0.0000,1.0
2002-12-13,13.79,13.79,13.06,13.13,12.3351289667,1750900,0.0000,1.0
2002-12-12,14.04,14.2,13.6,13.78,12.9457789156,1117000,0.0000,1.0
2002-12-11,13.75,14.42,13.3,13.9,13.0585142907,2298000,0.0000,1.0
2002-12-10,13.13,14.23,12.86,13.96,13.1148819783,3348300,0.0000,1.0
2002-12-09,14.38,14.38,12.57,12.95,12.166025904,3042600,0.0000,1.0
2002-12-06,14.37,14.73,13.9,14.37,13.5000611768,2781400,0.0000,1.0
2002-12-05,15.41,15.41,14.47,14.91,14.0073703651,2934300,0.0000,1.0
2002-12-04,15.91,15.91,14.0,14.74,13.8476619169,6743300,0.0000,1.0
2002-12-03,16.4,16.4,15.7,15.91,14.9468318249,1884200,0.0000,1.0
2002-12-02,17.0,17.58,16.35,16.5,15.5011140861,2111400,0.0000,1.0
2002-11-29,16.99,17.0,16.31,16.39,15.3977733255,1081700,0.0000,1.0
2002-11-27,15.75,17.01,15.75,16.99,15.9614502014,3725200,0.0000,1.0
2002-11-26,16.8,17.2,15.51,15.55,14.6086256993,2063600,0.0000,1.0
2002-11-25,15.98,16.99,15.6,16.47,15.4729302423,3135000,0.0000,1.0
2002-11-22,16.01,16.2,15.65,15.98,15.012594127,3217800,0.0000,1.0
2002-11-21,15.29,16.59,15.03,16.0,15.0313833562,6624000,0.0000,1.0
2002-11-20,12.85,14.91,12.85,14.91,14.0073703651,6801500,0.0000,1.0
2002-11-19,12.59,13.7,12.25,12.65,11.884187466,4596000,0.0000,1.0
2002-11-18,12.85,13.17,12.44,12.58,11.8184251638,2649500,0.0000,1.0
2002-11-15,11.99,12.74,11.68,12.55,11.79024132,3070200,0.0000,1.0
2002-11-14,11.83,12.34,11.25,12.34,11.5929544135,2172500,0.0000,1.0
2002-11-13,10.85,11.33,10.65,11.13,10.4562060472,3316100,0.0000,1.0
2002-11-12,11.1,11.46,10.62,10.91,10.249524526,3979900,0.0000,1.0
2002-11-11,11.6,11.6,10.6,11.1,10.4280222034,2083100,0.0000,1.0
2002-11-08,11.67,12.25,11.1,11.66,10.9541206209,2611200,0.0000,1.0
2002-11-07,12.86,13.04,12.0,12.07,11.3392998194,2571400,0.0000,1.0
2002-11-06,13.11,13.44,12.5,13.44,12.6263620192,2924000,0.0000,1.0
2002-11-05,12.95,13.03,12.3,12.86,12.0814743726,1982000,0.0000,1.0
2002-11-04,13.1,14.0,12.94,13.2,12.4008912689,3340300,0.0000,1.0
2002-11-01,11.89,12.7,11.51,12.65,11.884187466,2570800,0.0000,1.0
2002-10-31,12.47,12.82,11.75,12.11,11.3768782777,2546600,0.0000,1.0
2002-10-30,11.5,12.61,11.5,12.56,11.7996359346,3478600,0.0000,1.0
2002-10-29,11.85,12.2,10.85,11.42,10.7286498705,2226800,0.0000,1.0
2002-10-28,12.65,12.68,11.8,12.12,11.3862728923,3053000,0.0000,1.0
2002-10-25,11.21,11.98,11.21,11.97,11.2453536734,1565700,0.0000,1.0
2002-10-24,11.46,12.4,11.12,11.21,10.531362964,4600800,0.0000,1.0
2002-10-23,10.42,11.19,10.04,10.99,10.3246814428,3878600,0.0000,1.0
2002-10-22,10.7,10.9,10.27,10.41,9.77979379615,3565500,0.0000,1.0
2002-10-21,10.25,11.32,10.05,11.2,10.5219683494,3016200,0.0000,1.0
2002-10-18,9.75,10.56,9.44,10.56,9.92071301511,3450500,0.0000,1.0
2002-10-17,9.65,10.04,9.63,9.9,9.30066845167,4048600,0.0000,1.0
2002-10-16,9.5,9.91,9.06,9.17,8.61486158604,3911000,0.0000,1.0
2002-10-15,9.55,10.24,9.55,9.9,9.30066845167,4213800,0.0000,1.0
2002-10-14,9.41,9.46,9.0,9.2,8.64304542983,1996700,0.0000,1.0
2002-10-11,8.16,9.7,8.1,9.4,8.83093772179,6035100,0.0000,1.0
2002-10-10,7.3,8.09,7.24,7.97,7.48750783432,2929500,0.0000,1.0
2002-10-09,7.47,7.75,7.15,7.22,6.7829117395,2370700,0.0000,1.0
2002-10-08,7.8,7.82,7.1,7.57,7.11172325042,2860500,0.0000,1.0
2002-10-07,7.98,7.99,7.34,7.55,7.09293402122,2377900,0.0000,1.0
2002-10-04,8.6,8.63,7.87,7.98,7.49690244892,3801900,0.0000,1.0
2002-10-03,9.32,9.35,8.55,8.75,8.22028777294,2329200,0.0000,1.0
2002-10-02,9.25,9.78,8.29,9.27,8.70880773202,1976100,0.0000,1.0
2002-10-01,9.6,9.69,9.07,9.5,8.92488386776,2668500,0.0000,1.0
2002-09-30,9.55,9.85,9.32,9.6,9.01883001374,2737600,0.0000,1.0
2002-09-27,9.31,10.0,9.23,9.81,9.21611692029,3128800,0.0000,1.0
2002-09-26,9.62,9.76,9.21,9.3,8.73699157581,3060100,0.0000,1.0
2002-09-25,9.69,9.8,9.02,9.62,9.03761924294,3001200,0.0000,1.0
2002-09-24,8.95,9.65,8.82,9.21,8.65244004443,3960400,0.0000,1.0
2002-09-23,10.01,10.1,8.99,9.05,8.50212621087,3499000,0.0000,1.0
2002-09-20,10.05,10.33,10.02,10.06,9.45098228523,3087300,0.0000,1.0
2002-09-19,10.67,10.82,10.02,10.08,9.46977151443,5149300,0.0000,1.0
2002-09-18,11.4,11.42,11.0,11.05,10.3810491304,3930700,0.0000,1.0
2002-09-17,12.25,12.3,11.39,11.55,10.8507798603,2307200,0.0000,1.0
2002-09-16,12.2,12.45,11.63,11.7,10.9916990792,1837400,0.0000,1.0
2002-09-13,12.58,12.8,12.14,12.3,11.5553759551,1788700,0.0000,1.0
2002-09-12,12.9,13.13,12.38,12.65,11.884187466,2172900,0.0000,1.0
2002-09-11,13.35,13.88,13.32,13.38,12.5699943317,1315300,0.0000,1.0
2002-09-10,12.46,13.28,12.46,13.16,12.3633128105,2022400,0.0000,1.0
2002-09-09,12.32,12.71,11.9,12.52,11.7620574763,1976200,0.0000,1.0
2002-09-06,12.75,13.4,12.2,12.42,11.6681113303,3120600,0.0000,1.0
2002-09-05,11.65,11.93,11.3,11.51,10.8132014019,2427000,0.0000,1.0
2002-09-04,12.16,12.45,11.56,12.19,11.4520351945,2469100,0.0000,1.0
2002-09-03,12.66,12.66,12.1,12.16,11.4238513507,2184300,0.0000,1.0
2002-08-30,12.58,13.15,12.27,12.65,11.884187466,2495600,0.0000,1.0
2002-08-29,12.0,12.94,11.93,12.59,11.8278197784,3887000,0.0000,1.0
2002-08-28,13.75,13.75,13.07,13.17,12.3727074251,1540600,0.0000,1.0
2002-08-27,14.77,14.77,13.73,13.82,12.9833573739,2192000,0.0000,1.0
2002-08-26,14.77,14.86,14.02,14.58,13.6973480834,2477200,0.0000,1.0
2002-08-23,15.24,15.68,14.75,14.75,13.8570565315,1703700,0.0000,1.0
2002-08-22,16.19,16.88,15.75,16.04,15.0689618146,1808700,0.0000,1.0
2002-08-21,15.75,16.37,15.28,16.18,15.200486419,3130200,0.0000,1.0
2002-08-20,15.85,15.85,14.96,15.25,14.3267872614,2159600,0.0000,1.0
2002-08-19,15.64,16.4,15.2,16.24,15.2568541066,2464200,0.0000,1.0
2002-08-16,14.79,16.05,14.46,15.56,14.6180203139,2541400,0.0000,1.0
2002-08-15,14.62,15.14,14.16,14.79,13.8946349899,2053500,0.0000,1.0
2002-08-14,13.82,14.69,13.5,14.69,13.8006888439,1939500,0.0000,1.0
2002-08-13,14.15,14.86,13.71,13.82,12.9833573739,1705800,0.0000,1.0
2002-08-12,14.1,14.5,13.75,14.32,13.4530881038,1026900,0.0000,1.0
2002-08-09,14.15,14.99,14.0,14.61,13.7255319272,1668400,0.0000,1.0
2002-08-08,14.0,14.62,13.51,14.49,13.612796552,2290500,0.0000,1.0
2002-08-07,14.5,14.78,13.35,14.24,13.377931187,3188400,0.0000,1.0
2002-08-06,13.15,14.5,13.15,13.99,13.1430658221,2591500,0.0000,1.0
2002-08-05,13.8,14.05,12.78,13.04,12.2505774353,2041100,0.0000,1.0
2002-08-02,14.4,14.42,13.45,13.76,12.9269896864,2467500,0.0000,1.0
2002-08-01,15.0,15.4,14.29,14.37,13.5000611768,2070400,0.0000,1.0
2002-07-31,16.0,16.0,14.65,15.0,14.0919218965,3231800,0.0000,1.0
2002-07-30,15.43,16.31,15.29,16.15,15.1723025752,1889300,0.0000,1.0
2002-07-29,14.8,15.49,14.4,15.43,14.4958903242,2436200,0.0000,1.0
2002-07-26,15.25,15.25,13.88,14.33,13.4624827184,3551900,0.0000,1.0
2002-07-25,15.48,15.5,13.7,14.07,13.2182227389,4724200,0.0000,1.0
2002-07-24,15.2,15.95,14.75,15.95,14.9844102832,4200700,0.0000,1.0
2002-07-23,17.5,17.55,15.0,15.35,14.4207334074,4465200,0.0000,1.0
2002-07-22,17.1,17.74,16.92,17.3,16.2526832539,3387300,0.0000,1.0
2002-07-19,17.49,18.1,17.05,17.3,16.2526832539,4081000,0.0000,1.0
2002-07-18,18.25,18.5,17.16,17.49,16.4311809313,6744000,0.0000,1.0
2002-07-17,21.05,21.68,18.3,18.48,17.3612477764,9293900,0.0000,1.0
2002-07-16,21.7,22.96,21.1,21.75,20.4332867499,4631300,0.0000,1.0
2002-07-15,21.18,22.2,20.2,22.2,20.8560444068,3351100,0.0000,1.0
2002-07-12,21.49,22.08,20.87,21.14,19.8602152594,3201100,0.0000,1.0
2002-07-11,19.75,21.25,19.25,21.24,19.9541614054,5414600,0.0000,1.0
2002-07-10,21.0,21.0,19.62,19.69,18.4979961428,2978400,0.0000,1.0
2002-07-09,20.5,21.0,19.9,20.54,19.2965383836,3030400,0.0000,1.0
2002-07-08,22.44,22.7,21.13,21.33,20.0387129368,2998600,0.0000,1.0
2002-07-05,20.75,22.48,20.3,22.44,21.0815151571,2597900,0.0000,1.0
2002-07-03,20.5,20.99,19.8,20.14,18.9207537997,5483900,0.0000,1.0
2002-07-02,22.0,22.01,20.05,20.35,19.1180407062,4536300,0.0000,1.0
2002-07-01,23.65,24.2,21.75,22.4,21.0439366987,2895300,0.0000,1.0
2002-06-28,24.8,25.35,23.5,23.5,22.0773443045,2812100,0.0000,1.0
2002-06-27,25.18,25.48,23.9,24.65,23.1577249832,3408700,0.0000,1.0
2002-06-26,23.3,24.85,22.81,24.85,23.3456172752,2391300,0.0000,1.0
2002-06-25,25.0,25.65,23.4,23.8,22.3591827424,1885200,0.0000,1.0
2002-06-24,24.03,25.35,23.59,24.87,23.3644065043,2874300,0.0000,1.0
2002-06-21,24.25,25.01,23.84,24.03,22.5752588781,2278400,0.0000,1.0
2002-06-20,25.55,26.25,24.47,24.71,23.2140926708,3573100,0.0000,1.0
2002-06-19,26.64,26.64,25.35,25.41,23.8717156926,2352300,0.0000,1.0
2002-06-18,27.25,28.49,26.55,26.63,25.0178586735,2211600,0.0000,1.0
2002-06-17,26.49,27.4,26.21,27.35,25.6942709246,2150700,0.0000,1.0
2002-06-14,25.0,26.08,24.65,25.86,24.2944733495,3061000,0.0000,1.0
2002-06-13,25.85,26.73,25.28,25.5,23.956267224,2643000,0.0000,1.0
2002-06-12,25.18,26.85,25.11,26.4,24.8017825378,3804400,0.0000,1.0
2002-06-11,26.4,26.5,25.2,25.3,23.768374932,3504000,0.0000,1.0
2002-06-10,26.3,27.15,25.87,26.0,24.4259979539,1252900,0.0000,1.0
2002-06-07,25.1,26.66,25.1,26.08,24.5011548707,2793000,0.0000,1.0
2002-06-06,27.35,27.35,26.52,26.84,25.2151455801,2114200,0.0000,1.0
2002-06-05,27.64,28.1,26.82,27.5,25.8351901435,2469600,0.0000,1.0
2002-06-04,26.25,27.92,26.15,27.5,25.8351901435,3652400,0.0000,1.0
2002-06-03,27.2,27.32,26.36,26.5,24.8957286838,3641700,0.0000,1.0
2002-05-31,27.8,27.98,26.91,27.08,25.4406163304,2333900,0.0000,1.0
2002-05-30,27.28,27.55,26.42,27.35,25.6942709246,2503900,0.0000,1.0
2002-05-29,27.53,28.0,26.81,27.83,26.1452124252,5216600,0.0000,1.0
2002-05-28,27.85,28.1,26.72,27.53,25.8633739873,2350000,0.0000,1.0
2002-05-24,26.55,27.75,26.49,27.51,25.8445847581,5067000,0.0000,1.0
2002-05-23,29.06,29.07,27.45,28.0,26.3049208734,4677300,0.0000,1.0
2002-05-22,29.85,30.45,28.5,29.06,27.3007500208,2962500,0.0000,1.0
2002-05-21,31.45,31.49,29.5,30.05,28.2308168659,1596200,0.0000,1.0
2002-05-20,31.4,31.44,30.41,30.94,29.0669375651,1292100,0.0000,1.0
2002-05-17,32.25,32.3,30.4,31.17,29.2830137009,3403800,0.0000,1.0
2002-05-16,32.25,32.45,31.15,32.19,30.2412643898,2760600,0.0000,1.0
2002-05-15,32.73,33.75,31.28,32.1,30.1567128584,3842300,0.0000,1.0
2002-05-14,32.0,33.15,31.58,32.96,30.9646497138,4017100,0.0000,1.0
2002-05-13,29.7,30.74,29.42,30.63,28.7757045126,3018800,0.0000,1.0
2002-05-10,30.35,30.69,28.81,29.29,27.5168261565,2275000,0.0000,1.0
2002-05-09,31.6,32.32,30.0,30.22,28.3905253141,3585300,0.0000,1.0
2002-05-08,31.25,32.39,31.25,31.64,29.724560587,7544000,0.0000,1.0
2002-05-07,30.0,30.3,28.7,29.89,28.0805030324,3497300,0.0000,1.0
2002-05-06,30.0,30.8,29.65,30.0,28.1838437929,2368600,0.0000,1.0
2002-05-03,31.95,31.98,29.5,30.09,28.2683953243,5451300,0.0000,1.0
2002-05-02,33.5,33.77,31.36,31.95,30.0157936395,3721300,0.0000,1.0
2002-05-01,32.8,33.98,31.39,33.72,31.6786404233,2438600,0.0000,1.0
2002-04-30,32.2,33.66,31.83,32.95,30.9552550992,2697000,0.0000,1.0
2002-04-29,31.57,32.5,31.35,31.82,29.8936636497,1991000,0.0000,1.0
2002-04-26,33.53,33.62,31.3,31.51,29.6024305972,3101400,0.0000,1.0
2002-04-25,32.51,33.7,32.27,33.2,31.1901204642,3492700,0.0000,1.0
2002-04-24,34.8,35.18,32.7,32.85,30.8613089533,3401000,0.0000,1.0
2002-04-23,35.8,35.83,34.52,34.68,32.5805234246,2436700,0.0000,1.0
2002-04-22,35.58,35.58,34.25,34.93,32.8153887896,2832800,0.0000,1.0
2002-04-19,36.55,37.23,35.0,35.58,33.4260387384,3088400,0.0000,1.0
2002-04-18,37.75,37.89,36.0,36.5,34.2903432814,4063500,0.0000,1.0
2002-04-17,38.75,39.28,38.26,38.9,36.5450507848,5095400,0.0000,1.0
2002-04-16,40.2,40.2,38.71,39.49,37.0993330461,4725700,0.0000,1.0
2002-04-15,36.8,38.13,36.31,37.79,35.5022485645,2636900,0.0000,1.0
2002-04-12,35.81,36.91,35.51,36.8,34.5721817193,3033200,0.0000,1.0
2002-04-11,35.45,36.5,35.3,35.7,33.5387741136,3595600,0.0000,1.0
2002-04-10,35.02,35.4,33.79,34.64,32.5429449662,5297800,0.0000,1.0
2002-04-09,36.65,37.34,34.93,35.05,32.9281241647,2654100,0.0000,1.0
2002-04-08,35.9,37.24,35.5,36.5,34.2903432814,2051000,0.0000,1.0
2002-04-05,38.65,38.72,36.79,37.0,34.7600740113,1213800,0.0000,1.0
2002-04-04,37.35,38.29,36.76,38.2,35.887427763,1653900,0.0000,1.0
2002-04-03,38.1,38.85,36.71,37.55,35.2767778142,2462300,0.0000,1.0
2002-04-02,39.0,39.01,37.81,38.26,35.9437954506,2276900,0.0000,1.0
2002-04-01,39.3,39.39,38.6,39.19,36.8174946082,2806700,0.0000,1.0
2002-03-28,39.1,39.69,39.0,39.43,37.0429653585,3163200,0.0000,1.0
2002-03-27,38.05,38.5,37.71,38.0,35.6995354711,1531900,0.0000,1.0
2002-03-26,37.38,38.48,36.88,38.05,35.746508544,1593700,0.0000,1.0
2002-03-25,38.4,38.95,37.25,37.38,35.117069366,2108200,0.0000,1.0
2002-03-22,38.52,39.15,37.76,37.98,35.6807462419,1630500,0.0000,1.0
2002-03-21,37.75,38.56,37.27,38.51,36.1786608155,2015200,0.0000,1.0
2002-03-20,37.7,38.75,37.38,37.82,35.5304324083,2419100,0.0000,1.0
2002-03-19,38.5,38.65,37.5,38.4,36.075320055,2670300,0.0000,1.0
2002-03-18,37.79,38.89,37.25,37.99,35.6901408565,2572500,0.0000,1.0
2002-03-15,37.0,37.5,36.26,37.0,34.7600740113,3113000,0.0000,1.0
2002-03-14,36.5,36.7,35.19,35.86,33.6890879472,2671100,0.0000,1.0
2002-03-13,36.49,36.75,35.7,35.7,33.5387741136,3950400,0.0000,1.0
2002-03-12,37.45,37.97,36.76,37.48,35.211015512,5130700,0.0000,1.0
2002-03-11,39.05,39.05,37.45,38.4,36.075320055,3049300,0.0000,1.0
2002-03-08,39.4,39.59,38.4,39.2,36.8268892228,4281100,0.0000,1.0
2002-03-07,39.2,39.59,38.3,39.05,36.6859700038,3255600,0.0000,1.0
2002-03-06,39.0,39.25,37.75,38.84,36.4886830973,3595600,0.0000,1.0
2002-03-05,38.7,39.7,38.5,39.09,36.7235484622,4797800,0.0000,1.0
2002-03-04,37.55,39.99,37.39,39.2,36.8268892228,5965200,0.0000,1.0
2002-03-01,34.21,37.55,34.21,37.55,35.2767778142,4624600,0.0000,1.0
2002-02-28,33.67,34.48,33.26,33.51,31.4813535167,2312400,0.0000,1.0
2002-02-27,34.45,35.23,33.41,33.71,31.6692458087,2822200,0.0000,1.0
2002-02-26,33.5,34.5,32.62,34.22,32.1483711531,2989700,0.0000,1.0
2002-02-25,31.25,33.9,31.25,33.44,31.4155912145,3387300,0.0000,1.0
2002-02-22,31.32,31.8,30.5,30.76,28.8978345024,2431100,0.0000,1.0
2002-02-21,32.9,33.2,31.31,31.31,29.4145383052,3637800,0.0000,1.0
2002-02-20,32.1,33.6,31.9,33.59,31.5565104335,4610400,0.0000,1.0
2002-02-19,32.5,32.51,31.5,31.59,29.677587514,1994200,0.0000,1.0
2002-02-15,32.76,33.25,32.26,32.7,30.7203897343,2979800,0.0000,1.0
2002-02-14,33.28,33.8,32.1,32.76,30.7767574219,2771400,0.0000,1.0
2002-02-13,31.0,33.4,30.99,33.28,31.265277381,3571800,0.0000,1.0
2002-02-12,30.25,31.29,29.7,30.86,28.9917806483,2305100,0.0000,1.0
2002-02-11,29.63,30.64,29.54,30.64,28.7850991272,2559600,0.0000,1.0
2002-02-08,28.75,29.14,28.25,28.97,27.2161984894,2318200,0.0000,1.0
2002-02-07,30.65,30.65,28.51,28.52,26.7934408325,2070100,0.0000,1.0
2002-02-06,29.8,30.42,29.04,30.22,28.3905253141,2131400,0.0000,1.0
2002-02-05,29.51,30.35,29.16,29.46,27.6765346047,1648500,0.0000,1.0
2002-02-04,31.45,31.45,29.34,29.51,27.7235076777,2926800,0.0000,1.0
2002-02-01,29.95,30.24,29.18,30.0,28.1838437929,1880600,0.0000,1.0
2002-01-31,30.25,30.5,29.5,29.86,28.0523191886,2261300,0.0000,1.0
2002-01-30,28.75,29.74,28.0,29.74,27.9395838134,3214400,0.0000,1.0
2002-01-29,29.7,29.98,28.14,28.49,26.7652569887,1781300,0.0000,1.0
2002-01-28,29.39,29.88,28.85,29.23,27.4604584689,1494500,0.0000,1.0
2002-01-25,28.35,29.15,27.92,29.05,27.2913554062,1396200,0.0000,1.0
2002-01-24,28.6,29.4,27.77,27.9,26.2109747274,2415000,0.0000,1.0
2002-01-23,27.4,29.0,27.1,28.3,26.5867593113,4738400,0.0000,1.0
2002-01-22,27.65,27.65,26.15,26.17,24.585706402,2118800,0.0000,1.0
2002-01-18,26.6,27.8,26.39,27.15,25.5063786326,4694000,0.0000,1.0
2002-01-17,28.75,28.75,26.67,27.0,25.3654594136,8616400,0.0000,1.0
2002-01-16,31.2,31.21,28.5,28.5,26.7746516033,7836200,0.0000,1.0
2002-01-15,33.15,33.9,32.83,33.5,31.4719589021,3749200,0.0000,1.0
2002-01-14,33.48,34.24,33.07,33.21,31.1995150788,2377100,0.0000,1.0
2002-01-11,33.97,34.86,33.0,33.48,31.4531696729,2708900,0.0000,1.0
2002-01-10,34.25,34.61,33.4,33.97,31.9135057882,1412600,0.0000,1.0
2002-01-09,34.99,35.65,34.28,34.65,32.5523395808,2227400,0.0000,1.0
2002-01-08,33.7,34.88,33.2,34.39,32.3080796013,1844700,0.0000,1.0
2002-01-07,34.15,34.5,33.43,34.1,32.035635778,2617800,0.0000,1.0
2002-01-04,33.7,33.98,32.4,33.78,31.7350081108,3020400,0.0000,1.0
2002-01-03,30.9,33.49,30.9,33.48,31.4531696729,4131200,0.0000,1.0
2002-01-02,30.4,30.75,29.51,30.75,28.8884398878,2559100,0.0000,1.0
2001-12-31,30.3,30.47,29.74,30.14,28.3153683973,1607000,0.0000,1.0
2001-12-28,30.02,30.72,29.99,30.3,28.4656822309,1395800,0.0000,1.0
2001-12-27,28.79,30.05,28.79,29.93,28.1180814908,1542500,0.0000,1.0
2001-12-26,28.43,29.9,28.25,28.8,27.0564900412,779300,0.0000,1.0
2001-12-24,28.95,29.19,28.2,28.2,26.4928131654,483000,0.0000,1.0
2001-12-21,28.75,29.3,28.3,29.19,27.4228800105,2553000,0.0000,1.0
2001-12-20,29.75,29.92,28.11,28.21,26.50220778,3175700,0.0000,1.0
2001-12-19,30.75,30.75,29.66,29.77,27.9677676572,2040000,0.0000,1.0
2001-12-18,30.65,31.8,30.58,31.44,29.536668295,2263500,0.0000,1.0
2001-12-17,29.53,31.29,29.45,30.62,28.766309898,1684400,0.0000,1.0
2001-12-14,28.7,29.74,28.31,29.53,27.7422969068,1882400,0.0000,1.0
2001-12-13,30.2,30.39,28.4,28.51,26.7840462179,3018100,0.0000,1.0
2001-12-12,30.97,31.56,30.01,31.2,29.3111975447,1703300,0.0000,1.0
2001-12-11,31.35,31.8,30.6,30.97,29.0951214089,1628300,0.0000,1.0
2001-12-10,31.63,32.0,30.5,30.64,28.7850991272,2263700,0.0000,1.0
2001-12-07,32.2,32.9,31.41,31.63,29.7151659724,2409600,0.0000,1.0
2001-12-06,32.0,33.0,31.62,32.55,30.5794705153,2967800,0.0000,1.0
2001-12-05,30.0,32.4,29.98,32.11,30.166107473,3264900,0.0000,1.0
2001-12-04,28.0,29.75,27.75,29.25,27.4792476981,3095200,0.0000,1.0
2001-12-03,27.86,28.49,27.05,27.45,25.7882170705,1895800,0.0000,1.0
2001-11-30,28.97,28.98,27.6,27.86,26.173396269,2666500,0.0000,1.0
2001-11-29,27.8,29.49,27.8,29.39,27.6107723025,3012000,0.0000,1.0
2001-11-28,28.75,29.2,27.79,27.79,26.1076339669,2228400,0.0000,1.0
2001-11-27,29.11,30.0,27.77,29.0,27.2443823332,2649800,0.0000,1.0
2001-11-26,26.7,30.25,26.7,29.11,27.3477230937,3766700,0.0000,1.0
2001-11-23,26.6,27.36,26.01,27.06,25.4218271012,541200,0.0000,1.0
2001-11-21,26.0,26.7,25.5,26.42,24.820571767,3342100,0.0000,1.0
2001-11-20,27.35,27.36,25.82,26.06,24.4823656415,2225300,0.0000,1.0
2001-11-19,27.47,28.05,26.94,27.8,26.1170285815,2583400,0.0000,1.0
2001-11-16,27.75,28.24,27.38,27.47,25.8070062997,2762200,0.0000,1.0
2001-11-15,27.0,28.03,26.75,27.2,25.5533517056,2170900,0.0000,1.0
2001-11-14,28.5,29.0,27.03,27.49,25.8257955289,2462600,0.0000,1.0
2001-11-13,28.1,28.7,27.0,27.9,26.2109747274,3045300,0.0000,1.0
2001-11-12,25.64,27.0,24.37,26.75,25.1305940487,2032400,0.0000,1.0
2001-11-09,25.75,26.56,25.2,25.86,24.2944733495,1911700,0.0000,1.0
2001-11-08,26.9,27.99,25.8,26.05,24.4729710269,3291000,0.0000,1.0
2001-11-07,26.0,27.16,25.42,26.2,24.6138902458,2353600,0.0000,1.0
2001-11-06,25.2,26.25,24.75,26.05,24.4729710269,2777800,0.0000,1.0
2001-11-05,26.2,26.73,25.53,25.71,24.1535541305,2934000,0.0000,1.0
2001-11-02,25.25,26.33,25.08,26.18,24.5951010166,5019800,0.0000,1.0
2001-11-01,23.95,25.25,23.36,25.0,23.4865364941,4838000,0.0000,1.0
2001-10-31,23.6,23.6,22.3,23.05,21.6545866476,4173900,0.0000,1.0
2001-10-30,22.2,22.5,21.26,21.54,20.2359998433,2346700,0.0000,1.0
2001-10-29,23.95,23.95,22.08,22.2,20.8560444068,2480000,0.0000,1.0
2001-10-26,23.3,24.6,23.1,23.79,22.3497881278,3920200,0.0000,1.0
2001-10-25,21.45,23.55,20.83,23.55,22.1243173775,6105500,0.0000,1.0
2001-10-24,19.81,21.8,19.56,21.8,20.4802598229,4816800,0.0000,1.0
2001-10-23,19.9,20.4,19.37,19.82,18.6201261325,4427400,0.0000,1.0
2001-10-22,19.01,19.96,18.61,19.89,18.6858884347,4496800,0.0000,1.0
2001-10-19,18.6,19.2,18.5,19.01,17.8591623501,8850600,0.0000,1.0
2001-10-18,21.23,21.24,19.71,20.0,18.7892291953,6998000,0.0000,1.0
2001-10-17,23.95,24.21,21.25,21.25,19.96355602,4733500,0.0000,1.0
2001-10-16,23.1,23.8,22.58,23.3,21.8894520125,2828200,0.0000,1.0
2001-10-15,22.35,23.15,22.28,22.92,21.5324566578,3057200,0.0000,1.0
2001-10-12,25.6,25.76,23.55,24.55,23.0637788372,2656100,0.0000,1.0
2001-10-11,23.3,26.4,23.3,26.06,24.4823656415,4492800,0.0000,1.0
2001-10-10,21.38,23.0,21.02,22.85,21.4666943556,2029700,0.0000,1.0
2001-10-09,22.6,22.8,21.22,21.38,20.0856860098,1450800,0.0000,1.0
2001-10-08,21.39,22.74,20.85,22.3,20.9499905528,1832900,0.0000,1.0
2001-10-05,21.56,21.95,20.15,21.4,20.104475239,1340200,0.0000,1.0
2001-10-04,21.74,22.86,21.3,21.56,20.2547890725,2755300,0.0000,1.0
2001-10-03,19.55,21.98,19.12,20.85,19.5877714361,3663000,0.0000,1.0
2001-10-02,19.6,20.53,19.05,19.5,18.3194984654,2096000,0.0000,1.0
2001-10-01,19.98,20.0,19.0,19.39,18.2161577048,1961400,0.0000,1.0
2001-09-28,19.6,20.49,19.15,19.5,18.3194984654,2640300,0.0000,1.0
2001-09-27,20.0,20.15,18.43,19.0,17.8497677355,3150200,0.0000,1.0
2001-09-26,21.4,21.68,19.57,19.65,18.4604176844,2328500,0.0000,1.0
2001-09-25,21.75,23.19,21.3,21.6,20.2923675309,1909400,0.0000,1.0
2001-09-24,21.2,22.69,20.35,21.9,20.5742059688,3194100,0.0000,1.0
2001-09-21,19.25,20.5,19.06,20.1,18.8831753413,4043800,0.0000,1.0
2001-09-20,23.6,24.0,21.0,21.17,19.8883991032,3056100,0.0000,1.0
2001-09-19,25.15,25.48,22.28,24.12,22.6598104095,2443500,0.0000,1.0
2001-09-18,25.85,26.49,24.25,24.26,22.7913350139,1573000,0.0000,1.0
2001-09-17,25.75,27.39,24.96,25.92,24.3508410371,2292200,0.0000,1.0
2001-09-10,29.0,29.59,28.0,28.58,26.8498085201,2140600,0.0000,1.0
2001-09-07,28.3,30.49,28.28,29.52,27.7329022923,1834500,0.0000,1.0
2001-09-06,29.35,29.7,28.11,28.98,27.225593104,2243100,0.0000,1.0
2001-09-05,30.51,31.65,28.85,30.27,28.4374983871,3167100,0.0000,1.0
2001-09-04,32.77,33.15,31.22,31.27,29.3769598468,1711400,0.0000,1.0
2001-08-31,32.5,33.0,31.85,32.78,30.7955466511,1730600,0.0000,1.0
2001-08-30,33.45,33.45,32.21,33.05,31.0492012452,1729900,0.0000,1.0
2001-08-29,34.4,34.57,33.4,33.53,31.5001427459,1706900,0.0000,1.0
2001-08-28,35.33,35.7,34.02,34.21,32.1389765385,2097600,0.0000,1.0
2001-08-27,35.05,36.47,34.8,35.33,33.1911733735,2770400,0.0000,1.0
2001-08-24,31.75,35.12,31.65,35.05,32.9281241647,2968400,0.0000,1.0
2001-08-23,31.39,31.99,31.1,31.26,29.3675652322,1412700,0.0000,1.0
2001-08-22,30.4,31.64,29.78,31.49,29.583641368,1986300,0.0000,1.0
2001-08-21,30.74,30.97,29.15,29.34,27.5637992295,1304400,0.0000,1.0
2001-08-20,29.9,30.82,29.71,30.74,28.8790452732,906200,0.0000,1.0
2001-08-17,30.0,30.5,29.61,30.13,28.3059737827,2269800,0.0000,1.0
2001-08-16,31.0,31.35,30.27,31.35,29.4521167636,1873500,0.0000,1.0
2001-08-15,32.16,32.7,31.21,31.32,29.4239329198,1289900,0.0000,1.0
2001-08-14,32.56,32.95,32.02,32.15,30.2036859314,1126200,0.0000,1.0
2001-08-13,32.45,32.8,31.36,32.55,30.5794705153,2104900,0.0000,1.0
2001-08-10,32.4,32.85,31.15,32.43,30.4667351402,1636000,0.0000,1.0
2001-08-09,32.25,33.4,31.75,32.5,30.5324974423,1175800,0.0000,1.0
2001-08-08,34.0,34.35,32.1,32.2,30.2506590044,1643400,0.0000,1.0
2001-08-07,33.92,34.59,33.39,34.1,32.035635778,1325700,0.0000,1.0
2001-08-06,34.39,34.95,34.08,34.64,32.5429449662,867800,0.0000,1.0
2001-08-03,35.75,35.75,34.61,34.9,32.7872049458,1042900,0.0000,1.0
2001-08-02,35.1,36.45,35.1,35.86,33.6890879472,2507300,0.0000,1.0
2001-08-01,35.3,36.25,34.82,35.1,32.9750972377,1902900,0.0000,1.0
2001-07-31,33.97,35.32,33.79,33.98,31.9229004028,1600400,0.0000,1.0
2001-07-30,33.92,34.85,32.82,33.96,31.9041111736,1214600,0.0000,1.0
2001-07-27,33.0,34.4,32.65,33.97,31.9135057882,1840500,0.0000,1.0
2001-07-26,31.25,33.1,30.34,32.9,30.9082820263,2211800,0.0000,1.0
2001-07-25,31.69,31.87,29.95,31.1,29.2172513987,2121100,0.0000,1.0
2001-07-24,32.04,32.9,31.26,31.57,29.6587982848,1561400,0.0000,1.0
2001-07-23,33.07,33.28,31.72,32.04,30.1003451709,1209500,0.0000,1.0
2001-07-20,32.55,33.39,32.25,32.9,30.9082820263,1815000,0.0000,1.0
2001-07-19,32.5,33.42,32.39,33.2,31.1901204642,1746800,0.0000,1.0
2001-07-18,31.5,32.5,31.05,31.5,29.5930359826,2498800,0.0000,1.0
2001-07-17,30.75,32.87,30.2,32.79,30.8049412657,2988800,0.0000,1.0
2001-07-16,33.95,33.99,31.0,31.2,29.3111975447,2683500,0.0000,1.0
2001-07-13,33.75,34.96,32.82,33.76,31.7162188817,1763100,0.0000,1.0
2001-07-12,32.25,34.6,32.17,34.3,32.2235280699,2242900,0.0000,1.0
2001-07-11,30.0,31.46,29.76,31.0,29.1233052527,1791700,0.0000,1.0
2001-07-10,32.5,32.99,30.2,30.43,28.5878122206,1705400,0.0000,1.0
2001-07-09,32.4,32.5,31.74,32.08,30.1379236292,2285400,0.0000,1.0
2001-07-06,34.9,34.97,32.29,32.4,30.4385512964,2224900,0.0000,1.0
2001-07-05,36.4,36.49,35.42,35.9,33.7266664055,1857500,0.0000,1.0
2001-07-03,37.12,37.45,36.18,36.99,34.7506793967,1293800,0.0000,1.0
2001-07-02,35.05,37.05,35.05,36.32,34.1212402186,1911500,0.0000,1.0
2001-06-29,35.0,37.5,33.1,35.0,32.8811510918,3294200,0.0000,1.0
2001-06-28,34.0,35.31,33.9,34.81,32.7026534144,3120400,0.0000,1.0
2001-06-27,34.05,34.45,33.02,33.5,31.4719589021,1745400,0.0000,1.0
2001-06-26,34.1,35.15,33.65,34.67,32.57112881,2023700,0.0000,1.0
2001-06-25,35.05,35.34,33.92,34.74,32.6368911122,1214300,0.0000,1.0
2001-06-22,34.9,36.06,34.52,34.9,32.7872049458,2102900,0.0000,1.0
2001-06-21,35.0,35.65,33.75,34.28,32.2047388407,3385100,0.0000,1.0
2001-06-20,36.0,36.0,34.6,35.0,32.8811510918,5495500,0.0000,1.0
2001-06-19,41.05,41.4,37.74,38.15,35.84045469,2668500,0.0000,1.0
2001-06-18,41.25,41.74,39.6,40.08,37.6536153074,2163200,0.0000,1.0
2001-06-15,39.9,41.25,39.1,40.22,37.7851399117,2057400,0.0000,1.0
2001-06-14,42.0,42.0,39.56,39.9,37.4845122446,2596600,0.0000,1.0
2001-06-13,43.96,44.93,42.01,42.3,39.739219748,3061800,0.0000,1.0
2001-06-12,42.49,44.0,40.85,43.96,41.2987257713,2495600,0.0000,1.0
2001-06-11,44.9,44.9,42.56,43.04,40.4344212283,1679900,0.0000,1.0
2001-06-08,46.0,46.9,44.89,45.09,42.3603172208,1431300,0.0000,1.0
2001-06-07,43.21,46.75,43.0,46.62,43.7976932542,2755300,0.0000,1.0
2001-06-06,43.0,43.99,41.95,43.21,40.5941296764,1711100,0.0000,1.0
2001-06-05,41.5,43.95,40.6,43.47,40.838389656,1939700,0.0000,1.0
2001-06-04,41.87,42.48,39.8,40.4,37.9542429745,1414800,0.0000,1.0
2001-06-01,40.6,42.5,39.86,41.75,39.2225159452,2216700,0.0000,1.0
2001-05-31,39.47,40.9,39.34,39.85,37.4375391716,2218200,0.0000,1.0
2001-05-30,41.0,41.01,38.9,39.48,37.0899384315,2279800,0.0000,1.0
2001-05-29,43.35,43.64,41.69,42.2,39.6452736021,2512000,0.0000,1.0
2001-05-25,44.16,45.25,44.02,44.49,41.7966403449,2532400,0.0000,1.0
2001-05-24,43.3,44.0,42.85,43.92,41.2611473129,1755900,0.0000,1.0
2001-05-23,45.0,45.04,43.27,43.4,40.7726273538,2437500,0.0000,1.0
2001-05-22,46.55,47.21,45.7,45.9,43.1212810032,2189700,0.0000,1.0
2001-05-21,42.45,47.2,42.35,47.19,44.3331862863,3151600,0.0000,1.0
2001-05-18,42.15,43.3,42.08,42.7,40.1150043319,2492400,0.0000,1.0
2001-05-17,41.45,43.2,40.9,42.94,40.3404750823,3370700,0.0000,1.0
2001-05-16,38.0,42.0,37.35,41.21,38.7152067569,3364300,0.0000,1.0
2001-05-15,37.75,39.6,37.0,38.15,35.84045469,1860300,0.0000,1.0
2001-05-14,38.5,38.59,37.13,37.52,35.2485939704,1361000,0.0000,1.0
2001-05-11,38.95,39.49,38.18,38.73,36.3853423367,2343500,0.0000,1.0
2001-05-10,40.0,40.1,38.24,38.5,36.1692662009,6019900,0.0000,1.0
2001-05-09,35.75,37.33,34.81,36.25,34.0554779165,2950700,0.0000,1.0
2001-05-08,35.9,36.09,35.05,35.94,33.7642448639,1398200,0.0000,1.0
2001-05-07,36.4,36.75,35.15,35.23,33.0972272275,2090200,0.0000,1.0
2001-05-04,35.8,36.55,35.3,35.7,33.5387741136,2663700,0.0000,1.0
2001-05-03,37.1,37.38,36.45,36.95,34.7131009383,1806000,0.0000,1.0
2001-05-02,38.95,39.2,37.75,38.14,35.8310600754,1988300,0.0000,1.0
2001-05-01,39.49,39.49,37.31,38.25,35.934400836,2921600,0.0000,1.0
2001-04-30,38.6,40.5,37.6,39.5,37.1087276607,3140300,0.0000,1.0
2001-04-27,37.6,38.58,36.75,37.54,35.2673831996,2462900,0.0000,1.0
2001-04-26,37.4,38.25,36.35,36.92,34.6849170945,3643700,0.0000,1.0
2001-04-25,35.25,37.4,34.75,36.57,34.3561055836,2505600,0.0000,1.0
2001-04-24,35.9,38.1,35.0,35.8,33.6327202596,3434800,0.0000,1.0
2001-04-23,36.78,36.78,34.76,35.22,33.0878326129,1798500,0.0000,1.0
2001-04-20,39.25,39.25,36.5,37.3,35.0419124492,3097300,0.0000,1.0
2001-04-19,35.4,38.6,35.0,38.02,35.7183247002,4832200,0.0000,1.0
2001-04-18,35.0,37.7,34.52,35.0,32.8811510918,5496400,0.0000,1.0
2001-04-17,33.5,35.26,31.9,33.3,31.2840666102,3223500,0.0000,1.0
2001-04-16,34.4,34.89,32.69,33.5,31.4719589021,1991400,0.0000,1.0
2001-04-12,32.5,35.39,31.79,34.62,32.5241557371,3708800,0.0000,1.0
2001-04-11,35.25,35.8,32.1,33.25,31.2370935372,3776500,0.0000,1.0
2001-04-10,29.0,32.3,28.23,31.76,29.8372959621,3015700,0.0000,1.0
2001-04-09,29.61,30.3,27.31,29.0,27.2443823332,2317800,0.0000,1.0
2001-04-06,30.05,31.11,28.8,29.61,27.8174538236,2992500,0.0000,1.0
2001-04-05,28.1,31.5,28.02,31.25,29.3581706176,3200000,0.0000,1.0
2001-04-04,28.5,28.9,26.25,26.75,25.1305940487,3556100,0.0000,1.0
2001-04-03,30.0,30.31,28.46,29.0,27.2443823332,3939800,0.0000,1.0
2001-04-02,33.48,33.67,28.67,29.72,27.9207945842,3638700,0.0000,1.0
2001-03-30,34.14,34.14,32.05,33.0,31.0022281722,2594200,0.0000,1.0
2001-03-29,34.97,37.0,33.26,34.39,32.3080796013,3323300,0.0000,1.0
2001-03-28,37.5,37.5,34.19,34.43,32.3456580597,2619500,0.0000,1.0
2001-03-27,36.6,39.49,36.17,37.6,35.3237508871,2805800,0.0000,1.0
2001-03-26,37.88,38.5,36.86,37.58,35.304961658,2514600,0.0000,1.0
2001-03-23,37.5,38.49,36.41,37.88,35.5868000959,3721400,0.0000,1.0
2001-03-22,33.53,36.0,32.51,36.0,33.8206125515,4301100,0.0000,1.0
2001-03-21,32.81,35.0,32.5,32.96,30.9646497138,4401600,0.0000,1.0
2001-03-20,35.1,36.0,32.73,32.81,30.8237304949,2454400,0.0000,1.0
2001-03-19,31.43,35.2,31.02,34.94,32.8247834042,2305100,0.0000,1.0
2001-03-16,32.05,33.02,31.25,31.42,29.5178790658,2247200,0.0000,1.0
2001-03-15,35.95,35.95,32.76,33.0,31.0022281722,2381000,0.0000,1.0
2001-03-14,33.25,35.3,32.05,34.75,32.6462857268,3168400,0.0000,1.0
2001-03-13,33.47,34.67,32.61,34.5,32.4114203619,2588800,0.0000,1.0
2001-03-12,33.4,34.58,31.5,32.6,30.6264435883,3721800,0.0000,1.0
2001-03-09,33.1,35.0,33.1,33.65,31.6128781211,2959800,0.0000,1.0
2001-03-08,35.76,36.8,35.26,36.01,33.8300071661,2089300,0.0000,1.0
2001-03-07,36.25,36.85,35.1,36.18,33.9897156143,2556000,0.0000,1.0
2001-03-06,37.85,38.7,36.0,36.01,33.8300071661,3017200,0.0000,1.0
2001-03-05,35.1,36.6,34.25,36.45,34.2433702084,2880400,0.0000,1.0
2001-03-02,30.0,35.0,29.95,33.16,31.1525420058,4380700,0.0000,1.0
2001-03-01,30.11,31.23,29.05,31.0,29.1233052527,4585300,0.0000,1.0
2001-02-28,33.9,33.9,30.62,31.23,29.3393813884,3067200,0.0000,1.0
2001-02-27,35.8,36.56,33.0,33.1,31.0961743182,2502000,0.0000,1.0
2001-02-26,36.15,36.35,35.0,35.82,33.6515094888,2634300,0.0000,1.0
2001-02-23,37.29,37.9,34.0,35.83,33.6609041034,3103200,0.0000,1.0
2001-02-22,38.0,38.95,36.65,37.29,35.0325178346,3204900,0.0000,1.0
2001-02-21,35.5,38.97,35.26,37.95,35.6525623981,3457800,0.0000,1.0
2001-02-20,38.85,39.25,36.14,36.84,34.6097601777,1832600,0.0000,1.0
2001-02-16,39.3,39.84,38.14,39.0,36.6389969308,2576700,0.0000,1.0
2001-02-15,40.95,43.0,39.25,41.7,39.1755428722,3222000,0.0000,1.0
2001-02-14,36.7,39.84,34.8,39.35,36.9678084417,3573100,0.0000,1.0
2001-02-13,35.6,37.06,35.1,35.13,33.0032810815,2176100,0.0000,1.0
2001-02-12,35.3,36.68,34.55,35.85,33.6796933326,2143600,0.0000,1.0
2001-02-09,35.25,35.86,34.6,35.1,32.9750972377,2089700,0.0000,1.0
2001-02-08,35.4,37.24,35.01,35.01,32.8905457064,2519700,0.0000,1.0
2001-02-07,37.9,38.85,34.75,35.0,32.8811510918,3470100,0.0000,1.0
2001-02-06,37.7,40.0,37.7,37.9,35.6055893251,1761600,0.0000,1.0
2001-02-05,38.95,38.96,37.03,37.53,35.257988585,2027300,0.0000,1.0
2001-02-02,41.0,42.22,39.26,39.38,36.9959922855,1627200,0.0000,1.0
2001-02-01,43.6,43.9,41.0,41.0,38.5179198503,2985000,0.0000,1.0
2001-01-31,43.2,44.05,42.6,43.82,41.1672011669,2983500,0.0000,1.0
2001-01-30,41.52,42.74,41.05,41.86,39.3258567057,2221600,0.0000,1.0
2001-01-29,39.35,42.0,38.89,41.52,39.0064398094,1437800,0.0000,1.0
2001-01-26,38.75,40.69,37.81,39.56,37.1650953483,2057800,0.0000,1.0
2001-01-25,40.0,40.06,38.38,38.69,36.3477638783,1589300,0.0000,1.0
2001-01-24,38.38,40.88,38.38,40.19,37.7569560679,3859800,0.0000,1.0
2001-01-23,38.19,38.44,37.19,38.12,35.8122708462,1667700,0.0000,1.0
2001-01-22,38.31,39.56,37.56,38.44,36.1128985134,2143100,0.0000,1.0
2001-01-19,39.69,40.0,38.38,39.06,36.6953646184,2783800,0.0000,1.0
2001-01-18,37.12,39.69,36.75,39.69,37.2872253381,4699100,0.0000,1.0
2001-01-17,38.5,40.0,37.44,37.75,35.4646701061,5248900,0.0000,1.0
2001-01-16,38.5,38.94,35.88,36.69,34.4688409588,3289100,0.0000,1.0
2001-01-12,41.75,42.75,39.5,40.0,37.5784583906,3403900,0.0000,1.0
2001-01-11,38.56,41.81,38.06,41.81,39.2788836328,3727700,0.0000,1.0
2001-01-10,37.25,40.5,37.06,39.44,37.0523599731,3218100,0.0000,1.0
2001-01-09,39.62,41.25,38.44,39.5,37.1087276607,3100800,0.0000,1.0
2001-01-08,36.62,39.75,34.31,39.62,37.2214630359,2311300,0.0000,1.0
2001-01-05,39.12,39.19,34.88,36.44,34.2339755938,3563300,0.0000,1.0
2001-01-04,39.5,42.62,38.62,39.38,36.9959922855,4219700,0.0000,1.0
2001-01-03,36.06,40.44,33.62,39.5,37.1087276607,4110600,0.0000,1.0
2001-01-02,37.25,38.75,35.56,37.5,35.2298047412,2056700,0.0000,1.0
2000-12-29,38.25,39.19,36.31,37.25,34.9949393762,1107600,0.0000,1.0
2000-12-28,37.62,38.81,36.81,38.31,35.9907685236,1208200,0.0000,1.0
2000-12-27,36.19,39.19,35.06,38.12,35.8122708462,1926700,0.0000,1.0
2000-12-26,36.25,36.38,34.38,35.88,33.7078771764,787400,0.0000,1.0
2000-12-22,33.06,36.31,33.06,36.0,33.8206125515,2014500,0.0000,1.0
2000-12-21,32.31,34.5,31.62,32.19,30.2412643898,1828200,0.0000,1.0
2000-12-20,33.31,34.5,31.31,32.31,30.353999765,1697900,0.0000,1.0
2000-12-19,33.88,37.75,33.69,34.75,32.6462857268,1957300,0.0000,1.0
2000-12-18,34.62,35.19,33.62,34.31,32.2329226845,1447500,0.0000,1.0
2000-12-15,34.38,35.31,32.56,34.5,32.4114203619,2206100,0.0000,1.0
2000-12-14,34.94,35.81,34.12,34.94,32.8247834042,1455600,0.0000,1.0
2000-12-13,37.81,38.88,34.88,35.0,32.8811510918,3062500,0.0000,1.0
2000-12-12,40.5,40.5,37.31,37.5,35.2298047412,2880700,0.0000,1.0
2000-12-11,37.88,41.62,36.44,40.5,38.0481891205,2784500,0.0000,1.0
2000-12-08,36.38,38.44,35.94,38.31,35.9907685236,2393100,0.0000,1.0
2000-12-07,34.94,35.44,33.5,34.94,32.8247834042,1497300,0.0000,1.0
2000-12-06,35.06,37.44,34.94,36.0,33.8206125515,2066300,0.0000,1.0
2000-12-05,32.5,36.0,32.31,36.0,33.8206125515,2413700,0.0000,1.0
2000-12-04,31.38,33.0,30.81,31.38,29.4803006074,1538400,0.0000,1.0
2000-12-01,30.06,33.25,30.06,31.5,29.5930359826,1936700,0.0000,1.0
2000-11-30,29.94,30.94,28.75,30.06,28.2402114805,2353400,0.0000,1.0
2000-11-29,30.5,31.94,29.75,31.69,29.7715336599,2943600,0.0000,1.0
2000-11-28,34.88,35.44,30.56,30.75,28.8884398878,2984600,0.0000,1.0
2000-11-27,38.94,39.31,34.12,34.5,32.4114203619,2441400,0.0000,1.0
2000-11-24,34.75,38.5,34.44,38.5,36.1692662009,1988300,0.0000,1.0
2000-11-22,33.56,36.06,32.75,33.12,31.1149635474,2333400,0.0000,1.0
2000-11-21,36.62,37.94,32.19,33.12,31.1149635474,2196400,0.0000,1.0
2000-11-20,33.56,38.25,32.94,36.56,34.346710969,2875400,0.0000,1.0
2000-11-17,33.0,34.75,32.25,33.5,31.4719589021,1389800,0.0000,1.0
2000-11-16,34.88,35.12,33.31,33.44,31.4155912145,1339000,0.0000,1.0
2000-11-15,35.12,36.19,34.44,35.75,33.5857471866,2380200,0.0000,1.0
2000-11-14,34.19,35.38,33.31,35.12,32.9938864669,2695400,0.0000,1.0
2000-11-13,28.62,34.38,28.5,33.88,31.8289542568,3834700,0.0000,1.0
2000-11-10,28.62,29.81,28.44,29.0,27.2443823332,2041700,0.0000,1.0
2000-11-09,28.62,30.56,28.19,29.94,28.1274761054,1957300,0.0000,1.0
2000-11-08,31.5,31.56,29.44,29.44,27.6577453755,1538900,0.0000,1.0
2000-11-07,32.5,32.62,30.88,31.12,29.2360406279,2196300,0.0000,1.0
2000-11-06,32.25,32.94,32.0,32.5,30.5324974423,1469900,0.0000,1.0
2000-11-03,33.0,33.0,31.56,32.12,30.1755020876,2400400,0.0000,1.0
2000-11-02,33.0,34.0,32.38,32.69,30.7109951197,2872800,0.0000,1.0
2000-11-01,30.0,32.31,29.56,31.0,29.1233052527,2290900,0.0000,1.0
2000-10-31,30.0,32.5,29.62,31.25,29.3581706176,4686300,0.0000,1.0
2000-10-30,28.0,30.12,27.31,29.06,27.3007500208,3065800,0.0000,1.0
2000-10-27,30.25,30.31,27.31,28.06,26.361288561,4171300,0.0000,1.0
2000-10-26,29.5,31.0,28.06,31.0,29.1233052527,3314800,0.0000,1.0
2000-10-25,28.88,28.94,27.19,27.75,26.0700555085,2813300,0.0000,1.0
2000-10-24,30.0,30.44,29.0,29.25,27.4792476981,3245000,0.0000,1.0
2000-10-23,28.31,31.0,28.12,30.5,28.6535745228,4225000,0.0000,1.0
2000-10-20,28.0,28.81,27.31,28.19,26.4834185508,4676500,0.0000,1.0
2000-10-19,26.12,28.12,25.12,27.5,25.8351901435,6010600,0.0000,1.0
2000-10-18,24.25,26.5,23.19,24.31,22.8383080869,6602500,0.0000,1.0
2000-10-17,32.0,32.0,23.0,25.0,23.4865364941,14557000,0.0000,1.0
2000-10-16,36.75,36.75,33.94,34.44,32.3550526743,3829700,0.0000,1.0
2000-10-13,32.81,37.5,32.25,37.44,35.1734370536,5487000,0.0000,1.0
2000-10-12,34.25,35.0,31.31,32.38,30.4197620672,3612900,0.0000,1.0
2000-10-11,30.88,34.69,30.38,32.69,30.7109951197,3929400,0.0000,1.0
2000-10-10,32.0,33.12,30.31,31.31,29.4145383052,2591600,0.0000,1.0
2000-10-09,33.94,34.12,31.25,32.69,30.7109951197,2380400,0.0000,1.0
2000-10-06,32.62,33.69,31.06,33.19,31.1807258496,3366700,0.0000,1.0
2000-10-05,33.75,33.88,32.19,32.88,30.8894927971,3499100,0.0000,1.0
2000-10-04,32.81,34.44,31.38,34.0,31.941689632,6801300,0.0000,1.0
2000-10-03,34.5,34.5,32.19,32.56,30.5888651299,4361300,0.0000,1.0
2000-10-02,35.5,36.12,33.12,33.5,31.4719589021,2570400,0.0000,1.0
2000-09-29,37.0,37.56,34.94,35.0,32.8811510918,3765800,0.0000,1.0
2000-09-28,36.88,39.44,36.5,38.25,35.934400836,3297000,0.0000,1.0
2000-09-27,39.5,39.75,36.12,37.19,34.9385716886,3185600,0.0000,1.0
2000-09-26,38.44,40.56,38.06,38.69,36.3477638783,2518000,0.0000,1.0
2000-09-25,39.5,40.69,39.0,39.0,36.6389969308,3623800,0.0000,1.0
2000-09-22,38.0,40.0,37.62,39.0,36.6389969308,6198600,0.0000,1.0
2000-09-21,42.0,43.31,36.0,36.5,34.2903432814,10066700,0.0000,1.0
2000-09-20,51.19,51.5,48.31,49.22,46.2402930496,2794300,0.0000,1.0
2000-09-19,48.75,51.75,48.56,51.25,48.1473998129,2783300,0.0000,1.0
2000-09-18,48.5,50.94,47.5,47.88,44.9814146935,3390000,0.0000,1.0
2000-09-15,50.94,51.88,48.44,51.88,48.7392605326,2983500,0.0000,1.0
2000-09-14,52.38,53.69,51.0,51.5,48.3822651779,2005700,0.0000,1.0
2000-09-13,51.31,52.0,50.0,51.44,48.3258974903,4241900,0.0000,1.0
2000-09-12,57.0,57.0,53.19,53.56,50.317555785,2176600,0.0000,1.0
2000-09-11,57.19,59.94,55.75,57.19,53.7278008839,2242600,0.0000,1.0
2000-09-08,59.94,60.0,56.75,57.0,53.5493032066,2913100,0.0000,1.0
2000-09-07,59.38,62.25,59.0,61.88,58.1338751302,2260400,0.0000,1.0
2000-09-06,62.5,62.5,59.12,59.31,55.7194591786,2326000,0.0000,1.0
2000-09-05,65.62,65.62,63.19,63.75,59.89066806,903800,0.0000,1.0
2000-09-01,65.44,65.56,63.5,63.94,60.0691657373,1108800,0.0000,1.0
2000-08-31,64.81,65.38,64.0,64.83,60.9052864365,1851900,0.0000,1.0
2000-08-30,67.5,67.81,64.0,64.44,60.5388964672,1456100,0.0000,1.0
2000-08-29,67.38,68.0,67.06,67.44,63.3572808465,814300,0.0000,1.0
2000-08-28,68.31,69.0,67.0,67.31,63.2351508568,1117300,0.0000,1.0
2000-08-25,69.0,69.38,67.06,68.06,63.9397469516,750700,0.0000,1.0
2000-08-24,70.0,70.0,68.5,69.12,64.9355760989,1701000,0.0000,1.0
2000-08-23,64.0,67.62,63.75,67.25,63.1787831692,1910200,0.0000,1.0
2000-08-22,64.06,64.44,62.56,63.56,59.7121703826,1825800,0.0000,1.0
2000-08-21,68.19,68.19,63.0,64.31,60.4167664775,2296700,0.0000,1.0
2000-08-18,67.25,69.06,66.31,66.88,62.8311824291,3184900,0.0000,1.0
2000-08-17,60.25,64.5,59.5,63.31,59.4773050177,3377100,0.0000,1.0
2000-08-16,60.25,62.94,59.38,59.81,56.1891899085,2821000,0.0000,1.0
2000-08-15,58.69,60.44,57.69,58.88,55.3154907509,3839700,0.0000,1.0
2000-08-14,53.81,57.94,53.0,57.56,54.075401624,2231900,0.0000,1.0
2000-08-11,52.88,54.75,51.56,53.81,50.5524211499,1591700,0.0000,1.0
2000-08-10,51.5,53.88,50.88,52.88,49.6787219924,2534100,0.0000,1.0
2000-08-09,53.56,53.75,51.25,51.5,48.3822651779,2070900,0.0000,1.0
2000-08-08,54.88,55.5,51.31,52.19,49.0304935851,2261200,0.0000,1.0
2000-08-07,51.94,55.62,51.5,54.88,51.5576449119,2597500,0.0000,1.0
2000-08-04,55.0,55.12,48.88,51.31,48.2037675005,5536400,0.0000,1.0
2000-08-03,47.5,54.38,45.94,53.62,50.3739234726,11093800,0.0000,1.0
2000-08-02,60.0,63.19,58.75,59.19,55.6067238035,1581700,0.0000,1.0
2000-08-01,62.88,62.88,60.5,61.0,57.3071490456,1856400,0.0000,1.0
2000-07-31,59.88,63.88,59.75,63.0,59.1860719652,2636900,0.0000,1.0
2000-07-28,58.0,61.0,56.0,59.88,56.2549522107,3074300,0.0000,1.0
2000-07-27,61.12,61.75,55.56,55.75,52.3749763819,3489100,0.0000,1.0
2000-07-26,61.38,63.38,60.12,61.0,57.3071490456,2727300,0.0000,1.0
2000-07-25,66.5,66.81,62.5,64.31,60.4167664775,2761900,0.0000,1.0
2000-07-24,68.81,69.62,64.12,65.75,61.7695909795,2468700,0.0000,1.0
2000-07-21,69.5,70.06,68.38,68.75,64.5879753588,2169300,0.0000,1.0
2000-07-20,70.0,72.88,69.06,70.5,66.2320329134,3983200,0.0000,1.0
2000-07-19,69.0,70.75,67.31,70.75,66.4668982783,7057300,0.0000,1.0
2000-07-18,76.06,76.38,67.5,68.0,63.883379264,3903000,0.0000,1.0
2000-07-17,75.5,79.0,74.56,79.0,74.2174553214,2637400,0.0000,1.0
2000-07-14,72.56,75.5,72.38,75.31,70.7508425349,3423900,0.0000,1.0
2000-07-13,73.62,74.5,68.25,72.25,67.876090468,5574900,0.0000,1.0
2000-07-12,76.38,78.0,72.31,73.0,68.5806865628,4130200,0.0000,1.0
2000-07-11,79.31,79.81,74.81,75.94,71.3427032545,1760300,0.0000,1.0
2000-07-10,78.25,80.81,77.62,79.25,74.4523206863,1359000,0.0000,1.0
2000-07-07,77.5,81.0,76.38,78.0,73.2779938616,2111400,0.0000,1.0
2000-07-06,73.38,75.75,72.44,75.69,71.1078378896,2187200,0.0000,1.0
2000-07-05,74.25,75.12,71.0,73.12,68.693421938,2305500,0.0000,1.0
2000-07-03,74.25,77.81,73.56,77.56,72.8646308193,931400,0.0000,1.0
2000-06-30,76.5,78.75,73.41,73.5,69.0504172927,2474600,0.0000,1.0
2000-06-29,77.0,77.69,73.75,75.0,70.4596094823,1803600,0.0000,1.0
2000-06-28,76.25,79.44,75.31,77.31,72.6297654544,1963800,0.0000,1.0
2000-06-27,78.38,80.69,73.19,76.0,71.3990709421,3047500,0.0000,1.0
2000-06-26,81.12,84.31,76.62,79.25,74.4523206863,1966900,0.0000,1.0
2000-06-23,81.25,82.44,79.62,81.0,76.0963782409,1541200,0.0000,1.0
2000-06-22,80.0,83.88,79.38,81.0,76.0963782409,2832000,0.0000,1.0
2000-06-21,80.0,81.94,78.88,79.25,74.4523206863,2149000,0.0000,1.0
2000-06-20,82.56,85.44,80.12,81.88,76.9231043255,2435400,0.0000,1.0
2000-06-19,81.5,83.94,78.31,83.38,78.3322965152,3853900,0.0000,1.0
2000-06-16,87.5,87.94,79.88,80.75,75.861512876,3372100,0.0000,1.0
2000-06-15,85.5,87.5,84.12,87.0,81.7331469995,1800300,0.0000,1.0
2000-06-14,88.0,88.88,84.81,84.88,79.7414887048,2611000,0.0000,1.0
2000-06-13,87.75,88.69,83.75,87.12,81.8458823747,2008500,0.0000,1.0
2000-06-12,93.12,93.12,87.0,87.5,82.2028777294,1376900,0.0000,1.0
2000-06-09,94.31,95.5,90.69,91.25,85.7258582035,1283100,0.0000,1.0
2000-06-08,96.62,98.0,91.56,93.62,87.9523818632,1353900,0.0000,1.0
2000-06-07,92.25,95.06,90.62,94.94,89.19247099,1508200,0.0000,1.0
2000-06-06,96.31,98.69,91.25,92.0,86.4304542983,1820800,0.0000,1.0
2000-06-05,99.19,102.5,94.62,96.0,90.1883001374,2083200,0.0000,1.0
2000-06-02,98.75,101.0,96.5,99.28,93.2697337254,2866000,0.0000,1.0
2000-06-01,86.62,92.0,86.62,90.56,85.0776297963,2172000,0.0000,1.0
2000-05-31,85.12,88.19,84.75,86.0,80.7936855398,3308400,0.0000,1.0
2000-05-30,75.69,84.81,75.69,84.56,79.4408610377,2445500,0.0000,1.0
2000-05-26,74.44,76.5,71.0,72.75,68.3458211979,1521800,0.0000,1.0
2000-05-25,71.5,78.06,71.25,74.12,69.6328833978,4950200,0.0000,1.0
2000-05-24,74.0,74.5,65.0,70.5,66.2320329134,6567300,0.0000,1.0
2000-05-23,82.0,82.0,74.38,75.25,70.6944748473,5671200,0.0000,1.0
2000-05-22,83.94,84.94,76.56,84.5,79.3844933501,2632600,0.0000,1.0
2000-05-19,90.56,90.56,83.12,84.75,79.619358715,2217500,0.0000,1.0
2000-05-18,91.5,92.44,89.62,90.75,85.2561274736,2049900,0.0000,1.0
2000-05-17,89.0,92.25,87.56,91.5,85.9607235685,2190100,0.0000,1.0
2000-05-16,89.62,91.38,86.56,89.25,83.846935284,2311200,0.0000,1.0
2000-05-15,87.69,89.44,82.44,86.94,81.6767793119,2004100,0.0000,1.0
2000-05-12,84.44,91.94,84.12,87.94,82.6162407717,2319000,0.0000,1.0
2000-05-11,84.06,85.31,80.25,83.0,77.9753011605,3290400,0.0000,1.0
2000-05-10,90.25,90.25,82.38,84.0,78.9147626202,3757800,0.0000,1.0
2000-05-09,101.44,103.88,93.5,93.75,88.0745118529,2436300,0.0000,1.0
2000-05-08,108.38,109.62,101.19,101.44,95.2989704785,1505100,0.0000,1.0
2000-05-05,106.0,109.75,104.5,108.62,102.04430376,2128700,0.0000,1.0
2000-05-04,101.75,105.94,100.25,104.94,98.5870855877,2134900,0.0000,1.0
2000-05-03,107.56,107.56,97.25,100.19,94.1246436538,2521600,0.0000,1.0
2000-05-02,108.5,114.69,107.88,108.0,101.461837655,2161500,0.0000,1.0
2000-05-01,110.06,115.44,109.0,109.31,102.692532167,2287800,0.0000,1.0
2000-04-28,109.31,112.0,108.12,110.0,103.340760574,1739800,0.0000,1.0
2000-04-27,100.62,110.62,100.12,107.94,101.405469967,2375800,0.0000,1.0
2000-04-26,103.44,107.0,101.06,102.19,96.0035665733,2680900,0.0000,1.0
2000-04-25,95.0,107.0,95.0,103.38,97.1215257105,2989700,0.0000,1.0
2000-04-24,94.62,94.75,87.0,92.5,86.9001850282,2358700,0.0000,1.0
2000-04-20,93.12,99.44,90.69,96.31,90.4795331899,2861200,0.0000,1.0
2000-04-19,98.5,102.0,92.0,92.12,86.5431896735,5119200,0.0000,1.0
2000-04-18,87.25,94.0,83.75,91.94,86.3740866108,1935000,0.0000,1.0
2000-04-17,73.5,87.38,73.5,87.25,81.9680123645,2273500,0.0000,1.0
2000-04-14,83.5,85.38,73.06,75.44,70.8729725246,2948200,0.0000,1.0
2000-04-13,84.62,93.0,82.0,83.38,78.3322965152,2702900,0.0000,1.0
2000-04-12,92.44,94.5,84.25,84.44,79.3281256625,2065600,0.0000,1.0
2000-04-11,92.31,93.44,89.5,92.19,86.6089519757,3048500,0.0000,1.0
2000-04-10,98.81,99.56,92.56,94.12,88.422112593,2269500,0.0000,1.0
2000-04-07,98.0,98.94,94.38,98.0,92.0672230569,2408100,0.0000,1.0
2000-04-06,90.0,96.88,89.5,96.25,90.4231655023,3726800,0.0000,1.0
2000-04-05,79.0,89.12,77.25,87.0,81.7331469995,2699600,0.0000,1.0
2000-04-04,76.0,82.38,69.94,80.94,76.0400105533,3298300,0.0000,1.0
2000-04-03,82.0,82.0,72.38,74.12,69.6328833978,2758700,0.0000,1.0
2000-03-31,81.25,82.81,76.06,82.0,77.0358397007,1766700,0.0000,1.0
2000-03-30,83.81,85.19,77.12,79.75,74.9220514162,1510900,0.0000,1.0
2000-03-29,87.12,87.31,80.25,83.75,78.6798972553,1911600,0.0000,1.0
2000-03-28,91.0,91.0,86.38,86.44,81.2070485821,1042800,0.0000,1.0
2000-03-27,91.44,94.94,88.25,89.12,83.7248052942,1290900,0.0000,1.0
2000-03-24,89.94,94.75,88.25,91.69,86.1392212458,1557600,0.0000,1.0
2000-03-23,89.94,90.0,87.38,88.19,82.8511061366,1063400,0.0000,1.0
2000-03-22,83.25,90.0,83.25,90.0,84.5515313788,1980900,0.0000,1.0
2000-03-21,87.62,87.62,81.0,83.0,77.9753011605,2103400,0.0000,1.0
2000-03-20,80.19,86.75,80.19,84.75,79.619358715,2033100,0.0000,1.0
2000-03-17,76.75,86.0,76.56,83.0,77.9753011605,2397900,0.0000,1.0
2000-03-16,78.0,78.69,71.5,76.0,71.3990709421,3301100,0.0000,1.0
2000-03-15,81.56,81.56,74.75,74.75,70.2247441174,2123500,0.0000,1.0
2000-03-14,90.5,93.44,81.56,81.56,76.6224766584,1918700,0.0000,1.0
2000-03-13,87.62,89.0,85.81,89.0,83.612069919,1506600,0.0000,1.0
2000-03-10,83.5,90.81,83.38,89.56,84.1381683365,2812800,0.0000,1.0
2000-03-09,82.12,84.5,80.62,82.75,77.7404357955,2270200,0.0000,1.0
2000-03-08,87.0,87.0,80.69,82.12,77.1485750759,1906100,0.0000,1.0
2000-03-07,87.19,89.88,85.88,87.0,81.7331469995,1380500,0.0000,1.0
2000-03-06,88.44,90.25,87.0,87.19,81.9116446769,1224500,0.0000,1.0
2000-03-03,83.94,89.19,83.94,88.44,83.0859715016,1293700,0.0000,1.0
2000-03-02,89.69,90.94,83.25,83.94,78.8583949326,2166900,0.0000,1.0
2000-03-01,87.0,89.69,87.0,89.5,84.0818006489,1443000,0.0000,1.0
2000-02-29,85.5,89.0,84.88,87.0,81.7331469995,1461200,0.0000,1.0
2000-02-28,84.75,85.25,79.38,84.94,79.7978563924,1858700,0.0000,1.0
2000-02-25,85.0,89.5,84.12,84.88,79.7414887048,1878900,0.0000,1.0
2000-02-24,81.88,86.0,81.75,86.0,80.7936855398,1698100,0.0000,1.0
2000-02-23,84.75,85.12,79.62,80.94,76.0400105533,2520300,0.0000,1.0
2000-02-22,77.56,84.5,77.0,83.25,78.2101665254,2110400,0.0000,1.0
2000-02-18,80.5,80.56,76.62,77.5,72.8082631318,884200,0.0000,1.0
2000-02-17,79.25,81.31,77.25,80.62,75.7393828862,1112800,0.0000,1.0
2000-02-16,79.5,80.94,79.06,80.0,75.1569167812,1135300,0.0000,1.0
2000-02-15,77.19,78.5,75.88,78.5,73.7477245915,1146900,0.0000,1.0
2000-02-14,76.19,77.94,75.0,77.31,72.6297654544,1042400,0.0000,1.0
2000-02-11,80.0,80.0,75.06,75.38,70.8166048371,1251700,0.0000,1.0
2000-02-10,76.0,79.25,75.75,78.94,74.1610876338,1321300,0.0000,1.0
2000-02-09,77.75,79.56,74.69,75.0,70.4596094823,1990400,0.0000,1.0
2000-02-08,76.69,77.62,73.75,77.5,72.8082631318,1391800,0.0000,1.0
2000-02-07,73.0,77.44,72.56,76.94,72.2821647143,1175500,0.0000,1.0
2000-02-04,75.0,75.44,72.62,72.75,68.3458211979,1189800,0.0000,1.0
2000-02-03,71.56,75.62,71.12,75.25,70.6944748473,1477600,0.0000,1.0
2000-02-02,70.19,72.75,69.94,71.81,67.4627274257,1913500,0.0000,1.0
2000-02-01,64.75,70.62,63.62,70.19,65.9407998609,2122700,0.0000,1.0
2000-01-31,64.25,65.44,62.5,64.75,60.8301295198,1457700,0.0000,1.0
2000-01-28,68.5,68.56,62.75,62.88,59.07333659,1414700,0.0000,1.0
2000-01-27,70.06,71.0,67.88,68.62,64.465845369,1601800,0.0000,1.0
2000-01-26,71.81,71.88,67.0,69.44,65.2362037661,1358600,0.0000,1.0
2000-01-25,71.0,72.38,67.31,72.06,67.6975927906,1786600,0.0000,1.0
2000-01-24,72.38,74.44,70.69,71.31,66.9929966958,1412500,0.0000,1.0
2000-01-21,75.25,75.25,71.19,72.38,67.9982204578,2060100,0.0000,1.0
2000-01-20,77.0,78.06,74.0,74.31,69.8113810751,3571000,0.0000,1.0
2000-01-19,75.88,78.25,74.5,77.25,72.5733977668,3629200,0.0000,1.0
2000-01-18,68.31,72.38,67.81,69.69,65.471069131,1533900,0.0000,1.0
2000-01-14,64.5,72.25,64.5,68.0,63.883379264,3204300,0.0000,1.0
2000-01-13,61.12,61.69,59.5,60.75,57.0722836807,1474900,0.0000,1.0
2000-01-12,58.81,62.38,57.75,61.06,57.3635167332,1405400,0.0000,1.0
2000-01-11,61.81,63.25,59.44,60.12,56.480422961,1933400,0.0000,1.0
2000-01-10,58.25,63.38,58.25,61.94,58.1902428178,1109800,0.0000,1.0
2000-01-07,55.75,57.12,54.88,56.94,53.492935519,809200,0.0000,1.0
2000-01-06,58.0,58.44,55.25,55.75,52.3749763819,964700,0.0000,1.0
2000-01-05,59.88,60.38,56.25,58.62,55.0712307714,1855800,0.0000,1.0
2000-01-04,60.25,61.25,59.5,59.94,56.3113198983,1611800,0.0000,1.0
2000-01-03,65.06,65.44,60.12,61.81,58.068112828,1353500,0.0000,1.0
1999-12-31,59.25,66.0,59.25,66.0,62.0044563445,1193500,0.0000,1.0
1999-12-30,59.5,59.62,58.75,58.75,55.1933607612,491600,0.0000,1.0
1999-12-29,59.25,60.19,58.75,59.44,55.8415891684,558200,0.0000,1.0
1999-12-28,57.62,59.62,56.69,59.38,55.7852214808,519100,0.0000,1.0
1999-12-27,57.0,58.25,56.75,57.44,53.9626662489,620900,0.0000,1.0
1999-12-23,57.75,58.69,55.75,57.12,53.6620385818,1339100,0.0000,1.0
1999-12-22,59.31,60.12,56.12,57.5,54.0190339365,1931700,0.0000,1.0
1999-12-21,55.25,60.25,54.19,60.25,56.6025529508,2640100,0.0000,1.0
1999-12-20,50.44,53.25,50.19,53.0,49.7914573675,1461400,0.0000,1.0
1999-12-17,50.25,50.44,48.31,49.19,46.2121092058,1349800,0.0000,1.0
1999-12-16,49.0,49.44,47.38,49.31,46.324844581,1430200,0.0000,1.0
1999-12-15,42.62,46.44,42.62,46.12,43.3279625243,2402900,0.0000,1.0
1999-12-14,46.19,46.94,41.62,42.62,40.0398474152,2381600,0.0000,1.0
1999-12-13,47.88,49.12,45.88,46.25,43.4500925141,1256100,0.0000,1.0
1999-12-10,50.06,50.06,47.25,47.75,44.8592847038,1187500,0.0000,1.0
1999-12-09,52.75,52.88,47.44,49.06,46.0899792161,1687600,0.0000,1.0
1999-12-08,52.0,53.12,50.56,51.88,48.7392605326,1876500,0.0000,1.0
1999-12-07,55.0,55.0,51.94,53.88,50.6181834521,1688500,0.0000,1.0
1999-12-06,50.12,56.0,49.88,55.69,52.3186086943,2047100,0.0000,1.0
1999-12-03,50.0,50.56,48.88,50.06,47.0294406758,1808600,0.0000,1.0
1999-12-02,46.94,49.0,46.56,49.0,46.0336115285,1525000,0.0000,1.0
1999-12-01,43.81,45.31,43.75,44.38,41.6932995844,879300,0.0000,1.0
1999-11-30,42.38,44.44,42.06,43.56,40.9229411873,1277900,0.0000,1.0
1999-11-29,44.75,45.31,43.0,43.69,41.0450711771,1084700,0.0000,1.0
1999-11-26,44.88,46.25,44.69,44.94,42.2193980018,359500,0.0000,1.0
1999-11-24,45.5,45.81,44.69,45.0,42.2757656894,1112600,0.0000,1.0
1999-11-23,46.25,47.56,45.06,45.69,42.9239940966,2022600,0.0000,1.0
1999-11-22,48.0,48.12,46.31,46.44,43.6285901915,1258800,0.0000,1.0
1999-11-19,48.5,50.0,48.0,48.5,45.5638807986,1849600,0.0000,1.0
1999-11-18,47.81,48.44,46.5,47.31,44.4459216615,2031200,0.0000,1.0
1999-11-17,50.19,50.69,47.44,48.0,45.0941500687,2314200,0.0000,1.0
1999-11-16,48.38,49.69,47.75,48.56,45.6202484862,2241700,0.0000,1.0
1999-11-15,48.56,48.88,47.75,48.38,45.4511454234,2566400,0.0000,1.0
1999-11-12,48.06,49.06,46.0,48.56,45.6202484862,10842000,0.0000,1.0
1999-11-11,46.44,48.69,46.38,48.06,45.1505177563,2272500,0.0000,1.0
1999-11-10,43.44,45.94,43.38,45.81,43.0367294718,1736300,0.0000,1.0
1999-11-09,43.94,44.5,43.19,43.44,40.8102058122,2400800,0.0000,1.0
1999-11-08,42.25,43.0,41.0,41.12,38.6306552255,782000,0.0000,1.0
1999-11-05,40.94,42.5,40.69,42.5,39.92711204,1988600,0.0000,1.0
1999-11-04,40.12,40.44,38.62,39.81,37.3999607132,1611200,0.0000,1.0
1999-11-03,41.0,41.56,39.75,40.06,37.6348260782,1696000,0.0000,1.0
1999-11-02,38.0,40.44,37.56,39.94,37.522090703,2178800,0.0000,1.0
1999-11-01,38.88,39.75,37.88,38.06,35.7559031586,1912800,0.0000,1.0
